1 2
1 702
2 7
3 14
3 24
4 5
4 260
5 6
6 7
8 1635
9 1539
10 1539
10 1540
11 81
12 1553
13 468
13 1666
14 617
15 701
15 702
16 17
16 701
18 704
19 703
19 704
20 21
20 703
20 705
21 22
23 27
23 705
24 25
24 708
25 27
25 29
25 707
27 708
27 709
28 30
28 707
29 30
30 31
30 35
31 709
31 711
32 33
32 709
33 34
33 36
33 711
33 712
34 36
35 713
36 37
37 38
37 257
37 711
38 1588
39 40
39 713
39 1584
40 1585
40 1586
41 1589
41 1590
42 1590
43 257
43 1589
43 1590
44 1630
45 724
46 722
46 725
47 48
47 49
47 156
47 733
47 734
47 1628
50 72
50 733
50 736
50 1058
51 727
51 740
51 741
52 743
53 307
53 744
53 746
54 56
54 59
54 60
54 746
55 744
55 745
56 743
56 749
57 59
57 60
57 727
57 752
57 753
58 727
58 751
59 754
60 755
61 730
61 756
62 746
62 750
62 759
63 64
63 75
63 762
63 763
63 766
63 768
63 779
64 66
64 767
64 769
65 69
65 766
67 68
67 764
67 779
69 70
69 774
69 776
69 777
70 204
70 776
71 777
72 732
74 729
74 736
74 779
75 1063
76 778
76 1060
77 321
77 1064
78 1540
79 1529
79 1530
79 1538
80 81
81 1545
82 1545
83 84
83 87
83 1648
85 86
85 1544
85 1546
87 1544
87 1545
88 99
89 90
89 209
89 1551
90 91
91 92
91 93
93 94
93 137
94 97
94 1561
95 96
96 1554
96 1557
97 108
97 210
98 99
99 102
100 101
100 1543
100 1550
100 1552
101 104
101 1549
102 103
102 1552
102 1554
103 104
104 105
105 106
106 107
107 1660
108 109
108 138
108 1573
109 124
109 1555
109 1563
110 1560
110 1573
110 1574
111 1562
111 1574
112 113
112 1562
113 250
114 1566
114 1572
115 1571
116 117
117 118
117 119
117 1572
119 211
119 1662
120 128
120 129
120 134
120 1575
120 1576
121 122
121 1565
121 1581
123 124
124 1559
125 1570
125 1578
126 127
126 1563
126 1567
127 130
127 1567
127 1568
128 191
128 1577
129 1569
129 1570
130 131
130 1565
130 1568
131 132
132 1568
133 140
134 1579
135 338
135 1578
136 1559
136 1581
137 1556
137 1557
138 1563
139 1568
139 1569
139 1570
140 1087
140 1578
141 142
141 143
141 1524
142 1531
143 1614
144 145
144 1521
145 147
145 300
145 1531
145 1605
147 1614
147 1616
148 149
148 1616
149 290
150 1631
151 1624
151 1629
152 1629
152 1630
153 1628
153 1632
154 155
154 321
154 1634
156 318
157 778
157 1638
158 159
158 160
158 171
158 1640
160 161
160 162
162 163
162 164
164 165
164 166
164 172
165 174
166 167
166 168
168 169
169 170
169 171
171 196
171 202
172 173
173 182
174 176
175 176
176 177
177 179
177 190
178 179
178 180
179 181
179 183
182 192
183 184
183 187
184 185
184 186
187 1643
188 189
188 208
189 191
190 191
191 192
191 195
192 193
193 194
193 203
193 1647
196 197
196 199
197 198
197 200
198 201
198 203
203 204
203 205
205 206
205 207
207 715
208 210
209 1644
209 1646
210 1644
211 212
211 1089
213 214
213 462
213 1648
213 1652
213 1667
214 215
214 1651
216 1648
216 1651
217 1653
217 1658
218 219
218 1658
220 221
220 444
220 1658
221 488
222 223
222 224
222 1656
226 499
226 505
226 1657
227 228
227 475
227 1656
229 1652
229 1653
230 231
230 238
231 232
232 233
233 1547
234 1649
235 1649
235 1660
236 254
236 1653
238 1546
238 1650
239 1651
240 1657
240 1659
240 1686
242 1657
243 244
243 1663
244 245
244 1664
245 246
246 1662
247 248
247 1554
248 1558
248 1661
249 250
249 1661
250 251
251 252
252 253
252 1662
254 255
254 1662
255 256
256 324
257 258
257 259
257 1587
259 260
259 1591
259 1592
261 262
261 1588
261 1591
263 264
263 1600
264 265
264 286
264 1596
266 267
266 268
266 1586
267 271
268 269
268 271
268 275
268 276
269 270
269 271
269 272
272 274
274 287
275 1598
276 277
276 1597
277 278
277 279
277 282
278 1592
279 280
279 281
280 285
281 284
282 283
282 1598
284 301
285 289
285 1600
286 1599
286 1600
287 288
287 1601
287 1602
288 398
289 290
289 301
289 1604
290 291
292 293
292 294
292 301
294 298
294 1598
294 1606
295 303
296 298
296 299
297 1606
297 1607
299 300
299 1068
300 303
302 400
302 1603
303 1604
304 306
304 1610
304 1612
306 307
306 1610
306 1611
308 309
308 1608
308 1616
309 1613
310 311
310 1622
311 312
311 1617
314 1618
314 1621
315 316
315 1624
315 1625
316 317
316 318
317 319
317 1623
319 1625
320 1061
320 1626
321 1064
321 1626
321 1627
323 1626
324 447
324 450
325 450
325 1083
325 1084
326 327
326 343
326 451
326 1077
326 1085
326 1087
328 1084
329 1078
329 1080
330 1080
331 340
332 1081
333 1078
334 345
334 346
334 1086
335 345
335 1087
336 345
337 338
337 1087
337 1088
339 1076
340 341
340 1510
341 420
341 1091
342 767
342 1093
342 1528
343 344
343 1079
344 1081
346 1094
347 775
347 1094
347 1579
348 367
348 1092
348 1100
349 350
349 356
349 369
350 352
351 352
351 357
351 368
351 1100
354 355
354 368
354 1525
354 1526
355 1102
356 1100
357 358
358 363
358 1099
358 1100
358 1516
359 1100
359 1516
360 1099
361 363
362 1099
362 1509
363 1099
364 365
364 366
364 1095
366 385
366 407
366 1095
369 1100
369 1526
370 1098
370 1107
370 1109
371 1517
372 373
372 750
372 1518
373 1514
374 1514
375 1106
375 1514
376 377
376 378
377 380
377 1099
378 379
378 1099
378 1519
380 381
380 382
380 1520
381 383
381 1097
383 384
384 385
384 386
384 1107
386 1096
387 417
387 1107
388 622
388 1748
388 1751
389 632
389 1750
390 634
390 1753
391 392
391 393
392 1755
393 1754
394 395
394 1710
394 1759
395 1757
396 1752
396 1759
397 398
397 399
397 1719
398 399
398 1760
400 1760
401 402
401 1762
401 1764
403 1761
403 1763
403 1766
404 413
404 1769
404 1770
405 1066
405 1769
405 1773
406 437
407 408
407 1770
409 414
409 415
410 411
410 415
411 1077
411 1512
412 414
412 422
412 423
412 425
412 1773
413 418
414 1770
415 1770
416 1069
417 418
417 1070
418 419
420 421
421 1079
422 424
422 1773
423 1077
424 426
424 430
425 431
426 427
426 429
426 432
426 1067
428 429
429 1067
431 1075
432 433
432 434
432 435
434 1772
435 436
435 440
436 437
436 438
436 442
439 1080
440 441
441 1071
442 1074
442 1683
443 1072
443 1073
444 445
444 1073
445 446
446 447
447 448
447 1072
448 449
450 451
452 453
452 1670
452 1671
453 454
453 456
455 456
455 457
455 1681
456 1672
457 458
457 459
459 1673
460 461
461 462
461 1546
462 463
462 464
462 1652
464 465
464 474
466 475
466 1673
467 474
468 469
469 1668
469 1669
470 471
470 1669
471 472
471 478
472 477
472 1670
473 1675
474 475
474 1652
476 477
477 478
478 1678
479 1678
480 481
480 482
480 1679
482 1693
483 487
483 536
484 485
484 487
484 1682
486 522
486 1681
486 1682
487 1672
488 490
488 1683
489 1683
490 1657
490 1684
491 492
491 1657
492 493
492 1684
493 494
493 496
494 497
494 504
496 497
497 498
498 501
498 502
498 1687
498 1764
499 500
499 501
501 1687
504 505
504 507
504 1688
505 506
506 507
507 1686
508 509
508 517
509 510
509 515
511 520
512 513
512 514
512 1688
513 547
513 1687
513 1697
515 516
515 1688
516 1686
517 518
517 1685
518 519
518 1659
520 521
520 522
520 524
520 1688
521 522
523 524
523 544
524 1689
525 529
525 1690
526 531
526 1691
527 528
527 1691
527 1702
528 537
530 539
530 542
530 1689
531 532
531 1693
532 533
532 535
533 534
533 536
533 1695
534 1693
534 1694
535 536
535 1695
537 538
538 542
538 543
538 551
541 542
541 543
543 1697
544 545
544 1696
545 1696
545 1697
546 548
546 1698
547 548
548 1697
549 550
551 552
551 1700
552 557
552 1699
553 1734
554 558
554 559
554 1698
554 1699
555 1698
556 1701
557 562
558 561
558 562
558 563
558 1699
559 560
559 563
560 566
560 1705
562 564
562 1721
564 565
564 1706
566 567
566 572
566 1713
567 568
567 1717
568 569
569 577
569 1714
570 571
570 1709
570 1711
571 1710
572 1715
573 1718
574 1714
574 1718
574 1719
575 1710
576 1714
576 1758
577 1705
577 1711
577 1712
578 1709
579 604
579 1727
579 1730
579 1735
580 582
580 1728
580 1730
581 582
581 1727
581 1729
582 1731
584 586
584 587
584 1724
585 1729
586 1725
586 1726
587 1750
588 589
588 1732
588 1734
590 1723
591 1707
591 1750
593 594
593 1736
594 1735
595 1737
596 597
596 1737
596 1740
597 605
597 1740
597 1742
598 1739
598 1740
599 600
599 601
599 602
601 605
602 1739
603 1728
603 1738
603 1739
604 1738
606 607
607 1738
608 609
608 610
609 610
611 612
611 614
612 613
612 614
613 615
614 615
615 616
615 618
616 617
617 618
618 620
619 620
619 621
620 621
620 625
620 1743
621 623
622 1745
622 1752
623 624
623 625
623 629
623 633
625 626
626 627
627 629
627 632
628 634
629 630
629 632
630 631
632 1748
633 635
635 636
635 637
636 639
636 1750
637 1747
639 1749
640 1749
642 644
642 1816
642 1817
643 1114
643 1787
643 1817
644 673
644 1819
645 646
645 1787
645 1816
646 1125
646 1819
647 1807
647 1834
647 1836
648 1144
648 1834
648 1836
649 1113
649 1127
649 1807
650 1127
650 1836
651 1128
651 1789
651 1824
652 653
652 1792
652 1794
653 1776
653 1795
654 676
654 1151
654 1826
655 1792
655 1825
655 1826
656 1794
656 1797
656 1798
657 669
657 670
657 686
658 1135
658 1137
658 1778
658 1832
659 678
659 1779
659 1798
660 1114
660 1124
660 1138
661 1790
661 1823
661 1838
662 1795
662 1796
662 1826
663 1776
663 1809
663 1825
664 665
664 697
664 1784
665 696
665 1814
666 1118
666 1778
667 1817
668 1112
668 1125
668 1818
668 1819
669 684
669 685
669 1800
669 2742
670 1802
670 1813
671 1806
672 1807
674 1126
674 1819
674 1821
674 1823
674 1834
674 1836
675 1788
675 1847
677 1797
678 1132
678 1800
679 684
679 1801
680 1137
680 1803
680 1831
681 1839
681 1842
682 1118
682 1842
683 1110
683 1781
683 2660
684 1800
685 686
685 1813
686 2744
686 2745
687 688
687 1828
687 1831
688 689
688 1777
689 1830
690 1777
690 1843
691 1803
692 1439
692 1848
693 1119
693 1848
694 1122
695 1122
695 1842
695 1844
695 1845
698 1819
698 1834
699 1812
699 1825
700 1798
700 1799
701 1164
702 1158
702 1161
703 1939
703 1940
703 1941
704 1935
704 1936
705 1943
708 1946
709 710
709 712
709 1949
709 1950
709 1952
710 1945
710 1947
710 1949
711 1948
711 1952
712 1953
713 714
713 1955
714 1584
714 1587
714 1957
715 773
715 2524
716 725
716 728
716 1175
716 1176
716 1177
716 1184
716 1190
716 1628
717 937
717 938
717 1632
717 1633
718 719
718 720
718 942
719 942
719 1127
720 721
720 944
720 2640
721 722
721 949
722 723
722 954
722 955
722 971
723 724
723 949
723 950
723 963
724 963
724 964
724 1632
725 726
725 967
725 968
725 1153
726 727
726 976
726 977
726 978
727 742
727 752
727 974
728 729
728 1184
728 1849
728 1851
728 1857
729 730
729 736
729 1868
729 1869
730 731
730 732
730 1859
730 1860
730 1865
730 1866
731 1864
732 2044
732 2228
733 2052
733 2053
734 1868
735 861
735 862
735 864
735 1061
736 779
736 2044
737 738
737 1962
737 1966
738 739
738 1971
738 1972
739 742
739 1972
740 1975
740 2172
741 1978
741 1993
741 2170
742 2178
743 747
743 1983
743 2012
743 2013
744 2003
744 2011
745 746
745 750
745 1613
745 2002
745 2006
745 2007
745 2009
745 2010
746 748
746 2015
747 749
747 757
747 2018
747 2196
747 2200
747 2203
748 2014
750 757
750 1249
750 1291
750 1515
750 1518
750 1525
750 2007
750 2028
750 2032
750 2204
751 1168
751 1169
751 2185
752 2188
753 2188
753 2189
754 2192
754 2193
754 2194
755 756
755 1180
755 2197
756 757
756 2201
757 758
757 759
757 772
757 2202
757 2203
758 760
758 2204
759 2203
760 761
760 2205
761 771
761 2027
762 763
762 764
762 770
762 772
762 2209
762 2210
762 2211
762 2218
762 2221
763 765
763 2213
763 2219
763 2233
763 2249
764 2221
764 2224
764 2225
764 2229
765 767
765 2232
765 2233
765 2235
765 2248
766 2238
766 2239
767 2035
767 2248
767 2250
767 2251
768 841
768 842
768 843
768 1059
769 799
769 1527
769 2231
769 2249
769 2251
770 771
770 2020
770 2021
772 2019
772 2024
772 2025
773 2038
773 2039
774 775
774 2033
774 2039
775 1513
775 2035
775 2036
775 2037
776 2043
777 2041
778 846
778 849
778 875
779 1058
779 1059
779 2045
779 2050
779 2051
780 999
780 1096
780 1903
781 782
781 1109
781 1900
782 1097
783 784
783 1109
784 785
785 786
785 1108
786 787
786 1100
786 1516
787 788
788 789
789 790
789 995
790 996
791 792
791 995
793 794
794 795
794 1526
795 796
796 1093
796 1526
797 1527
798 800
799 800
799 802
800 801
802 803
802 804
804 805
805 1527
806 807
806 1087
807 808
808 1094
809 1533
809 1534
810 1325
810 1533
810 1534
811 819
812 1533
813 818
814 817
815 816
816 817
816 1537
817 818
818 819
819 1533
820 821
820 1301
821 822
822 823
823 824
824 825
824 826
825 829
826 827
826 828
828 839
828 1538
829 830
829 831
829 1540
831 832
832 833
833 834
834 835
835 836
836 837
837 838
838 839
840 1904
843 844
843 845
845 1060
846 847
847 848
847 853
848 852
849 850
849 875
849 876
849 1641
850 851
850 852
852 1063
852 1064
853 1063
854 1063
855 1063
856 1061
857 1063
858 1060
859 860
860 861
860 1059
862 863
863 864
864 1061
865 866
865 869
865 1058
867 868
868 869
869 1058
870 1064
871 872
872 873
872 1062
872 1199
873 874
873 1209
875 876
877 1634
878 879
879 1678
879 2295
880 881
880 883
880 885
880 1678
880 2297
880 2312
882 883
883 1679
884 1679
885 2300
886 887
886 888
886 1679
887 1679
887 1680
888 889
888 893
889 890
889 891
891 892
893 896
894 1680
895 1680
895 2584
896 1693
896 2584
896 2585
897 899
897 901
897 1673
897 2310
898 899
898 1673
899 900
901 902
902 903
902 1681
903 904
903 906
904 905
904 1682
906 907
907 908
907 913
907 2322
908 909
908 2565
910 911
910 912
910 1672
910 1680
911 914
911 2587
912 913
912 914
914 915
914 917
914 919
914 2565
915 2589
917 918
917 926
919 920
919 921
921 922
921 923
923 924
923 925
925 926
925 928
925 2576
926 927
928 2563
928 2569
929 1633
930 933
930 940
930 2477
931 932
931 933
931 2476
933 973
934 935
934 936
935 937
936 937
937 938
939 940
939 964
940 1632
942 943
942 1785
944 945
946 947
946 2640
948 949
950 951
950 952
952 953
953 954
953 955
953 956
953 957
955 965
956 957
957 958
957 959
957 961
958 960
961 962
963 973
963 1184
965 970
967 968
968 969
968 979
969 970
970 971
970 975
970 1184
970 1188
971 972
974 975
978 1165
978 1166
979 980
979 1165
981 982
981 1513
982 983
983 1513
983 1880
984 985
984 2165
985 988
985 989
986 987
986 989
986 1513
990 991
990 992
990 1526
992 993
992 1525
992 1526
993 1525
993 2215
994 1525
995 1100
996 1101
996 1102
997 1517
998 1096
998 1516
999 1000
999 1516
1001 1002
1001 1518
1002 1514
1003 1106
1003 1246
1003 1514
1004 1006
1004 1748
1004 1750
1005 1750
1006 1007
1006 1008
1007 1008
1008 1751
1008 1756
1008 2361
1009 2361
1010 1751
1010 2361
1011 2361
1012 2361
1013 1014
1013 1758
1014 1758
1014 1759
1015 1016
1015 1017
1015 1047
1016 1021
1016 1049
1017 1019
1017 1021
1017 1025
1017 1710
1018 1019
1018 1020
1020 1710
1021 1023
1021 1024
1023 1024
1023 1027
1025 1027
1026 1027
1026 1759
1027 1759
1030 1758
1031 1032
1032 1033
1033 1034
1033 1752
1034 2395
1035 1211
1035 1760
1036 2598
1037 1706
1037 1709
1038 1706
1038 1725
1039 1707
1040 1041
1040 2361
1041 1707
1042 1043
1042 1044
1042 1711
1043 1045
1044 1045
1046 1047
1046 1712
1047 1048
1049 1050
1049 1705
1049 1712
1050 1057
1050 1758
1051 1052
1051 1718
1052 1053
1052 1054
1053 1719
1053 1720
1054 1055
1056 1714
1057 1714
1060 1063
1061 1062
1061 1065
1062 1065
1062 1354
1064 1065
1066 1067
1066 2539
1067 1773
1068 1288
1069 1606
1069 2547
1070 1281
1070 1605
1071 1072
1071 2552
1072 2554
1072 2555
1073 2554
1074 1765
1076 1078
1076 1085
1077 1085
1078 1080
1078 2561
1079 1085
1079 2560
1080 1091
1080 2562
1081 1086
1081 1092
1081 1871
1081 1876
1081 1877
1082 1083
1083 1084
1085 2557
1085 2559
1086 1874
1087 1874
1088 1089
1088 1090
1089 1090
1089 2284
1090 2555
1092 1093
1092 1879
1092 1893
1092 1897
1093 1526
1093 1527
1093 1893
1095 1097
1095 1898
1096 1097
1096 1516
1096 1900
1096 1901
1097 1098
1097 1274
1099 1101
1099 1108
1099 1263
1100 1511
1100 1512
1100 1516
1101 1103
1101 1263
1102 1251
1102 1253
1102 1517
1103 1104
1103 1256
1103 1257
1104 1105
1104 1106
1104 1253
1104 1255
1105 1106
1105 1248
1105 1254
1105 2079
1106 1247
1106 1252
1107 1276
1107 1521
1107 1523
1110 1111
1110 1780
1110 1781
1110 1833
1111 1788
1112 1125
1112 1806
1114 1815
1115 1826
1116 1117
1116 1156
1117 1156
1119 1121
1120 1121
1121 1122
1122 1811
1123 1439
1123 1803
1123 1832
1125 1788
1125 1806
1126 1788
1126 1819
1126 1822
1126 1833
1128 1131
1128 1149
1128 1150
1128 1155
1128 1793
1129 1151
1129 1808
1130 1151
1132 1133
1132 1799
1134 1803
1134 1832
1134 1848
1135 1136
1135 1820
1137 1779
1138 1139
1139 1140
1140 1141
1141 1142
1142 1806
1143 1144
1143 1835
1144 1775
1145 1823
1145 1837
1146 1147
1146 1838
1147 1148
1148 1814
1149 1790
1150 1808
1152 1153
1152 1796
1153 1795
1154 1155
1154 1847
1155 1797
1156 1846
1157 1158
1158 1164
1159 1160
1159 1161
1159 1162
1161 1163
1163 1164
1166 1167
1167 1168
1167 1169
1169 2179
1170 1171
1170 2187
1171 1174
1172 1173
1172 2188
1173 1174
1174 1176
1174 1177
1174 1178
1178 1179
1178 1863
1179 1180
1180 1181
1181 1182
1181 1183
1183 2197
1184 1185
1186 1188
1187 1189
1188 1190
1189 1190
1191 1192
1191 1194
1192 1193
1193 1194
1195 1851
1196 1327
1196 2109
1197 1198
1197 1199
1197 2109
1199 1200
1199 1210
1200 1201
1200 1203
1201 1202
1203 1204
1203 1623
1205 1623
1206 1623
1207 1623
1208 1360
1208 1626
1210 1352
1211 1212
1212 1213
1212 2067
1214 1215
1214 1761
1214 2059
1214 2061
1215 2065
1216 1217
1216 1219
1216 1715
1217 1220
1217 1221
1218 1715
1218 1761
1221 1222
1221 1223
1222 1224
1222 1763
1223 1701
1224 1225
1225 1762
1226 1763
1227 1761
1228 1687
1228 1701
1228 1764
1229 1231
1230 1764
1231 1232
1231 1233
1233 1234
1233 1762
1235 1236
1235 1762
1236 1237
1236 1765
1238 1763
1238 1765
1239 1240
1240 1241
1240 1766
1242 1243
1243 1244
1243 1766
1244 1245
1245 1767
1247 1248
1247 1515
1248 1266
1249 1515
1250 1515
1251 1252
1256 1257
1256 1259
1257 1258
1259 1260
1260 1261
1260 1267
1261 1519
1262 1263
1263 1264
1263 2084
1264 1265
1266 2005
1267 1268
1267 2082
1269 1270
1269 1271
1269 1520
1269 2084
1271 1272
1272 1273
1272 1283
1275 1522
1276 1277
1278 1279
1278 1523
1280 1281
1281 1531
1282 1283
1282 1521
1282 1522
1283 1284
1285 1524
1286 1287
1286 1605
1286 1616
1287 1288
1288 1605
1289 1290
1289 1765
1291 2216
1292 1293
1292 1529
1293 1294
1294 1295
1294 1296
1294 1299
1294 1530
1296 1297
1297 1298
1298 1532
1299 1300
1300 1302
1301 1302
1301 1532
1302 1303
1303 1304
1304 1305
1304 1537
1304 1538
1306 1307
1306 1308
1306 1538
1309 1311
1309 1529
1309 1911
1310 1311
1310 1322
1310 1529
1311 1312
1312 1313
1313 1314
1313 1319
1314 1315
1314 1316
1315 1535
1316 1318
1317 1318
1318 1536
1319 1536
1320 1321
1320 1529
1321 1541
1322 1323
1323 1324
1323 1325
1323 1534
1324 1534
1325 1326
1327 1328
1327 1624
1329 1330
1329 1331
1329 1624
1330 1333
1330 1624
1330 2467
1331 1332
1332 1337
1333 1334
1333 1335
1335 1336
1335 1337
1336 2254
1337 1338
1337 1339
1337 1340
1337 1621
1338 1339
1339 1621
1339 2106
1341 1342
1342 1343
1342 1344
1343 1627
1344 1345
1345 1346
1345 1626
1346 1351
1346 1627
1347 1627
1348 1627
1349 1350
1350 1351
1350 1353
1351 1626
1352 1627
1353 1354
1354 1355
1356 1357
1356 1359
1356 1622
1356 2109
1357 1358
1358 1359
1359 1360
1360 1622
1361 1549
1361 1550
1361 1552
1362 1396
1362 2693
1363 1833
1363 2781
1364 1833
1365 1779
1366 1367
1366 2668
1368 1444
1368 2648
1369 1463
1369 1786
1369 1815
1369 1816
1370 1481
1370 1788
1371 1806
1372 1374
1372 1806
1373 1806
1374 1375
1374 1806
1376 1493
1377 1499
1378 1841
1378 2672
1378 2673
1379 2672
1380 1382
1380 1492
1380 1774
1380 2441
1380 2675
1381 1774
1382 1774
1383 1832
1383 2667
1383 2676
1383 2677
1383 2679
1383 2680
1384 1778
1384 2680
1385 1819
1385 2434
1385 2681
1386 1818
1386 2434
1387 1819
1387 2435
1387 2436
1387 2463
1388 1781
1388 1788
1388 2440
1389 1821
1389 2435
1389 2445
1389 2446
1390 1393
1390 1822
1390 2627
1390 2628
1391 1392
1391 1785
1393 2636
1394 2638
1394 2639
1394 2641
1394 2698
1395 1789
1395 1790
1395 2641
1396 1790
1396 2642
1396 2643
1396 2696
1397 2695
1397 2696
1398 1789
1399 2698
1400 1401
1400 2702
1400 2703
1401 1402
1401 1792
1401 2698
1401 2708
1402 1403
1402 2705
1403 1404
1404 2706
1405 1407
1405 1408
1405 1795
1405 1826
1405 2706
1406 1795
1407 1408
1408 2707
1409 1791
1409 1826
1409 2707
1410 1824
1410 2711
1411 1789
1411 1825
1411 2715
1411 2716
1412 1414
1412 1825
1412 2723
1412 2728
1413 2723
1413 2727
1414 1791
1414 1825
1414 2722
1416 1417
1416 2734
1416 2735
1416 2737
1418 1420
1419 1420
1419 1422
1419 1800
1421 1450
1421 1451
1421 1779
1421 2648
1421 2650
1421 2657
1421 2658
1421 2661
1421 2664
1421 2666
1421 2667
1422 2739
1423 2745
1424 1425
1424 1813
1425 1426
1425 2747
1426 1827
1426 2746
1427 1777
1427 1828
1427 2749
1428 2750
1428 2751
1429 1433
1429 2753
1429 2755
1430 1803
1430 2757
1430 2761
1430 2764
1430 2765
1430 2766
1431 1433
1431 1803
1432 2765
1433 1803
1433 2753
1433 2757
1433 2759
1433 2760
1434 2766
1434 2767
1434 2768
1435 2769
1435 2770
1435 2771
1436 1437
1436 1831
1437 1438
1437 1827
1440 1441
1440 2772
1441 1442
1442 1444
1443 1444
1443 2773
1444 2649
1445 1446
1445 1814
1446 2774
1447 1833
1447 2779
1448 1783
1448 2653
1448 2783
1449 2655
1449 2657
1450 1779
1450 2780
1451 1784
1452 1453
1452 1815
1453 1454
1453 1815
1455 1815
1456 1457
1457 1458
1457 1459
1458 1815
1459 1460
1460 1461
1460 1463
1461 1463
1462 1463
1463 1846
1464 1815
1465 1815
1466 1815
1467 1468
1468 1815
1469 1470
1469 1846
1470 1471
1471 1472
1471 1786
1472 1786
1473 1474
1473 1478
1473 1484
1473 1786
1474 1475
1475 1816
1476 1477
1477 1817
1478 1479
1479 1480
1480 1481
1481 1482
1483 1484
1485 1486
1485 1788
1485 1817
1486 1487
1486 1489
1486 1787
1487 1488
1489 1490
1490 1806
1491 1775
1491 1818
1492 1817
1492 2439
1494 1496
1494 1839
1495 1496
1495 1839
1496 1508
1496 1840
1497 1498
1497 1839
1499 1500
1499 1507
1500 1503
1501 1502
1501 1505
1501 1506
1501 1820
1503 1506
1505 1506
1505 1820
1507 1840
1508 2687
1510 1511
1510 1897
1511 1897
1512 1516
1512 1894
1512 1897
1515 2005
1519 1520
1519 2084
1522 1524
1525 1526
1525 2216
1527 1893
1528 1880
1528 1881
1528 1885
1528 1889
1529 1541
1529 1543
1530 1910
1531 1614
1532 1538
1533 1534
1533 1537
1534 1535
1534 1536
1534 1541
1535 1536
1537 1539
1537 1906
1537 1907
1537 1908
1537 1909
1539 1540
1539 1904
1543 1549
1543 1911
1543 1915
1544 1916
1544 1917
1544 1918
1545 1648
1545 1920
1545 1921
1546 1923
1546 1924
1547 1648
1547 1667
1547 1923
1547 2167
1548 1665
1548 1924
1549 2110
1549 2113
1551 2125
1551 2126
1551 2129
1551 2131
1553 2110
1554 1664
1554 2124
1554 2268
1555 2135
1555 2138
1556 2134
1556 2135
1556 2136
1557 2157
1558 1580
1558 2156
1558 2158
1559 2155
1559 2162
1560 1561
1560 1562
1560 1582
1560 2141
1561 1582
1562 1582
1562 2142
1563 1564
1563 2155
1564 1566
1564 1583
1564 2144
1564 2145
1564 2146
1565 2139
1566 2147
1567 1568
1567 1571
1568 1569
1569 1570
1570 1571
1570 1578
1572 2152
1572 2154
1573 1583
1573 2141
1574 1583
1574 2144
1574 2159
1575 1576
1576 1577
1576 2143
1578 1579
1578 2160
1579 1925
1579 2165
1580 1582
1581 2139
1584 1954
1584 1956
1584 1957
1585 1586
1585 1955
1587 1588
1587 1590
1587 1957
1587 2525
1588 1958
1588 1959
1589 1958
1589 1959
1590 1960
1591 1592
1591 1593
1592 1593
1592 1594
1592 1597
1593 1594
1593 1595
1593 2527
1594 1595
1596 1599
1597 1598
1598 1603
1598 2531
1599 1600
1599 1604
1599 2532
1600 1608
1600 2530
1601 2533
1602 1603
1602 2059
1603 1607
1603 2057
1604 1605
1606 2547
1607 2531
1608 1609
1608 1610
1608 1612
1608 2071
1608 2532
1609 2070
1609 2532
1610 2072
1611 1613
1611 2074
1612 2068
1612 2070
1613 1614
1613 2073
1613 2081
1614 2081
1614 2082
1615 2073
1617 1618
1617 2101
1617 2109
1618 1619
1618 1621
1618 1623
1618 2104
1619 2098
1619 2099
1620 1621
1620 2085
1620 2086
1620 2087
1620 2095
1621 1624
1621 2107
1622 1626
1623 1625
1624 1625
1624 2470
1628 1631
1628 1851
1628 1852
1628 1853
1628 1855
1628 1858
1628 1867
1628 1869
1628 2470
1629 1631
1629 2466
1629 2468
1629 2469
1631 2473
1632 1633
1633 2476
1634 1635
1634 2478
1634 2479
1634 2480
1634 2481
1635 1636
1635 2482
1636 1638
1636 2483
1637 1638
1637 2485
1638 1639
1638 2486
1639 1640
1639 2492
1639 2493
1639 2495
1640 1641
1640 2494
1640 2498
1641 2498
1641 2502
1642 2501
1642 2503
1642 2505
1642 2506
1642 2508
1643 2514
1644 2515
1645 1646
1645 2511
1645 2516
1646 2517
1647 2518
1648 1649
1648 2611
1648 2612
1648 2613
1649 2614
1650 2610
1651 1653
1651 2615
1651 2620
1652 1656
1652 2617
1653 2615
1654 1655
1654 1656
1654 2621
1655 1658
1655 2621
1656 1657
1656 2256
1656 2257
1656 2618
1657 2258
1657 2259
1659 2259
1659 2262
1660 1663
1660 2265
1661 2279
1662 2283
1663 2268
1664 2270
1665 1666
1665 1676
1665 2286
1665 2288
1665 2289
1666 2290
1667 2610
1668 2295
1669 1675
1669 2294
1670 1671
1670 1672
1670 2312
1670 2315
1670 2316
1670 2317
1670 2324
1672 1680
1672 2317
1672 2318
1672 2319
1672 2320
1673 2306
1673 2307
1675 2292
1675 2299
1676 2291
1676 2301
1676 2303
1676 2304
1678 1679
1680 1693
1682 2564
1683 2554
1684 2258
1684 2570
1685 1686
1685 2262
1686 2570
1686 2571
1686 2572
1687 1688
1687 2572
1687 2573
1687 2592
1688 2576
1689 2577
1689 2578
1689 2579
1690 2579
1691 2580
1691 2581
1692 2582
1693 2584
1694 1695
1694 2586
1697 2577
1697 2592
1697 2593
1698 1701
1698 2606
1698 2608
1699 2604
1700 1702
1700 1703
1700 2596
1700 2598
1700 2599
1700 2607
1701 1764
1701 2608
1702 1734
1702 2594
1705 1713
1706 1707
1707 1708
1707 1726
1707 2360
1707 2361
1709 2361
1710 1756
1713 1717
1715 1717
1719 1720
1719 1760
1721 1722
1721 2344
1722 1727
1722 2340
1722 2341
1722 2345
1723 2340
1723 2341
1723 2342
1724 1728
1724 1729
1724 2348
1724 2368
1724 2369
1726 2359
1727 1732
1727 2346
1728 2349
1728 2364
1729 1739
1729 2363
1729 2367
1730 2351
1730 2353
1730 2354
1730 2382
1731 2325
1731 2366
1732 1733
1732 2328
1732 2335
1733 2355
1734 2328
1734 2329
1735 2358
1735 2375
1735 2376
1736 2372
1737 2378
1738 2379
1738 2382
1738 2383
1739 2383
1739 2384
1740 2377
1740 2378
1742 2414
1743 1744
1744 1746
1744 2388
1744 2391
1745 1746
1745 2389
1745 2393
1746 2392
1746 2394
1747 1753
1747 2405
1748 1750
1749 1755
1749 2425
1749 2427
1749 2433
1751 2397
1753 2404
1753 2418
1754 2406
1754 2407
1754 2414
1755 2325
1755 2326
1755 2327
1758 1759
1762 1765
1765 2549
1766 1769
1767 1768
1767 1771
1768 1769
1768 2535
1769 2536
1771 2537
1772 2537
1774 1781
1774 1782
1775 1806
1775 1818
1775 1821
1775 2443
1775 2444
1776 1791
1776 1809
1776 1824
1776 2709
1777 1828
1777 1829
1777 1843
1777 2751
1777 2753
1779 1780
1779 1784
1779 1801
1779 1832
1779 2661
1779 2775
1780 1804
1780 2644
1780 2645
1780 2646
1780 2647
1781 1786
1781 1788
1781 2440
1781 2441
1781 2442
1781 2674
1784 1833
1784 2659
1784 2774
1784 2781
1785 1836
1786 1816
1786 1846
1788 1833
1789 1824
1789 1847
1789 2693
1790 2643
1791 1792
1791 1809
1791 1825
1791 2707
1791 2713
1791 2728
1793 1825
1793 1826
1793 2710
1794 1812
1795 1826
1797 1798
1797 1810
1797 2732
1798 2733
1798 2734
1798 2735
1799 1800
1799 1801
1800 2740
1800 2741
1801 1814
1801 2775
1803 1830
1804 1832
1804 2663
1804 2665
1804 2783
1805 1806
1807 2637
1808 1824
1808 2704
1809 1826
1809 2722
1809 2724
1809 2725
1809 2726
1810 2732
1810 2733
1811 1844
1812 2712
1813 1827
1815 1846
1816 1817
1818 1821
1822 1836
1822 1837
1822 2450
1823 1838
1823 2454
1823 2455
1823 2458
1824 2710
1825 2728
1825 2729
1826 2707
1827 2746
1827 2747
1828 2749
1831 1832
1831 2767
1833 2651
1833 2652
1833 2778
1833 2779
1833 2782
1834 2626
1834 2631
1834 2635
1834 2636
1834 2637
1834 2684
1835 2631
1835 2682
1836 2450
1836 2627
1836 2630
1837 2456
1837 2457
1838 2458
1838 2459
1838 2462
1838 2694
1838 2695
1839 1840
1840 1841
1840 2687
1841 2673
1842 1844
1843 2756
1847 2696
1849 1850
1851 1852
1851 1853
1853 1854
1855 1856
1855 1857
1858 1859
1860 1861
1861 1863
1862 1863
1863 1864
1865 2207
1867 1868
1867 2475
1869 1870
1869 2474
1872 1873
1872 2166
1873 1874
1873 1875
1874 1875
1875 1876
1877 1878
1878 1879
1882 1883
1883 1884
1883 1885
1883 1889
1886 1887
1887 1890
1888 1889
1889 1890
1889 1893
1890 1891
1891 1892
1894 1895
1894 1896
1898 1899
1899 1900
1901 1902
1904 1905
1905 1906
1907 1908
1912 1913
1913 1915
1914 1915
1916 1921
1917 1918
1917 1922
1918 1919
1918 1920
1922 1924
1925 1926
1925 2163
1927 1928
1927 1932
1928 1929
1928 1931
1929 1930
1929 1934
1931 1932
1932 1933
1932 1939
1934 1936
1935 1936
1935 1937
1937 1938
1937 1941
1937 1942
1939 1940
1943 1944
1944 1945
1945 1946
1948 1952
1948 1954
1949 1950
1950 1952
1951 1952
1961 1963
1962 1963
1962 1966
1963 2069
1964 1966
1965 1966
1966 1967
1966 1974
1967 1968
1968 1970
1969 1970
1972 1973
1974 1975
1975 1976
1977 1978
1977 2168
1978 1979
1980 1981
1981 1982
1983 1984
1984 1985
1984 1986
1985 1987
1986 1989
1987 1988
1987 1989
1988 1989
1989 1990
1989 1993
1990 1991
1990 1992
1992 1993
1992 1994
1993 1995
1994 2172
1995 2172
1996 1999
1996 2172
1996 2181
1997 2176
1998 2168
1998 2172
1999 2177
1999 2179
2000 2001
2001 2002
2001 2004
2004 2005
2007 2008
2009 2010
2010 2011
2013 2014
2015 2016
2016 2017
2016 2018
2019 2212
2021 2022
2021 2023
2023 2024
2026 2028
2026 2211
2028 2029
2029 2030
2029 2031
2031 2032
2033 2034
2033 2035
2034 2040
2035 2037
2040 2041
2040 2042
2041 2042
2044 2046
2045 2046
2045 2047
2047 2048
2049 2050
2050 2225
2052 2053
2053 2055
2056 2531
2056 2534
2056 2548
2057 2058
2057 2534
2058 2060
2060 2061
2060 2063
2061 2062
2062 2544
2064 2065
2065 2066
2066 2067
2068 2069
2071 2072
2074 2075
2075 2076
2075 2080
2076 2077
2077 2078
2078 2079
2079 2080
2082 2083
2083 2084
2085 2086
2088 2089
2088 2091
2089 2090
2089 2091
2091 2092
2091 2105
2091 2106
2092 2093
2092 2106
2094 2095
2095 2097
2096 2097
2096 2098
2097 2098
2098 2099
2099 2100
2100 2101
2101 2102
2102 2103
2103 2104
2105 2106
2107 2108
2111 2113
2112 2123
2112 2132
2113 2114
2114 2115
2115 2132
2116 2117
2116 2132
2116 2133
2118 2133
2119 2120
2119 2122
2120 2122
2120 2123
2121 2122
2122 2133
2123 2124
2126 2127
2126 2128
2129 2130
2136 2137
2136 2157
2137 2156
2139 2140
2142 2282
2144 2147
2147 2148
2147 2149
2147 2151
2149 2150
2151 2152
2151 2153
2152 2153
2154 2166
2156 2158
2157 2276
2158 2280
2158 2282
2160 2161
2163 2164
2168 2169
2168 2170
2170 2171
2170 2175
2170 2178
2173 2174
2174 2175
2174 2176
2176 2177
2177 2178
2179 2180
2180 2184
2181 2182
2182 2183
2182 2187
2184 2185
2185 2186
2186 2187
2187 2188
2189 2190
2190 2191
2191 2192
2194 2195
2195 2196
2197 2198
2197 2199
2199 2208
2200 2208
2201 2202
2201 2208
2205 2206
2210 2211
2211 2212
2213 2214
2214 2215
2217 2218
2218 2219
2219 2220
2221 2222
2223 2226
2226 2227
2227 2228
2229 2230
2233 2234
2235 2236
2236 2237
2236 2238
2238 2240
2238 2242
2238 2246
2240 2241
2242 2243
2242 2247
2243 2244
2243 2245
2247 2504
2247 2510
2251 2252
2252 2253
2254 2255
2255 2466
2255 2469
2255 2476
2258 2263
2258 2264
2259 2260
2261 2262
2265 2266
2266 2267
2267 2268
2268 2271
2271 2272
2272 2273
2272 2274
2274 2275
2275 2283
2276 2277
2278 2280
2279 2280
2279 2281
2284 2285
2286 2287
2286 2293
2287 2288
2289 2307
2290 2291
2290 2292
2294 2296
2295 2296
2296 2299
2297 2298
2297 2299
2299 2300
2299 2303
2300 2301
2300 2313
2301 2302
2304 2305
2304 2306
2306 2309
2307 2308
2308 2309
2311 2312
2311 2313
2311 2314
2312 2315
2312 2324
2313 2315
2317 2318
2320 2321
2320 2322
2322 2323
2326 2327
2326 2412
2328 2330
2330 2331
2330 2332
2332 2333
2332 2334
2334 2335
2334 2336
2336 2337
2336 2340
2337 2338
2337 2339
2342 2343
2343 2349
2344 2345
2345 2348
2347 2348
2350 2351
2351 2352
2352 2353
2355 2356
2356 2357
2357 2358
2360 2361
2362 2363
2363 2366
2364 2365
2364 2367
2366 2367
2367 2387
2369 2370
2369 2371
2372 2374
2373 2374
2373 2375
2374 2375
2377 2378
2384 2385
2384 2386
2386 2387
2388 2389
2388 2390
2391 2392
2392 2393
2392 2396
2393 2394
2394 2395
2395 2397
2396 2403
2397 2398
2401 2402
2405 2409
2405 2419
2405 2423
2405 2424
2407 2408
2407 2412
2409 2410
2409 2411
2411 2412
2412 2413
2412 2417
2414 2415
2419 2420
2420 2421
2420 2422
2424 2431
2424 2432
2426 2427
2426 2428
2427 2428
2428 2429
2429 2430
2430 2431
2436 2437
2436 2463
2437 2438
2439 2441
2440 2674
2445 2452
2446 2447
2447 2448
2448 2449
2448 2451
2452 2453
2453 2454
2455 2457
2456 2457
2456 2638
2459 2460
2460 2461
2463 2464
2463 2465
2463 2626
2464 2465
2467 2469
2467 2476
2470 2471
2471 2472
2471 2473
2476 2477
2480 2499
2481 2482
2482 2483
2483 2484
2484 2487
2484 2489
2485 2487
2487 2488
2487 2490
2488 2491
2491 2492
2491 2495
2493 2494
2495 2498
2496 2497
2497 2498
2498 2499
2498 2500
2498 2501
2500 2501
2503 2504
2505 2506
2506 2507
2507 2508
2508 2509
2509 2510
2511 2512
2511 2515
2512 2513
2513 2514
2518 2519
2519 2520
2520 2521
2520 2524
2521 2522
2522 2523
2523 2524
2525 2526
2525 2527
2527 2528
2529 2532
2530 2531
2531 2533
2533 2534
2533 2548
2537 2538
2539 2540
2541 2542
2541 2545
2542 2543
2543 2548
2544 2548
2545 2546
2549 2550
2550 2551
2550 2553
2552 2553
2552 2554
2555 2556
2558 2559
2563 2569
2564 2567
2564 2569
2565 2566
2565 2567
2567 2568
2570 2573
2570 2575
2573 2574
2576 2577
2581 2582
2581 2583
2582 2583
2586 2587
2586 2589
2587 2588
2589 2590
2591 2592
2594 2595
2594 2596
2596 2597
2598 2607
2599 2607
2601 2602
2602 2604
2603 2604
2604 2605
2604 2606
2608 2609
2612 2613
2616 2618
2618 2620
2618 2621
2621 2625
2622 2623
2623 2624
2627 2628
2629 2630
2631 2632
2631 2682
2633 2685
2633 2686
2634 2685
2634 2686
2639 2640
2642 2694
2645 2668
2646 2665
2647 2648
2648 2649
2650 2776
2652 2654
2653 2660
2654 2656
2655 2656
2655 2663
2657 2658
2660 2662
2664 2665
2669 2670
2669 2692
2670 2671
2676 2677
2682 2683
2683 2684
2683 2685
2684 2686
2688 2689
2690 2691
2690 2692
2691 2692
2696 2697
2698 2699
2699 2700
2699 2701
2703 2704
2708 2709
2711 2712
2712 2715
2712 2730
2713 2714
2714 2717
2715 2716
2717 2718
2718 2719
2719 2720
2719 2730
2720 2721
2725 2727
2726 2727
2731 2732
2736 2737
2738 2739
2738 2742
2742 2743
2743 2744
2749 2750
2751 2755
2752 2753
2754 2755
2757 2762
2758 2759
2762 2763
2764 2765
2768 2771
2770 2772
2772 2773
2776 2777
2778 2780
