0	1	1
0	678	1
1	0	1
1	6	1
2	13	1
2	23	1
3	4	1
3	253	1
4	3	1
4	5	1
5	4	1
5	6	1
6	1	1
6	5	1
7	1595	1
8	1500	1
9	1500	1
9	1501	1
10	78	1
11	1513	1
12	456	1
12	1626	1
13	2	1
13	595	1
14	677	1
14	678	1
15	16	1
15	677	1
16	15	1
17	680	1
18	679	1
18	680	1
19	20	1
19	679	1
19	681	1
20	19	1
20	21	1
21	20	1
22	25	1
22	681	1
23	2	1
23	24	1
23	683	1
24	23	1
24	25	1
24	27	1
24	682	1
25	22	1
25	24	1
25	683	1
25	684	1
26	28	1
26	682	1
27	24	1
27	28	1
28	26	1
28	27	1
28	29	1
28	33	1
29	28	1
29	684	1
29	686	1
30	31	1
30	684	1
31	30	1
31	32	1
31	34	1
31	686	1
31	687	1
32	31	1
32	34	1
33	28	1
33	688	1
34	31	1
34	32	1
34	35	1
35	34	1
35	36	1
35	250	1
35	686	1
36	35	1
36	1548	1
37	38	1
37	688	1
37	1544	1
38	37	1
38	1545	1
38	1546	1
39	1549	1
39	1550	1
40	1550	1
41	250	1
41	1549	1
41	1550	1
42	1590	1
43	699	1
44	697	1
44	700	1
45	46	1
45	47	1
45	152	1
45	708	1
45	709	1
45	1588	1
46	45	1
47	45	1
48	70	1
48	708	1
48	711	1
48	1027	1
49	702	1
49	715	1
49	716	1
50	718	1
51	298	1
51	719	1
51	721	1
52	54	1
52	57	1
52	58	1
52	721	1
53	719	1
53	720	1
54	52	1
54	718	1
54	724	1
55	57	1
55	58	1
55	702	1
55	727	1
55	728	1
56	702	1
56	726	1
57	52	1
57	55	1
57	729	1
58	52	1
58	55	1
58	730	1
59	705	1
59	731	1
60	721	1
60	725	1
60	734	1
61	62	1
61	72	1
61	737	1
61	738	1
61	741	1
61	743	1
61	754	1
62	61	1
62	64	1
62	742	1
62	744	1
63	67	1
63	741	1
64	62	1
65	66	1
65	739	1
65	754	1
66	65	1
67	63	1
67	68	1
67	749	1
67	751	1
67	752	1
68	67	1
68	200	1
68	751	1
69	752	1
70	48	1
70	707	1
71	704	1
71	711	1
71	754	1
72	61	1
72	1032	1
73	753	1
73	1029	1
74	311	1
74	1033	1
75	1501	1
76	1490	1
76	1491	1
76	1499	1
77	78	1
78	10	1
78	77	1
78	1505	1
79	1505	1
80	81	1
80	84	1
80	1608	1
81	80	1
82	83	1
82	1504	1
82	1506	1
83	82	1
84	80	1
84	1504	1
84	1505	1
85	96	1
86	87	1
86	205	1
86	1511	1
87	86	1
87	88	1
88	87	1
88	89	1
88	90	1
89	88	1
90	88	1
90	91	1
90	134	1
91	90	1
91	94	1
91	1521	1
92	93	1
93	92	1
93	1514	1
93	1517	1
94	91	1
94	105	1
94	206	1
95	96	1
96	85	1
96	95	1
96	99	1
97	98	1
97	1503	1
97	1510	1
97	1512	1
98	97	1
98	101	1
98	1509	1
99	96	1
99	100	1
99	1512	1
99	1514	1
100	99	1
100	101	1
101	98	1
101	100	1
101	102	1
102	101	1
102	103	1
103	102	1
103	104	1
104	103	1
104	1620	1
105	94	1
105	106	1
105	135	1
105	1533	1
106	105	1
106	121	1
106	1515	1
106	1523	1
107	1520	1
107	1533	1
107	1534	1
108	1522	1
108	1534	1
109	110	1
109	1522	1
110	109	1
110	243	1
111	1526	1
111	1532	1
112	1531	1
113	114	1
114	113	1
114	115	1
114	116	1
114	1532	1
115	114	1
116	114	1
116	207	1
116	1622	1
117	125	1
117	126	1
117	131	1
117	1535	1
117	1536	1
118	119	1
118	1525	1
118	1541	1
119	118	1
120	121	1
121	106	1
121	120	1
121	1519	1
122	1530	1
122	1538	1
123	124	1
123	1523	1
123	1527	1
124	123	1
124	127	1
124	1527	1
124	1528	1
125	117	1
125	187	1
125	1537	1
126	117	1
126	1529	1
126	1530	1
127	124	1
127	128	1
127	1525	1
127	1528	1
128	127	1
128	129	1
129	128	1
129	1528	1
130	137	1
131	117	1
131	1539	1
132	327	1
132	1538	1
133	1519	1
133	1541	1
134	90	1
134	1516	1
134	1517	1
135	105	1
135	1523	1
136	1528	1
136	1529	1
136	1530	1
137	130	1
137	1056	1
137	1538	1
138	139	1
138	140	1
138	1485	1
139	138	1
139	1492	1
140	138	1
140	1574	1
141	142	1
141	1482	1
142	141	1
142	143	1
142	292	1
142	1492	1
142	1565	1
143	142	1
143	1574	1
143	1576	1
144	145	1
144	1576	1
145	144	1
145	282	1
146	1591	1
147	1584	1
147	1589	1
148	1589	1
148	1590	1
149	1588	1
149	1592	1
150	151	1
150	311	1
150	1594	1
151	150	1
152	45	1
152	308	1
153	753	1
153	1598	1
154	155	1
154	156	1
154	167	1
154	1600	1
155	154	1
156	154	1
156	157	1
156	158	1
157	156	1
158	156	1
158	159	1
158	160	1
159	158	1
160	158	1
160	161	1
160	162	1
160	168	1
161	160	1
161	170	1
162	160	1
162	163	1
162	164	1
163	162	1
164	162	1
164	165	1
165	164	1
165	166	1
165	167	1
166	165	1
167	154	1
167	165	1
167	192	1
167	198	1
168	160	1
168	169	1
169	168	1
169	178	1
170	161	1
170	172	1
171	172	1
172	170	1
172	171	1
172	173	1
173	172	1
173	175	1
173	186	1
174	175	1
174	176	1
175	173	1
175	174	1
175	177	1
175	179	1
176	174	1
177	175	1
178	169	1
178	188	1
179	175	1
179	180	1
179	183	1
180	179	1
180	181	1
180	182	1
181	180	1
182	180	1
183	179	1
183	1603	1
184	185	1
184	204	1
185	184	1
185	187	1
186	173	1
186	187	1
187	125	1
187	185	1
187	186	1
187	188	1
187	191	1
188	178	1
188	187	1
188	189	1
189	188	1
189	190	1
189	199	1
189	1607	1
190	189	1
191	187	1
192	167	1
192	193	1
192	195	1
193	192	1
193	194	1
193	196	1
194	193	1
194	197	1
194	199	1
195	192	1
196	193	1
197	194	1
198	167	1
199	189	1
199	194	1
199	200	1
199	201	1
200	68	1
200	199	1
201	199	1
201	202	1
201	203	1
202	201	1
203	201	1
203	690	1
204	184	1
204	206	1
205	86	1
205	1604	1
205	1606	1
206	94	1
206	204	1
206	1604	1
207	116	1
207	208	1
207	1058	1
208	207	1
209	210	1
209	450	1
209	1608	1
209	1612	1
209	1627	1
210	209	1
210	211	1
210	1611	1
211	210	1
212	1608	1
212	1611	1
213	1613	1
213	1618	1
214	215	1
214	1618	1
215	214	1
216	217	1
216	432	1
216	1618	1
217	216	1
217	476	1
218	219	1
218	220	1
218	1616	1
219	218	1
220	218	1
221	486	1
221	491	1
221	1617	1
222	223	1
222	463	1
222	1616	1
223	222	1
224	1612	1
224	1613	1
225	226	1
225	232	1
226	225	1
226	227	1
227	226	1
227	228	1
228	227	1
228	1507	1
229	1609	1
230	1609	1
230	1620	1
231	247	1
231	1613	1
232	225	1
232	1506	1
232	1610	1
233	1611	1
234	1617	1
234	1619	1
234	1644	1
235	1617	1
236	237	1
236	1623	1
237	236	1
237	238	1
237	1624	1
238	237	1
238	239	1
239	238	1
239	1622	1
240	241	1
240	1514	1
241	240	1
241	1518	1
241	1621	1
242	243	1
242	1621	1
243	110	1
243	242	1
243	244	1
244	243	1
244	245	1
245	244	1
245	246	1
245	1622	1
246	245	1
247	231	1
247	248	1
247	1622	1
248	247	1
248	249	1
249	248	1
249	313	1
250	35	1
250	41	1
250	251	1
250	252	1
250	1547	1
251	250	1
252	250	1
252	253	1
252	1551	1
252	1552	1
253	3	1
253	252	1
254	255	1
254	1548	1
254	1551	1
255	254	1
256	257	1
256	1560	1
257	256	1
257	258	1
257	278	1
257	1556	1
258	257	1
259	260	1
259	261	1
259	1546	1
260	259	1
260	264	1
261	259	1
261	262	1
261	264	1
261	267	1
261	268	1
262	261	1
262	263	1
262	264	1
262	265	1
263	262	1
264	260	1
264	261	1
264	262	1
265	262	1
265	266	1
266	265	1
266	279	1
267	261	1
267	1558	1
268	261	1
268	269	1
268	1557	1
269	268	1
269	270	1
269	271	1
269	274	1
270	269	1
270	1552	1
271	269	1
271	272	1
271	273	1
272	271	1
272	277	1
273	271	1
273	276	1
274	269	1
274	275	1
274	1558	1
275	274	1
276	273	1
276	293	1
277	272	1
277	281	1
277	1560	1
278	257	1
278	1559	1
278	1560	1
279	266	1
279	280	1
279	1561	1
279	1562	1
280	279	1
280	386	1
281	277	1
281	282	1
281	293	1
281	1564	1
282	145	1
282	281	1
282	283	1
283	282	1
284	285	1
284	286	1
284	293	1
285	284	1
286	284	1
286	290	1
286	1558	1
286	1566	1
287	295	1
288	290	1
288	291	1
289	1566	1
289	1567	1
290	286	1
290	288	1
291	288	1
291	292	1
291	1037	1
292	142	1
292	291	1
292	295	1
293	276	1
293	281	1
293	284	1
294	388	1
294	1563	1
295	287	1
295	292	1
295	1564	1
296	297	1
296	1570	1
296	1572	1
297	296	1
297	298	1
297	1570	1
297	1571	1
298	51	1
298	297	1
299	300	1
299	1568	1
299	1576	1
300	299	1
300	1573	1
301	302	1
301	1582	1
302	301	1
302	303	1
302	1577	1
303	302	1
304	1578	1
304	1581	1
305	306	1
305	1584	1
305	1585	1
306	305	1
306	307	1
306	308	1
307	306	1
307	309	1
307	1583	1
308	152	1
308	306	1
309	307	1
309	1585	1
310	1030	1
310	1586	1
311	74	1
311	150	1
311	1033	1
311	1586	1
311	1587	1
312	1586	1
313	249	1
313	435	1
313	438	1
314	438	1
314	1052	1
314	1053	1
315	316	1
315	332	1
315	439	1
315	1046	1
315	1054	1
315	1056	1
316	315	1
317	1053	1
318	1047	1
318	1049	1
319	1049	1
320	329	1
321	1050	1
322	1047	1
323	334	1
323	335	1
323	1055	1
324	334	1
324	1056	1
325	334	1
326	327	1
326	1056	1
326	1057	1
327	132	1
327	326	1
328	1045	1
329	320	1
329	330	1
329	1471	1
330	329	1
330	408	1
330	1060	1
331	742	1
331	1062	1
331	1489	1
332	315	1
332	333	1
332	1048	1
333	332	1
333	1050	1
334	323	1
334	324	1
334	325	1
335	323	1
335	1063	1
336	750	1
336	1063	1
336	1539	1
337	355	1
337	1061	1
337	1069	1
338	339	1
338	344	1
338	357	1
339	338	1
339	341	1
340	341	1
340	345	1
340	356	1
340	1069	1
341	339	1
341	340	1
342	343	1
342	356	1
342	1486	1
342	1487	1
343	342	1
343	1071	1
344	338	1
344	1069	1
345	340	1
345	346	1
346	345	1
346	351	1
346	1068	1
346	1069	1
346	1477	1
347	1069	1
347	1477	1
348	1068	1
349	351	1
350	1068	1
350	1470	1
351	346	1
351	349	1
351	1068	1
352	353	1
352	354	1
352	1064	1
353	352	1
354	352	1
354	373	1
354	395	1
354	1064	1
355	337	1
356	340	1
356	342	1
357	338	1
357	1069	1
357	1487	1
358	1067	1
358	1076	1
358	1078	1
359	1478	1
360	361	1
360	725	1
360	1479	1
361	360	1
361	1475	1
362	1475	1
363	1075	1
363	1475	1
364	365	1
364	366	1
365	364	1
365	368	1
365	1068	1
366	364	1
366	367	1
366	1068	1
366	1480	1
367	366	1
368	365	1
368	369	1
368	370	1
368	1481	1
369	368	1
369	371	1
369	1066	1
370	368	1
371	369	1
371	372	1
372	371	1
372	373	1
372	374	1
372	1076	1
373	354	1
373	372	1
374	372	1
374	1065	1
375	405	1
375	1076	1
376	600	1
376	1703	1
376	1706	1
377	610	1
377	1705	1
378	612	1
378	1708	1
379	380	1
379	381	1
380	379	1
380	1710	1
381	379	1
381	1709	1
382	383	1
382	1667	1
382	1714	1
383	382	1
383	1712	1
384	1707	1
384	1714	1
385	386	1
385	387	1
385	1675	1
386	280	1
386	385	1
386	387	1
386	1715	1
387	385	1
387	386	1
388	294	1
388	1715	1
389	390	1
389	1717	1
389	1719	1
390	389	1
391	1716	1
391	1718	1
391	1721	1
392	401	1
392	1724	1
392	1725	1
393	1035	1
393	1724	1
393	1728	1
394	425	1
395	354	1
395	396	1
395	1725	1
396	395	1
397	402	1
397	403	1
398	399	1
398	403	1
399	398	1
399	1046	1
399	1473	1
400	402	1
400	410	1
400	411	1
400	413	1
400	1728	1
401	392	1
401	406	1
402	397	1
402	400	1
402	1725	1
403	397	1
403	398	1
403	1725	1
404	1038	1
405	375	1
405	406	1
405	1039	1
406	401	1
406	405	1
406	407	1
407	406	1
408	330	1
408	409	1
409	408	1
409	1048	1
410	400	1
410	412	1
410	1728	1
411	400	1
411	1046	1
412	410	1
412	414	1
412	418	1
413	400	1
413	419	1
414	412	1
414	415	1
414	417	1
414	420	1
414	1036	1
415	414	1
416	417	1
417	414	1
417	416	1
417	1036	1
418	412	1
419	413	1
419	1044	1
420	414	1
420	421	1
420	422	1
420	423	1
421	420	1
422	420	1
422	1727	1
423	420	1
423	424	1
423	428	1
424	423	1
424	425	1
424	426	1
424	430	1
425	394	1
425	424	1
426	424	1
427	1049	1
428	423	1
428	429	1
429	428	1
429	1040	1
430	424	1
430	1043	1
430	1641	1
431	1041	1
431	1042	1
432	216	1
432	433	1
432	1042	1
433	432	1
433	434	1
434	433	1
434	435	1
435	313	1
435	434	1
435	436	1
435	1041	1
436	435	1
436	437	1
437	436	1
438	313	1
438	314	1
438	439	1
439	315	1
439	438	1
440	441	1
440	1630	1
440	1631	1
441	440	1
441	442	1
441	444	1
442	441	1
443	444	1
443	445	1
443	1639	1
444	441	1
444	443	1
444	1632	1
445	443	1
445	446	1
445	447	1
446	445	1
447	445	1
447	1633	1
448	449	1
449	448	1
449	450	1
449	1506	1
450	209	1
450	449	1
450	451	1
450	452	1
450	1612	1
451	450	1
452	450	1
452	453	1
452	462	1
453	452	1
454	463	1
454	1633	1
455	462	1
456	12	1
456	457	1
457	456	1
457	1628	1
457	1629	1
458	459	1
458	1629	1
459	458	1
459	460	1
459	466	1
460	459	1
460	465	1
460	1630	1
461	1634	1
462	452	1
462	455	1
462	463	1
462	1612	1
463	222	1
463	454	1
463	462	1
464	465	1
465	460	1
465	464	1
465	466	1
466	459	1
466	465	1
466	1636	1
467	1636	1
468	469	1
468	470	1
468	1637	1
469	468	1
470	468	1
470	1651	1
471	475	1
471	522	1
472	473	1
472	475	1
472	1640	1
473	472	1
474	508	1
474	1639	1
474	1640	1
475	471	1
475	472	1
475	1632	1
476	217	1
476	478	1
476	1641	1
477	1641	1
478	476	1
478	1617	1
478	1642	1
479	480	1
479	1617	1
480	479	1
480	481	1
480	1642	1
481	480	1
481	482	1
481	483	1
482	481	1
482	484	1
482	490	1
483	481	1
483	484	1
484	482	1
484	483	1
484	485	1
485	484	1
485	488	1
485	489	1
485	1645	1
485	1719	1
486	221	1
486	487	1
486	488	1
487	486	1
488	485	1
488	486	1
488	1645	1
489	485	1
490	482	1
490	491	1
490	493	1
490	1646	1
491	221	1
491	490	1
491	492	1
492	491	1
492	493	1
493	490	1
493	492	1
493	1644	1
494	495	1
494	503	1
495	494	1
495	496	1
495	501	1
496	495	1
497	506	1
498	499	1
498	500	1
498	1646	1
499	498	1
499	532	1
499	1645	1
499	1655	1
500	498	1
501	495	1
501	502	1
501	1646	1
502	501	1
502	1644	1
503	494	1
503	504	1
503	1643	1
504	503	1
504	505	1
504	1619	1
505	504	1
506	497	1
506	507	1
506	508	1
506	510	1
506	1646	1
507	506	1
507	508	1
508	474	1
508	506	1
508	507	1
509	510	1
509	529	1
510	506	1
510	509	1
510	1647	1
511	515	1
511	1648	1
512	517	1
512	1649	1
513	514	1
513	1649	1
513	1660	1
514	513	1
514	523	1
515	511	1
516	525	1
516	527	1
516	1647	1
517	512	1
517	518	1
517	1651	1
518	517	1
518	519	1
518	521	1
519	518	1
519	520	1
519	522	1
519	1653	1
520	519	1
520	1651	1
520	1652	1
521	518	1
521	522	1
521	1653	1
522	471	1
522	519	1
522	521	1
523	514	1
523	524	1
524	523	1
524	527	1
524	528	1
524	534	1
525	516	1
526	527	1
526	528	1
527	516	1
527	524	1
527	526	1
528	524	1
528	526	1
528	1655	1
529	509	1
529	530	1
529	1654	1
530	529	1
530	1654	1
530	1655	1
531	533	1
531	1656	1
532	499	1
532	533	1
533	531	1
533	532	1
533	1655	1
534	524	1
534	535	1
534	1658	1
535	534	1
535	540	1
535	1657	1
536	1690	1
537	541	1
537	542	1
537	1656	1
537	1657	1
538	1656	1
539	1659	1
540	535	1
540	545	1
541	537	1
541	544	1
541	545	1
541	546	1
541	1657	1
542	537	1
542	543	1
542	546	1
543	542	1
543	549	1
543	1662	1
544	541	1
545	540	1
545	541	1
545	547	1
545	1677	1
546	541	1
546	542	1
547	545	1
547	548	1
547	1663	1
548	547	1
549	543	1
549	550	1
549	555	1
549	1670	1
550	549	1
550	551	1
550	1673	1
551	550	1
551	552	1
552	551	1
552	560	1
552	1671	1
553	554	1
553	1666	1
553	1668	1
554	553	1
554	1667	1
555	549	1
555	1672	1
556	1674	1
557	1671	1
557	1674	1
557	1675	1
558	1667	1
559	1671	1
559	1713	1
560	552	1
560	1662	1
560	1668	1
560	1669	1
561	1666	1
562	585	1
562	1683	1
562	1686	1
562	1691	1
563	565	1
563	1684	1
563	1686	1
564	565	1
564	1683	1
564	1685	1
565	563	1
565	564	1
565	1687	1
566	568	1
566	569	1
566	1680	1
567	1685	1
568	566	1
568	1681	1
568	1682	1
569	566	1
569	1705	1
570	571	1
570	1688	1
570	1690	1
571	570	1
572	1679	1
573	1664	1
573	1705	1
574	575	1
574	1692	1
575	574	1
575	1691	1
576	1693	1
577	578	1
577	1693	1
577	1696	1
578	577	1
578	586	1
578	1696	1
578	1697	1
579	1695	1
579	1696	1
580	581	1
580	582	1
580	583	1
581	580	1
582	580	1
582	586	1
583	580	1
583	1695	1
584	1684	1
584	1694	1
584	1695	1
585	562	1
585	1694	1
586	578	1
586	582	1
587	588	1
588	587	1
588	1694	1
589	590	1
589	592	1
590	589	1
590	591	1
590	592	1
591	590	1
591	593	1
592	589	1
592	590	1
592	593	1
593	591	1
593	592	1
593	594	1
593	596	1
594	593	1
594	595	1
595	13	1
595	594	1
595	596	1
596	593	1
596	595	1
596	598	1
597	598	1
597	599	1
598	596	1
598	597	1
598	599	1
598	603	1
598	1698	1
599	597	1
599	598	1
599	601	1
600	376	1
600	1700	1
600	1707	1
601	599	1
601	602	1
601	603	1
601	607	1
601	611	1
602	601	1
603	598	1
603	601	1
603	604	1
604	603	1
604	605	1
605	604	1
605	607	1
605	610	1
606	612	1
607	601	1
607	605	1
607	608	1
607	610	1
608	607	1
608	609	1
609	608	1
610	377	1
610	605	1
610	607	1
610	1703	1
611	601	1
611	613	1
612	378	1
612	606	1
613	611	1
613	614	1
613	615	1
614	613	1
614	616	1
614	1705	1
615	613	1
615	1702	1
616	614	1
616	1704	1
617	1704	1
618	620	1
618	1771	1
618	1772	1
619	1083	1
619	1742	1
619	1772	1
620	618	1
620	649	1
620	1774	1
621	622	1
621	1742	1
621	1771	1
622	621	1
622	1094	1
622	1774	1
623	1762	1
623	1789	1
623	1791	1
624	1113	1
624	1789	1
624	1791	1
625	1082	1
625	1096	1
625	1762	1
626	1096	1
626	1791	1
627	1097	1
627	1744	1
627	1779	1
628	629	1
628	1747	1
628	1749	1
629	628	1
629	1731	1
629	1750	1
630	652	1
630	1120	1
630	1781	1
631	1747	1
631	1780	1
631	1781	1
632	1749	1
632	1752	1
632	1753	1
633	645	1
633	646	1
633	662	1
634	1104	1
634	1106	1
634	1733	1
634	1787	1
635	654	1
635	1734	1
635	1753	1
636	1083	1
636	1093	1
636	1107	1
637	1745	1
637	1778	1
637	1793	1
638	1750	1
638	1751	1
638	1781	1
639	1731	1
639	1764	1
639	1780	1
640	641	1
640	673	1
640	1739	1
641	640	1
641	672	1
641	1769	1
642	1087	1
642	1733	1
643	1772	1
644	1081	1
644	1094	1
644	1773	1
644	1774	1
645	633	1
645	660	1
645	661	1
645	1755	1
645	2671	1
646	633	1
646	1757	1
646	1768	1
647	1761	1
648	1762	1
649	620	1
650	1095	1
650	1774	1
650	1776	1
650	1778	1
650	1789	1
650	1791	1
651	1743	1
651	1802	1
652	630	1
653	1752	1
654	635	1
654	1101	1
654	1755	1
655	660	1
655	1756	1
656	1106	1
656	1758	1
656	1786	1
657	1794	1
657	1797	1
658	1087	1
658	1797	1
659	1079	1
659	1736	1
659	2598	1
660	645	1
660	655	1
660	1755	1
661	645	1
661	662	1
661	1768	1
662	633	1
662	661	1
662	2673	1
662	2674	1
663	664	1
663	1783	1
663	1786	1
664	663	1
664	665	1
664	1732	1
665	664	1
665	1785	1
666	1732	1
666	1798	1
667	1758	1
668	1402	1
668	1803	1
669	1088	1
669	1803	1
670	1091	1
671	1091	1
671	1797	1
671	1799	1
671	1800	1
672	641	1
673	640	1
674	1774	1
674	1789	1
675	1767	1
675	1780	1
676	1753	1
676	1754	1
677	14	1
677	15	1
677	1133	1
678	0	1
678	14	1
678	1127	1
678	1130	1
679	18	1
679	19	1
679	1894	1
679	1895	1
679	1896	1
680	17	1
680	18	1
680	1890	1
680	1891	1
681	19	1
681	22	1
681	1898	1
682	24	1
682	26	1
683	23	1
683	25	1
683	1901	1
684	25	1
684	29	1
684	30	1
684	685	1
684	687	1
684	1904	1
684	1905	1
684	1907	1
685	684	1
685	1900	1
685	1902	1
685	1904	1
686	29	1
686	31	1
686	35	1
686	1903	1
686	1907	1
687	31	1
687	684	1
687	1908	1
688	33	1
688	37	1
688	689	1
688	1910	1
689	688	1
689	1544	1
689	1547	1
689	1912	1
690	203	1
690	748	1
690	2467	1
691	700	1
691	703	1
691	1144	1
691	1145	1
691	1146	1
691	1153	1
691	1159	1
691	1588	1
692	911	1
692	912	1
692	1592	1
692	1593	1
693	694	1
693	695	1
693	915	1
694	693	1
694	915	1
694	1096	1
695	693	1
695	696	1
695	917	1
695	2578	1
696	695	1
696	697	1
696	922	1
697	44	1
697	696	1
697	698	1
697	927	1
697	928	1
697	943	1
698	697	1
698	699	1
698	922	1
698	923	1
698	936	1
699	43	1
699	698	1
699	936	1
699	937	1
699	1592	1
700	44	1
700	691	1
700	701	1
700	939	1
700	940	1
700	1122	1
701	700	1
701	702	1
701	948	1
701	949	1
701	950	1
702	49	1
702	55	1
702	56	1
702	701	1
702	717	1
702	727	1
702	946	1
703	691	1
703	704	1
703	1153	1
703	1804	1
703	1806	1
703	1812	1
704	71	1
704	703	1
704	705	1
704	711	1
704	1823	1
704	1824	1
705	59	1
705	704	1
705	706	1
705	707	1
705	1814	1
705	1815	1
705	1820	1
705	1821	1
706	705	1
706	1819	1
707	70	1
707	705	1
707	1996	1
707	2179	1
708	45	1
708	48	1
708	2004	1
708	2005	1
709	45	1
709	1823	1
710	836	1
710	837	1
710	839	1
710	1030	1
711	48	1
711	71	1
711	704	1
711	754	1
711	1996	1
712	713	1
712	1917	1
712	1921	1
713	712	1
713	714	1
713	1926	1
713	1927	1
714	713	1
714	717	1
714	1927	1
715	49	1
715	1930	1
715	2123	1
716	49	1
716	1933	1
716	1945	1
716	2121	1
717	702	1
717	714	1
717	2129	1
718	50	1
718	54	1
718	722	1
718	1935	1
718	1964	1
718	1965	1
719	51	1
719	53	1
719	1955	1
719	1963	1
720	53	1
720	721	1
720	725	1
720	1573	1
720	1954	1
720	1958	1
720	1959	1
720	1961	1
720	1962	1
721	51	1
721	52	1
721	60	1
721	720	1
721	723	1
721	1967	1
722	718	1
722	724	1
722	732	1
722	1970	1
722	2147	1
722	2151	1
722	2154	1
723	721	1
723	1966	1
724	54	1
724	722	1
725	60	1
725	360	1
725	720	1
725	732	1
725	1214	1
725	1256	1
725	1476	1
725	1479	1
725	1486	1
725	1959	1
725	1980	1
725	1984	1
725	2155	1
726	56	1
726	1137	1
726	1138	1
726	2136	1
727	55	1
727	702	1
727	2139	1
728	55	1
728	2139	1
728	2140	1
729	57	1
729	2143	1
729	2144	1
729	2145	1
730	58	1
730	731	1
730	1149	1
730	2148	1
731	59	1
731	730	1
731	732	1
731	2152	1
732	722	1
732	725	1
732	731	1
732	733	1
732	734	1
732	747	1
732	2153	1
732	2154	1
733	732	1
733	735	1
733	2155	1
734	60	1
734	732	1
734	2154	1
735	733	1
735	736	1
735	2156	1
736	735	1
736	746	1
736	1979	1
737	61	1
737	738	1
737	739	1
737	745	1
737	747	1
737	2160	1
737	2161	1
737	2162	1
737	2169	1
737	2172	1
738	61	1
738	737	1
738	740	1
738	2164	1
738	2170	1
738	2184	1
738	2200	1
739	65	1
739	737	1
739	2172	1
739	2175	1
739	2176	1
739	2180	1
740	738	1
740	742	1
740	2183	1
740	2184	1
740	2186	1
740	2199	1
741	61	1
741	63	1
741	2189	1
741	2190	1
742	62	1
742	331	1
742	740	1
742	1987	1
742	2199	1
742	2201	1
742	2202	1
743	61	1
743	816	1
743	817	1
743	818	1
743	1028	1
744	62	1
744	774	1
744	1488	1
744	2182	1
744	2200	1
744	2202	1
745	737	1
745	746	1
745	1972	1
745	1973	1
746	736	1
746	745	1
747	732	1
747	737	1
747	1971	1
747	1976	1
747	1977	1
748	690	1
748	1990	1
748	1991	1
749	67	1
749	750	1
749	1985	1
749	1991	1
750	336	1
750	749	1
750	1474	1
750	1987	1
750	1988	1
750	1989	1
751	67	1
751	68	1
751	1995	1
752	67	1
752	69	1
752	1993	1
753	73	1
753	153	1
753	821	1
753	824	1
753	850	1
754	61	1
754	65	1
754	71	1
754	711	1
754	1027	1
754	1028	1
754	1997	1
754	2002	1
754	2003	1
755	971	1
755	1065	1
755	1858	1
756	757	1
756	1078	1
756	1855	1
757	756	1
757	1066	1
758	759	1
758	1078	1
759	758	1
759	760	1
760	759	1
760	761	1
760	1077	1
761	760	1
761	762	1
761	1069	1
761	1477	1
762	761	1
762	763	1
763	762	1
763	764	1
764	763	1
764	765	1
764	967	1
765	764	1
765	968	1
766	767	1
766	967	1
767	766	1
768	769	1
769	768	1
769	770	1
769	1487	1
770	769	1
770	771	1
771	770	1
771	1062	1
771	1487	1
772	1488	1
773	775	1
774	744	1
774	775	1
774	777	1
775	773	1
775	774	1
775	776	1
776	775	1
777	774	1
777	778	1
777	779	1
778	777	1
779	777	1
779	780	1
780	779	1
780	1488	1
781	782	1
781	1056	1
782	781	1
782	783	1
783	782	1
783	1063	1
784	1494	1
784	1495	1
785	1290	1
785	1494	1
785	1495	1
786	794	1
787	1494	1
788	793	1
789	792	1
790	791	1
791	790	1
791	792	1
791	1498	1
792	789	1
792	791	1
792	793	1
793	788	1
793	792	1
793	794	1
794	786	1
794	793	1
794	1494	1
795	796	1
795	1266	1
796	795	1
796	797	1
797	796	1
797	798	1
798	797	1
798	799	1
799	798	1
799	800	1
799	801	1
800	799	1
800	804	1
801	799	1
801	802	1
801	803	1
802	801	1
803	801	1
803	814	1
803	1499	1
804	800	1
804	805	1
804	806	1
804	1501	1
805	804	1
806	804	1
806	807	1
807	806	1
807	808	1
808	807	1
808	809	1
809	808	1
809	810	1
810	809	1
810	811	1
811	810	1
811	812	1
812	811	1
812	813	1
813	812	1
813	814	1
814	803	1
814	813	1
815	1859	1
816	743	1
817	743	1
818	743	1
818	819	1
818	820	1
819	818	1
820	818	1
820	1029	1
821	753	1
821	822	1
822	821	1
822	823	1
822	828	1
823	822	1
823	827	1
824	753	1
824	825	1
824	850	1
824	851	1
824	1601	1
825	824	1
825	826	1
825	827	1
826	825	1
827	823	1
827	825	1
827	1032	1
827	1033	1
828	822	1
828	1032	1
829	1032	1
830	1032	1
831	1030	1
832	1032	1
833	1029	1
834	835	1
835	834	1
835	836	1
835	1028	1
836	710	1
836	835	1
837	710	1
837	838	1
838	837	1
838	839	1
839	710	1
839	838	1
839	1030	1
840	841	1
840	844	1
840	1027	1
841	840	1
842	843	1
843	842	1
843	844	1
844	840	1
844	843	1
844	1027	1
845	1033	1
846	847	1
847	846	1
847	848	1
847	1031	1
847	1164	1
848	847	1
848	849	1
848	1174	1
849	848	1
850	753	1
850	824	1
850	851	1
851	824	1
851	850	1
852	1594	1
853	854	1
854	853	1
854	1636	1
854	2245	1
855	856	1
855	858	1
855	860	1
855	1636	1
855	2247	1
855	2262	1
856	855	1
857	858	1
858	855	1
858	857	1
858	1637	1
859	1637	1
860	855	1
860	2250	1
861	862	1
861	863	1
861	1637	1
862	861	1
862	1637	1
862	1638	1
863	861	1
863	864	1
863	868	1
864	863	1
864	865	1
864	866	1
865	864	1
866	864	1
866	867	1
867	866	1
868	863	1
868	871	1
869	1638	1
870	1638	1
870	2527	1
871	868	1
871	1651	1
871	2527	1
871	2528	1
872	874	1
872	876	1
872	1633	1
872	2260	1
873	874	1
873	1633	1
874	872	1
874	873	1
874	875	1
875	874	1
876	872	1
876	877	1
877	876	1
877	878	1
877	1639	1
878	877	1
878	879	1
878	881	1
879	878	1
879	880	1
879	1640	1
880	879	1
881	878	1
881	882	1
882	881	1
882	883	1
882	888	1
882	2272	1
883	882	1
883	884	1
883	2508	1
884	883	1
885	886	1
885	887	1
885	1632	1
885	1638	1
886	885	1
886	889	1
886	2530	1
887	885	1
887	888	1
887	889	1
888	882	1
888	887	1
889	886	1
889	887	1
889	890	1
889	891	1
889	893	1
889	2508	1
890	889	1
890	2532	1
891	889	1
891	892	1
891	900	1
892	891	1
893	889	1
893	894	1
893	895	1
894	893	1
895	893	1
895	896	1
895	897	1
896	895	1
897	895	1
897	898	1
897	899	1
898	897	1
899	897	1
899	900	1
899	902	1
899	2519	1
900	891	1
900	899	1
900	901	1
901	900	1
902	899	1
902	2506	1
902	2512	1
903	1593	1
904	907	1
904	914	1
904	2420	1
905	906	1
905	907	1
905	2419	1
906	905	1
907	904	1
907	905	1
907	945	1
908	909	1
908	910	1
909	908	1
909	911	1
910	908	1
910	911	1
911	692	1
911	909	1
911	910	1
911	912	1
912	692	1
912	911	1
913	914	1
913	937	1
914	904	1
914	913	1
914	1592	1
915	693	1
915	694	1
915	916	1
915	1740	1
916	915	1
917	695	1
917	918	1
918	917	1
919	920	1
919	2578	1
920	919	1
921	922	1
922	696	1
922	698	1
922	921	1
923	698	1
923	924	1
923	925	1
924	923	1
925	923	1
925	926	1
926	925	1
926	927	1
926	928	1
926	929	1
926	930	1
927	697	1
927	926	1
928	697	1
928	926	1
928	938	1
929	926	1
929	930	1
930	926	1
930	929	1
930	931	1
930	932	1
930	934	1
931	930	1
931	933	1
932	930	1
933	931	1
934	930	1
934	935	1
935	934	1
936	698	1
936	699	1
936	945	1
936	1153	1
937	699	1
937	913	1
938	928	1
938	942	1
939	700	1
939	940	1
940	700	1
940	939	1
940	941	1
940	951	1
941	940	1
941	942	1
942	938	1
942	941	1
942	943	1
942	947	1
942	1153	1
942	1157	1
943	697	1
943	942	1
943	944	1
944	943	1
945	907	1
945	936	1
946	702	1
946	947	1
947	942	1
947	946	1
948	701	1
949	701	1
950	701	1
950	1134	1
950	1135	1
951	940	1
951	952	1
951	1134	1
952	951	1
953	954	1
953	1474	1
954	953	1
954	955	1
955	954	1
955	1474	1
955	1835	1
956	957	1
956	2116	1
957	956	1
957	960	1
957	961	1
958	959	1
958	961	1
958	1474	1
959	958	1
960	957	1
961	957	1
961	958	1
962	963	1
962	964	1
962	1487	1
963	962	1
964	962	1
964	965	1
964	1486	1
964	1487	1
965	964	1
965	1486	1
965	2166	1
966	1486	1
967	764	1
967	766	1
967	1069	1
968	765	1
968	1070	1
968	1071	1
969	1478	1
970	1065	1
970	1477	1
971	755	1
971	972	1
971	1477	1
972	971	1
973	974	1
973	1479	1
974	973	1
974	1475	1
975	1075	1
975	1211	1
975	1475	1
976	978	1
976	1703	1
976	1705	1
977	1705	1
978	976	1
978	979	1
978	980	1
979	978	1
979	980	1
980	978	1
980	979	1
980	1706	1
980	1711	1
980	2311	1
981	2311	1
982	1706	1
982	2311	1
983	2311	1
984	2311	1
985	986	1
985	1713	1
986	985	1
986	1713	1
986	1714	1
987	988	1
987	989	1
987	1016	1
988	987	1
988	993	1
988	1018	1
989	987	1
989	991	1
989	993	1
989	996	1
989	1667	1
990	991	1
990	992	1
991	989	1
991	990	1
992	990	1
992	1667	1
993	988	1
993	989	1
993	994	1
993	995	1
994	993	1
994	995	1
994	998	1
995	993	1
995	994	1
996	989	1
996	998	1
997	998	1
997	1714	1
998	994	1
998	996	1
998	997	1
998	1714	1
999	1713	1
1000	1001	1
1001	1000	1
1001	1002	1
1002	1001	1
1002	1003	1
1002	1707	1
1003	1002	1
1003	2343	1
1004	1176	1
1004	1715	1
1005	2541	1
1006	1663	1
1006	1666	1
1007	1663	1
1007	1681	1
1008	1664	1
1009	1010	1
1009	2311	1
1010	1009	1
1010	1664	1
1011	1012	1
1011	1013	1
1011	1668	1
1012	1011	1
1012	1014	1
1013	1011	1
1013	1014	1
1014	1012	1
1014	1013	1
1015	1016	1
1015	1669	1
1016	987	1
1016	1015	1
1016	1017	1
1017	1016	1
1018	988	1
1018	1019	1
1018	1662	1
1018	1669	1
1019	1018	1
1019	1026	1
1019	1713	1
1020	1021	1
1020	1674	1
1021	1020	1
1021	1022	1
1021	1023	1
1022	1021	1
1022	1675	1
1022	1676	1
1023	1021	1
1023	1024	1
1024	1023	1
1025	1671	1
1026	1019	1
1026	1671	1
1027	48	1
1027	754	1
1027	840	1
1027	844	1
1028	743	1
1028	754	1
1028	835	1
1029	73	1
1029	820	1
1029	833	1
1029	1032	1
1030	310	1
1030	710	1
1030	831	1
1030	839	1
1030	1031	1
1030	1034	1
1031	847	1
1031	1030	1
1031	1034	1
1031	1319	1
1032	72	1
1032	827	1
1032	828	1
1032	829	1
1032	830	1
1032	832	1
1032	1029	1
1033	74	1
1033	311	1
1033	827	1
1033	845	1
1033	1034	1
1034	1030	1
1034	1031	1
1034	1033	1
1035	393	1
1035	1036	1
1035	2482	1
1036	414	1
1036	417	1
1036	1035	1
1036	1728	1
1037	291	1
1037	1253	1
1038	404	1
1038	1566	1
1038	2490	1
1039	405	1
1039	1246	1
1039	1565	1
1040	429	1
1040	1041	1
1040	2495	1
1041	431	1
1041	435	1
1041	1040	1
1041	2497	1
1041	2498	1
1042	431	1
1042	432	1
1042	2497	1
1043	430	1
1043	1720	1
1044	419	1
1045	328	1
1045	1047	1
1045	1054	1
1046	315	1
1046	399	1
1046	411	1
1046	1054	1
1047	318	1
1047	322	1
1047	1045	1
1047	1049	1
1047	2504	1
1048	332	1
1048	409	1
1048	1054	1
1048	2503	1
1049	318	1
1049	319	1
1049	427	1
1049	1047	1
1049	1060	1
1049	2505	1
1050	321	1
1050	333	1
1050	1055	1
1050	1061	1
1050	1826	1
1050	1831	1
1050	1832	1
1051	1052	1
1052	314	1
1052	1051	1
1052	1053	1
1053	314	1
1053	317	1
1053	1052	1
1054	315	1
1054	1045	1
1054	1046	1
1054	1048	1
1054	2500	1
1054	2502	1
1055	323	1
1055	1050	1
1055	1829	1
1056	137	1
1056	315	1
1056	324	1
1056	326	1
1056	781	1
1056	1829	1
1057	326	1
1057	1058	1
1057	1059	1
1058	207	1
1058	1057	1
1058	1059	1
1058	2234	1
1059	1057	1
1059	1058	1
1059	2498	1
1060	330	1
1060	1049	1
1061	337	1
1061	1050	1
1061	1062	1
1061	1834	1
1061	1848	1
1061	1852	1
1062	331	1
1062	771	1
1062	1061	1
1062	1487	1
1062	1488	1
1062	1848	1
1063	335	1
1063	336	1
1063	783	1
1064	352	1
1064	354	1
1064	1066	1
1064	1853	1
1065	374	1
1065	755	1
1065	970	1
1065	1066	1
1065	1477	1
1065	1855	1
1065	1856	1
1066	369	1
1066	757	1
1066	1064	1
1066	1065	1
1066	1067	1
1066	1239	1
1067	358	1
1067	1066	1
1068	346	1
1068	348	1
1068	350	1
1068	351	1
1068	365	1
1068	366	1
1068	1070	1
1068	1077	1
1068	1228	1
1069	337	1
1069	340	1
1069	344	1
1069	346	1
1069	347	1
1069	357	1
1069	761	1
1069	967	1
1069	1472	1
1069	1473	1
1069	1477	1
1070	968	1
1070	1068	1
1070	1072	1
1070	1228	1
1071	343	1
1071	968	1
1071	1216	1
1071	1218	1
1071	1478	1
1072	1070	1
1072	1073	1
1072	1221	1
1072	1222	1
1073	1072	1
1073	1074	1
1073	1075	1
1073	1218	1
1073	1220	1
1074	1073	1
1074	1075	1
1074	1213	1
1074	1219	1
1074	2030	1
1075	363	1
1075	975	1
1075	1073	1
1075	1074	1
1075	1212	1
1075	1217	1
1076	358	1
1076	372	1
1076	375	1
1076	1241	1
1076	1482	1
1076	1484	1
1077	760	1
1077	1068	1
1078	358	1
1078	756	1
1078	758	1
1079	659	1
1079	1080	1
1079	1735	1
1079	1736	1
1079	1788	1
1080	1079	1
1080	1743	1
1081	644	1
1081	1094	1
1081	1761	1
1082	625	1
1083	619	1
1083	636	1
1083	1770	1
1084	1781	1
1085	1086	1
1085	1125	1
1086	1085	1
1086	1125	1
1087	642	1
1087	658	1
1088	669	1
1088	1090	1
1089	1090	1
1090	1088	1
1090	1089	1
1090	1091	1
1091	670	1
1091	671	1
1091	1090	1
1091	1766	1
1092	1402	1
1092	1758	1
1092	1787	1
1093	636	1
1094	622	1
1094	644	1
1094	1081	1
1094	1743	1
1094	1761	1
1095	650	1
1095	1743	1
1095	1774	1
1095	1777	1
1095	1788	1
1096	625	1
1096	626	1
1096	694	1
1097	627	1
1097	1100	1
1097	1118	1
1097	1119	1
1097	1124	1
1097	1748	1
1098	1120	1
1098	1763	1
1099	1120	1
1100	1097	1
1101	654	1
1101	1102	1
1101	1754	1
1102	1101	1
1103	1758	1
1103	1787	1
1103	1803	1
1104	634	1
1104	1105	1
1104	1775	1
1105	1104	1
1106	634	1
1106	656	1
1106	1734	1
1107	636	1
1107	1108	1
1108	1107	1
1108	1109	1
1109	1108	1
1109	1110	1
1110	1109	1
1110	1111	1
1111	1110	1
1111	1761	1
1112	1113	1
1112	1790	1
1113	624	1
1113	1112	1
1113	1730	1
1114	1778	1
1114	1792	1
1115	1116	1
1115	1793	1
1116	1115	1
1116	1117	1
1117	1116	1
1117	1769	1
1118	1097	1
1118	1745	1
1119	1097	1
1119	1763	1
1120	630	1
1120	1098	1
1120	1099	1
1121	1122	1
1121	1751	1
1122	700	1
1122	1121	1
1122	1750	1
1123	1124	1
1123	1802	1
1124	1097	1
1124	1123	1
1124	1752	1
1125	1085	1
1125	1086	1
1125	1801	1
1126	1127	1
1127	678	1
1127	1126	1
1127	1133	1
1128	1129	1
1128	1130	1
1128	1131	1
1129	1128	1
1130	678	1
1130	1128	1
1130	1132	1
1131	1128	1
1132	1130	1
1132	1133	1
1133	677	1
1133	1127	1
1133	1132	1
1134	950	1
1134	951	1
1135	950	1
1135	1136	1
1136	1135	1
1136	1137	1
1136	1138	1
1137	726	1
1137	1136	1
1138	726	1
1138	1136	1
1138	2130	1
1139	1140	1
1139	2138	1
1140	1139	1
1140	1143	1
1141	1142	1
1141	2139	1
1142	1141	1
1142	1143	1
1143	1140	1
1143	1142	1
1143	1145	1
1143	1146	1
1143	1147	1
1144	691	1
1145	691	1
1145	1143	1
1146	691	1
1146	1143	1
1147	1143	1
1147	1148	1
1147	1818	1
1148	1147	1
1148	1149	1
1149	730	1
1149	1148	1
1149	1150	1
1150	1149	1
1150	1151	1
1150	1152	1
1151	1150	1
1152	1150	1
1152	2148	1
1153	691	1
1153	703	1
1153	936	1
1153	942	1
1153	1154	1
1154	1153	1
1155	1157	1
1156	1158	1
1157	942	1
1157	1155	1
1157	1159	1
1158	1156	1
1158	1159	1
1159	691	1
1159	1157	1
1159	1158	1
1160	1806	1
1161	1292	1
1161	2060	1
1162	1163	1
1162	1164	1
1162	2060	1
1163	1162	1
1164	847	1
1164	1162	1
1164	1165	1
1164	1175	1
1165	1164	1
1165	1166	1
1165	1168	1
1166	1165	1
1166	1167	1
1167	1166	1
1168	1165	1
1168	1169	1
1168	1583	1
1169	1168	1
1170	1583	1
1171	1583	1
1172	1583	1
1173	1325	1
1173	1586	1
1174	848	1
1175	1164	1
1175	1317	1
1176	1004	1
1176	1177	1
1177	1176	1
1177	1178	1
1177	2018	1
1178	1177	1
1179	1180	1
1179	1716	1
1179	2010	1
1179	2012	1
1180	1179	1
1180	2016	1
1181	1182	1
1181	1184	1
1181	1672	1
1182	1181	1
1182	1185	1
1182	1186	1
1183	1672	1
1183	1716	1
1184	1181	1
1185	1182	1
1186	1182	1
1186	1187	1
1186	1188	1
1187	1186	1
1187	1189	1
1187	1718	1
1188	1186	1
1188	1659	1
1189	1187	1
1189	1190	1
1190	1189	1
1190	1717	1
1191	1718	1
1192	1716	1
1193	1645	1
1193	1659	1
1193	1719	1
1194	1196	1
1195	1719	1
1196	1194	1
1196	1197	1
1196	1198	1
1197	1196	1
1198	1196	1
1198	1199	1
1198	1717	1
1199	1198	1
1200	1201	1
1200	1717	1
1201	1200	1
1201	1202	1
1201	1720	1
1202	1201	1
1203	1718	1
1203	1720	1
1204	1205	1
1205	1204	1
1205	1206	1
1205	1721	1
1206	1205	1
1207	1208	1
1208	1207	1
1208	1209	1
1208	1721	1
1209	1208	1
1209	1210	1
1210	1209	1
1210	1722	1
1211	975	1
1212	1075	1
1212	1213	1
1212	1476	1
1213	1074	1
1213	1212	1
1213	1231	1
1214	725	1
1214	1476	1
1215	1476	1
1216	1071	1
1216	1217	1
1217	1075	1
1217	1216	1
1218	1071	1
1218	1073	1
1219	1074	1
1220	1073	1
1221	1072	1
1221	1222	1
1221	1224	1
1222	1072	1
1222	1221	1
1222	1223	1
1223	1222	1
1224	1221	1
1224	1225	1
1225	1224	1
1225	1226	1
1225	1232	1
1226	1225	1
1226	1480	1
1227	1228	1
1228	1068	1
1228	1070	1
1228	1227	1
1228	1229	1
1228	2035	1
1229	1228	1
1229	1230	1
1230	1229	1
1231	1213	1
1231	1957	1
1232	1225	1
1232	1233	1
1232	2033	1
1233	1232	1
1234	1235	1
1234	1236	1
1234	1481	1
1234	2035	1
1235	1234	1
1236	1234	1
1236	1237	1
1237	1236	1
1237	1238	1
1237	1248	1
1238	1237	1
1239	1066	1
1240	1483	1
1241	1076	1
1241	1242	1
1242	1241	1
1243	1244	1
1243	1484	1
1244	1243	1
1245	1246	1
1246	1039	1
1246	1245	1
1246	1492	1
1247	1248	1
1247	1482	1
1247	1483	1
1248	1237	1
1248	1247	1
1248	1249	1
1249	1248	1
1250	1485	1
1251	1252	1
1251	1565	1
1251	1576	1
1252	1251	1
1252	1253	1
1253	1037	1
1253	1252	1
1253	1565	1
1254	1255	1
1254	1720	1
1255	1254	1
1256	725	1
1256	2167	1
1257	1258	1
1257	1490	1
1258	1257	1
1258	1259	1
1259	1258	1
1259	1260	1
1259	1261	1
1259	1264	1
1259	1491	1
1260	1259	1
1261	1259	1
1261	1262	1
1262	1261	1
1262	1263	1
1263	1262	1
1263	1493	1
1264	1259	1
1264	1265	1
1265	1264	1
1265	1267	1
1266	795	1
1266	1267	1
1266	1493	1
1267	1265	1
1267	1266	1
1267	1268	1
1268	1267	1
1268	1269	1
1269	1268	1
1269	1270	1
1269	1498	1
1269	1499	1
1270	1269	1
1271	1272	1
1271	1273	1
1271	1499	1
1272	1271	1
1273	1271	1
1274	1276	1
1274	1490	1
1274	1866	1
1275	1276	1
1275	1287	1
1275	1490	1
1276	1274	1
1276	1275	1
1276	1277	1
1277	1276	1
1277	1278	1
1278	1277	1
1278	1279	1
1278	1284	1
1279	1278	1
1279	1280	1
1279	1281	1
1280	1279	1
1280	1496	1
1281	1279	1
1281	1283	1
1282	1283	1
1283	1281	1
1283	1282	1
1283	1497	1
1284	1278	1
1284	1497	1
1285	1286	1
1285	1490	1
1286	1285	1
1286	1502	1
1287	1275	1
1287	1288	1
1288	1287	1
1288	1289	1
1288	1290	1
1288	1495	1
1289	1288	1
1289	1495	1
1290	785	1
1290	1288	1
1290	1291	1
1291	1290	1
1292	1161	1
1292	1293	1
1292	1584	1
1293	1292	1
1294	1295	1
1294	1296	1
1294	1584	1
1295	1294	1
1295	1298	1
1295	1584	1
1295	2410	1
1296	1294	1
1296	1297	1
1297	1296	1
1297	1302	1
1298	1295	1
1298	1299	1
1298	1300	1
1299	1298	1
1300	1298	1
1300	1301	1
1300	1302	1
1301	1300	1
1301	2205	1
1302	1297	1
1302	1300	1
1302	1303	1
1302	1304	1
1302	1305	1
1302	1581	1
1303	1302	1
1303	1304	1
1304	1302	1
1304	1303	1
1304	1581	1
1304	2057	1
1305	1302	1
1306	1307	1
1307	1306	1
1307	1308	1
1307	1309	1
1308	1307	1
1308	1587	1
1309	1307	1
1309	1310	1
1310	1309	1
1310	1311	1
1310	1586	1
1311	1310	1
1311	1316	1
1311	1587	1
1312	1587	1
1313	1587	1
1314	1315	1
1315	1314	1
1315	1316	1
1315	1318	1
1316	1311	1
1316	1315	1
1316	1586	1
1317	1175	1
1317	1587	1
1318	1315	1
1318	1319	1
1319	1031	1
1319	1318	1
1319	1320	1
1320	1319	1
1321	1322	1
1321	1324	1
1321	1582	1
1321	2060	1
1322	1321	1
1322	1323	1
1323	1322	1
1323	1324	1
1324	1321	1
1324	1323	1
1324	1325	1
1325	1173	1
1325	1324	1
1325	1582	1
1326	1509	1
1326	1510	1
1326	1512	1
1327	1360	1
1327	2622	1
1328	1788	1
1328	2709	1
1329	1788	1
1330	1734	1
1331	1332	1
1331	2606	1
1332	1331	1
1333	1407	1
1333	2586	1
1334	1426	1
1334	1741	1
1334	1770	1
1334	1771	1
1335	1444	1
1335	1743	1
1336	1761	1
1337	1339	1
1337	1761	1
1338	1761	1
1339	1337	1
1339	1340	1
1339	1761	1
1340	1339	1
1341	1461	1
1342	1796	1
1342	2607	1
1342	2608	1
1343	2607	1
1344	1346	1
1344	1455	1
1344	1729	1
1344	2384	1
1344	2610	1
1345	1729	1
1346	1344	1
1346	1729	1
1347	1787	1
1347	2605	1
1347	2611	1
1347	2612	1
1347	2613	1
1347	2614	1
1348	1733	1
1348	2614	1
1349	1774	1
1349	2377	1
1349	2615	1
1350	1773	1
1350	2377	1
1351	1774	1
1351	2378	1
1351	2379	1
1351	2406	1
1352	1736	1
1352	1743	1
1352	2383	1
1353	1776	1
1353	2378	1
1353	2388	1
1353	2389	1
1354	1357	1
1354	1777	1
1354	2565	1
1354	2566	1
1355	1356	1
1355	1740	1
1356	1355	1
1357	1354	1
1357	2574	1
1358	2576	1
1358	2577	1
1358	2579	1
1358	2627	1
1359	1744	1
1359	1745	1
1359	2579	1
1360	1327	1
1360	1745	1
1360	2580	1
1360	2581	1
1360	2625	1
1361	2624	1
1361	2625	1
1362	1744	1
1363	2627	1
1364	1365	1
1364	2631	1
1364	2632	1
1365	1364	1
1365	1366	1
1365	1747	1
1365	2627	1
1365	2637	1
1366	1365	1
1366	1367	1
1366	2634	1
1367	1366	1
1367	1368	1
1368	1367	1
1368	2635	1
1369	1371	1
1369	1372	1
1369	1750	1
1369	1781	1
1369	2635	1
1370	1750	1
1371	1369	1
1371	1372	1
1372	1369	1
1372	1371	1
1372	2636	1
1373	1746	1
1373	1781	1
1373	2636	1
1374	1779	1
1374	2640	1
1375	1744	1
1375	1780	1
1375	2644	1
1375	2645	1
1376	1378	1
1376	1780	1
1376	2652	1
1376	2657	1
1377	2652	1
1377	2656	1
1378	1376	1
1378	1746	1
1378	1780	1
1378	2651	1
1379	1380	1
1379	2663	1
1379	2664	1
1379	2666	1
1380	1379	1
1381	1383	1
1382	1383	1
1382	1385	1
1382	1755	1
1383	1381	1
1383	1382	1
1384	1413	1
1384	1414	1
1384	1734	1
1384	2586	1
1384	2588	1
1384	2595	1
1384	2596	1
1384	2599	1
1384	2602	1
1384	2604	1
1384	2605	1
1385	1382	1
1385	2668	1
1386	2674	1
1387	1388	1
1387	1768	1
1388	1387	1
1388	1389	1
1388	2676	1
1389	1388	1
1389	1782	1
1389	2675	1
1390	1732	1
1390	1783	1
1390	2677	1
1391	2678	1
1391	2679	1
1392	1396	1
1392	2681	1
1392	2683	1
1393	1758	1
1393	2685	1
1393	2689	1
1393	2692	1
1393	2693	1
1393	2694	1
1394	1396	1
1394	1758	1
1395	2693	1
1396	1392	1
1396	1394	1
1396	1758	1
1396	2681	1
1396	2685	1
1396	2687	1
1396	2688	1
1397	2694	1
1397	2695	1
1397	2696	1
1398	2697	1
1398	2698	1
1398	2699	1
1399	1400	1
1399	1786	1
1400	1399	1
1400	1401	1
1400	1782	1
1401	1400	1
1402	668	1
1402	1092	1
1403	1404	1
1403	2700	1
1404	1403	1
1404	1405	1
1405	1404	1
1405	1407	1
1406	1407	1
1406	2701	1
1407	1333	1
1407	1405	1
1407	1406	1
1407	2587	1
1408	1409	1
1408	1769	1
1409	1408	1
1409	2702	1
1410	1788	1
1410	2707	1
1411	1738	1
1411	2591	1
1411	2711	1
1412	2593	1
1412	2595	1
1413	1384	1
1413	1734	1
1413	2708	1
1414	1384	1
1414	1739	1
1415	1416	1
1415	1770	1
1416	1415	1
1416	1417	1
1416	1770	1
1417	1416	1
1418	1770	1
1419	1420	1
1420	1419	1
1420	1421	1
1420	1422	1
1421	1420	1
1421	1770	1
1422	1420	1
1422	1423	1
1423	1422	1
1423	1424	1
1423	1426	1
1424	1423	1
1424	1426	1
1425	1426	1
1426	1334	1
1426	1423	1
1426	1424	1
1426	1425	1
1426	1801	1
1427	1770	1
1428	1770	1
1429	1770	1
1430	1431	1
1431	1430	1
1431	1770	1
1432	1433	1
1432	1801	1
1433	1432	1
1433	1434	1
1434	1433	1
1434	1435	1
1434	1741	1
1435	1434	1
1435	1741	1
1436	1437	1
1436	1441	1
1436	1447	1
1436	1741	1
1437	1436	1
1437	1438	1
1438	1437	1
1438	1771	1
1439	1440	1
1440	1439	1
1440	1772	1
1441	1436	1
1441	1442	1
1442	1441	1
1442	1443	1
1443	1442	1
1443	1444	1
1444	1335	1
1444	1443	1
1444	1445	1
1445	1444	1
1446	1447	1
1447	1436	1
1447	1446	1
1448	1449	1
1448	1743	1
1448	1772	1
1449	1448	1
1449	1450	1
1449	1452	1
1449	1742	1
1450	1449	1
1450	1451	1
1451	1450	1
1452	1449	1
1452	1453	1
1453	1452	1
1453	1761	1
1454	1730	1
1454	1773	1
1455	1344	1
1455	1772	1
1455	2382	1
1456	1458	1
1456	1794	1
1457	1458	1
1457	1794	1
1458	1456	1
1458	1457	1
1458	1469	1
1458	1795	1
1459	1460	1
1459	1794	1
1460	1459	1
1461	1341	1
1461	1462	1
1461	1468	1
1462	1461	1
1462	1465	1
1463	1464	1
1463	1466	1
1463	1467	1
1463	1775	1
1464	1463	1
1465	1462	1
1465	1467	1
1466	1463	1
1466	1467	1
1466	1775	1
1467	1463	1
1467	1465	1
1467	1466	1
1468	1461	1
1468	1795	1
1469	1458	1
1469	2621	1
1470	350	1
1471	329	1
1471	1472	1
1471	1852	1
1472	1069	1
1472	1471	1
1472	1852	1
1473	399	1
1473	1069	1
1473	1477	1
1473	1849	1
1473	1852	1
1474	750	1
1474	953	1
1474	955	1
1474	958	1
1475	361	1
1475	362	1
1475	363	1
1475	974	1
1475	975	1
1476	725	1
1476	1212	1
1476	1214	1
1476	1215	1
1476	1957	1
1477	346	1
1477	347	1
1477	761	1
1477	970	1
1477	971	1
1477	1065	1
1477	1069	1
1477	1473	1
1478	359	1
1478	969	1
1478	1071	1
1479	360	1
1479	725	1
1479	973	1
1480	366	1
1480	1226	1
1480	1481	1
1480	2035	1
1481	368	1
1481	1234	1
1481	1480	1
1482	141	1
1482	1076	1
1482	1247	1
1483	1240	1
1483	1247	1
1483	1485	1
1484	1076	1
1484	1243	1
1485	138	1
1485	1250	1
1485	1483	1
1486	342	1
1486	725	1
1486	964	1
1486	965	1
1486	966	1
1486	1487	1
1486	2167	1
1487	342	1
1487	357	1
1487	769	1
1487	771	1
1487	962	1
1487	964	1
1487	1062	1
1487	1486	1
1488	744	1
1488	772	1
1488	780	1
1488	1062	1
1488	1848	1
1489	331	1
1489	1835	1
1489	1836	1
1489	1840	1
1489	1844	1
1490	76	1
1490	1257	1
1490	1274	1
1490	1275	1
1490	1285	1
1490	1502	1
1490	1503	1
1491	76	1
1491	1259	1
1491	1865	1
1492	139	1
1492	142	1
1492	1246	1
1492	1574	1
1493	1263	1
1493	1266	1
1493	1499	1
1494	784	1
1494	785	1
1494	787	1
1494	794	1
1494	1495	1
1494	1498	1
1495	784	1
1495	785	1
1495	1288	1
1495	1289	1
1495	1494	1
1495	1496	1
1495	1497	1
1495	1502	1
1496	1280	1
1496	1495	1
1496	1497	1
1497	1283	1
1497	1284	1
1497	1495	1
1497	1496	1
1498	791	1
1498	1269	1
1498	1494	1
1498	1500	1
1498	1861	1
1498	1862	1
1498	1863	1
1498	1864	1
1499	76	1
1499	803	1
1499	1269	1
1499	1271	1
1499	1493	1
1500	8	1
1500	9	1
1500	1498	1
1500	1501	1
1500	1859	1
1501	9	1
1501	75	1
1501	804	1
1501	1500	1
1502	1286	1
1502	1490	1
1502	1495	1
1503	97	1
1503	1490	1
1503	1509	1
1503	1866	1
1503	1870	1
1504	82	1
1504	84	1
1504	1871	1
1504	1872	1
1504	1873	1
1505	78	1
1505	79	1
1505	84	1
1505	1608	1
1505	1875	1
1505	1876	1
1506	82	1
1506	232	1
1506	449	1
1506	1878	1
1506	1879	1
1507	228	1
1507	1608	1
1507	1627	1
1507	1878	1
1507	2118	1
1508	1625	1
1508	1879	1
1509	98	1
1509	1326	1
1509	1503	1
1509	2061	1
1509	2064	1
1510	97	1
1510	1326	1
1511	86	1
1511	2076	1
1511	2077	1
1511	2080	1
1511	2082	1
1512	97	1
1512	99	1
1512	1326	1
1513	11	1
1513	2061	1
1514	93	1
1514	99	1
1514	240	1
1514	1624	1
1514	2075	1
1514	2219	1
1515	106	1
1515	2086	1
1515	2089	1
1516	134	1
1516	2085	1
1516	2086	1
1516	2087	1
1517	93	1
1517	134	1
1517	2108	1
1518	241	1
1518	1540	1
1518	2107	1
1518	2109	1
1519	121	1
1519	133	1
1519	2106	1
1519	2113	1
1520	107	1
1520	1521	1
1520	1522	1
1520	1542	1
1520	2092	1
1521	91	1
1521	1520	1
1521	1542	1
1522	108	1
1522	109	1
1522	1520	1
1522	1542	1
1522	2093	1
1523	106	1
1523	123	1
1523	135	1
1523	1524	1
1523	2106	1
1524	1523	1
1524	1526	1
1524	1543	1
1524	2095	1
1524	2096	1
1524	2097	1
1525	118	1
1525	127	1
1525	2090	1
1526	111	1
1526	1524	1
1526	2098	1
1527	123	1
1527	124	1
1527	1528	1
1527	1531	1
1528	124	1
1528	127	1
1528	129	1
1528	136	1
1528	1527	1
1528	1529	1
1529	126	1
1529	136	1
1529	1528	1
1529	1530	1
1530	122	1
1530	126	1
1530	136	1
1530	1529	1
1530	1531	1
1530	1538	1
1531	112	1
1531	1527	1
1531	1530	1
1532	111	1
1532	114	1
1532	2103	1
1532	2105	1
1533	105	1
1533	107	1
1533	1543	1
1533	2092	1
1534	107	1
1534	108	1
1534	1543	1
1534	2095	1
1534	2110	1
1535	117	1
1535	1536	1
1536	117	1
1536	1535	1
1536	1537	1
1536	2094	1
1537	125	1
1537	1536	1
1538	122	1
1538	132	1
1538	137	1
1538	1530	1
1538	1539	1
1538	2111	1
1539	131	1
1539	336	1
1539	1538	1
1539	1880	1
1539	2116	1
1540	1518	1
1540	1542	1
1541	118	1
1541	133	1
1541	2090	1
1542	1520	1
1542	1521	1
1542	1522	1
1542	1540	1
1543	1524	1
1543	1533	1
1543	1534	1
1544	37	1
1544	689	1
1544	1909	1
1544	1911	1
1544	1912	1
1545	38	1
1545	1546	1
1545	1910	1
1546	38	1
1546	259	1
1546	1545	1
1547	250	1
1547	689	1
1547	1548	1
1547	1550	1
1547	1912	1
1547	2468	1
1548	36	1
1548	254	1
1548	1547	1
1548	1913	1
1548	1914	1
1549	39	1
1549	41	1
1549	1913	1
1549	1914	1
1550	39	1
1550	40	1
1550	41	1
1550	1547	1
1550	1915	1
1551	252	1
1551	254	1
1551	1552	1
1551	1553	1
1552	252	1
1552	270	1
1552	1551	1
1552	1553	1
1552	1554	1
1552	1557	1
1553	1551	1
1553	1552	1
1553	1554	1
1553	1555	1
1553	2470	1
1554	1552	1
1554	1553	1
1554	1555	1
1555	1553	1
1555	1554	1
1556	257	1
1556	1559	1
1557	268	1
1557	1552	1
1557	1558	1
1558	267	1
1558	274	1
1558	286	1
1558	1557	1
1558	1563	1
1558	2474	1
1559	278	1
1559	1556	1
1559	1560	1
1559	1564	1
1559	2475	1
1560	256	1
1560	277	1
1560	278	1
1560	1559	1
1560	1568	1
1560	2473	1
1561	279	1
1561	2476	1
1562	279	1
1562	1563	1
1562	2010	1
1563	294	1
1563	1558	1
1563	1562	1
1563	1567	1
1563	2008	1
1564	281	1
1564	295	1
1564	1559	1
1564	1565	1
1565	142	1
1565	1039	1
1565	1251	1
1565	1253	1
1565	1564	1
1566	286	1
1566	289	1
1566	1038	1
1566	2490	1
1567	289	1
1567	1563	1
1567	2474	1
1568	299	1
1568	1560	1
1568	1569	1
1568	1570	1
1568	1572	1
1568	2022	1
1568	2475	1
1569	1568	1
1569	2021	1
1569	2475	1
1570	296	1
1570	297	1
1570	1568	1
1570	2023	1
1571	297	1
1571	1573	1
1571	2025	1
1572	296	1
1572	1568	1
1572	2019	1
1572	2021	1
1573	300	1
1573	720	1
1573	1571	1
1573	1574	1
1573	2024	1
1573	2032	1
1574	140	1
1574	143	1
1574	1492	1
1574	1573	1
1574	2032	1
1574	2033	1
1575	2024	1
1576	143	1
1576	144	1
1576	299	1
1576	1251	1
1577	302	1
1577	1578	1
1577	2052	1
1577	2060	1
1578	304	1
1578	1577	1
1578	1579	1
1578	1581	1
1578	1583	1
1578	2055	1
1579	1578	1
1579	2049	1
1579	2050	1
1580	1581	1
1580	2036	1
1580	2037	1
1580	2038	1
1580	2046	1
1581	304	1
1581	1302	1
1581	1304	1
1581	1578	1
1581	1580	1
1581	1584	1
1581	2058	1
1582	301	1
1582	1321	1
1582	1325	1
1582	1586	1
1583	307	1
1583	1168	1
1583	1170	1
1583	1171	1
1583	1172	1
1583	1578	1
1583	1585	1
1584	147	1
1584	305	1
1584	1292	1
1584	1294	1
1584	1295	1
1584	1581	1
1584	1585	1
1584	2413	1
1585	305	1
1585	309	1
1585	1583	1
1585	1584	1
1586	310	1
1586	311	1
1586	312	1
1586	1173	1
1586	1310	1
1586	1316	1
1586	1582	1
1587	311	1
1587	1308	1
1587	1311	1
1587	1312	1
1587	1313	1
1587	1317	1
1588	45	1
1588	149	1
1588	691	1
1588	1591	1
1588	1806	1
1588	1807	1
1588	1808	1
1588	1810	1
1588	1813	1
1588	1822	1
1588	1824	1
1588	2413	1
1589	147	1
1589	148	1
1589	1591	1
1589	2409	1
1589	2411	1
1589	2412	1
1590	42	1
1590	148	1
1591	146	1
1591	1588	1
1591	1589	1
1591	2416	1
1592	149	1
1592	692	1
1592	699	1
1592	914	1
1592	1593	1
1593	692	1
1593	903	1
1593	1592	1
1593	2419	1
1594	150	1
1594	852	1
1594	1595	1
1594	2421	1
1594	2422	1
1594	2423	1
1594	2424	1
1595	7	1
1595	1594	1
1595	1596	1
1595	2425	1
1596	1595	1
1596	1598	1
1596	2426	1
1597	1598	1
1597	2428	1
1598	153	1
1598	1596	1
1598	1597	1
1598	1599	1
1598	2429	1
1599	1598	1
1599	1600	1
1599	2435	1
1599	2436	1
1599	2438	1
1600	154	1
1600	1599	1
1600	1601	1
1600	2437	1
1600	2441	1
1601	824	1
1601	1600	1
1601	2441	1
1601	2445	1
1602	2444	1
1602	2446	1
1602	2448	1
1602	2449	1
1602	2451	1
1603	183	1
1603	2457	1
1604	205	1
1604	206	1
1604	2458	1
1605	1606	1
1605	2454	1
1605	2459	1
1606	205	1
1606	1605	1
1606	2460	1
1607	189	1
1607	2461	1
1608	80	1
1608	209	1
1608	212	1
1608	1505	1
1608	1507	1
1608	1609	1
1608	2553	1
1608	2554	1
1608	2555	1
1609	229	1
1609	230	1
1609	1608	1
1609	2556	1
1610	232	1
1610	2552	1
1611	210	1
1611	212	1
1611	233	1
1611	1613	1
1611	2557	1
1611	2561	1
1612	209	1
1612	224	1
1612	450	1
1612	462	1
1612	1616	1
1612	2559	1
1613	213	1
1613	224	1
1613	231	1
1613	1611	1
1613	2557	1
1614	1615	1
1614	1616	1
1614	2562	1
1615	1614	1
1615	1618	1
1615	2562	1
1616	218	1
1616	222	1
1616	1612	1
1616	1614	1
1616	1617	1
1616	2207	1
1616	2208	1
1616	2560	1
1617	221	1
1617	234	1
1617	235	1
1617	478	1
1617	479	1
1617	1616	1
1617	2209	1
1617	2210	1
1618	213	1
1618	214	1
1618	216	1
1618	1615	1
1619	234	1
1619	504	1
1619	2210	1
1619	2213	1
1620	104	1
1620	230	1
1620	1623	1
1620	2216	1
1621	241	1
1621	242	1
1621	2229	1
1622	116	1
1622	239	1
1622	245	1
1622	247	1
1622	2233	1
1623	236	1
1623	1620	1
1623	2219	1
1624	237	1
1624	1514	1
1624	2220	1
1625	1508	1
1625	1626	1
1625	1635	1
1625	2236	1
1625	2238	1
1625	2239	1
1626	12	1
1626	1625	1
1626	2240	1
1627	209	1
1627	1507	1
1627	2552	1
1628	457	1
1628	2245	1
1629	457	1
1629	458	1
1629	1634	1
1629	2244	1
1630	440	1
1630	460	1
1630	1631	1
1630	1632	1
1630	2262	1
1630	2265	1
1630	2266	1
1630	2267	1
1630	2274	1
1631	440	1
1631	1630	1
1632	444	1
1632	475	1
1632	885	1
1632	1630	1
1632	1638	1
1632	2267	1
1632	2268	1
1632	2269	1
1632	2270	1
1633	447	1
1633	454	1
1633	872	1
1633	873	1
1633	2256	1
1633	2257	1
1634	461	1
1634	1629	1
1634	2242	1
1634	2249	1
1635	1625	1
1635	2241	1
1635	2251	1
1635	2253	1
1635	2254	1
1636	466	1
1636	467	1
1636	854	1
1636	855	1
1636	1637	1
1637	468	1
1637	858	1
1637	859	1
1637	861	1
1637	862	1
1637	1636	1
1638	862	1
1638	869	1
1638	870	1
1638	885	1
1638	1632	1
1638	1651	1
1639	443	1
1639	474	1
1639	877	1
1640	472	1
1640	474	1
1640	879	1
1640	2507	1
1641	430	1
1641	476	1
1641	477	1
1641	2497	1
1642	478	1
1642	480	1
1642	2209	1
1642	2513	1
1643	503	1
1643	1644	1
1643	2213	1
1644	234	1
1644	493	1
1644	502	1
1644	1643	1
1644	2513	1
1644	2514	1
1644	2515	1
1645	485	1
1645	488	1
1645	499	1
1645	1193	1
1645	1646	1
1645	2515	1
1645	2516	1
1645	2535	1
1646	490	1
1646	498	1
1646	501	1
1646	506	1
1646	1645	1
1646	2519	1
1647	510	1
1647	516	1
1647	2520	1
1647	2521	1
1647	2522	1
1648	511	1
1648	2522	1
1649	512	1
1649	513	1
1649	2523	1
1649	2524	1
1650	2525	1
1651	470	1
1651	517	1
1651	520	1
1651	871	1
1651	1638	1
1651	2527	1
1652	520	1
1652	1653	1
1652	2529	1
1653	519	1
1653	521	1
1653	1652	1
1654	529	1
1654	530	1
1655	499	1
1655	528	1
1655	530	1
1655	533	1
1655	2520	1
1655	2535	1
1655	2536	1
1656	531	1
1656	537	1
1656	538	1
1656	1659	1
1656	2548	1
1656	2550	1
1657	535	1
1657	537	1
1657	541	1
1657	2546	1
1658	534	1
1658	1660	1
1658	1661	1
1658	2539	1
1658	2541	1
1658	2542	1
1658	2549	1
1659	539	1
1659	1188	1
1659	1193	1
1659	1656	1
1659	1719	1
1659	2550	1
1660	513	1
1660	1658	1
1660	1690	1
1660	2537	1
1661	1658	1
1662	543	1
1662	560	1
1662	1018	1
1662	1670	1
1663	547	1
1663	1006	1
1663	1007	1
1663	1664	1
1664	573	1
1664	1008	1
1664	1010	1
1664	1663	1
1664	1665	1
1664	1682	1
1664	2310	1
1664	2311	1
1665	1664	1
1666	553	1
1666	561	1
1666	1006	1
1666	2311	1
1667	382	1
1667	554	1
1667	558	1
1667	989	1
1667	992	1
1667	1711	1
1668	553	1
1668	560	1
1668	1011	1
1669	560	1
1669	1015	1
1669	1018	1
1670	549	1
1670	1662	1
1670	1673	1
1671	552	1
1671	557	1
1671	559	1
1671	1025	1
1671	1026	1
1672	555	1
1672	1181	1
1672	1183	1
1672	1673	1
1673	550	1
1673	1670	1
1673	1672	1
1674	556	1
1674	557	1
1674	1020	1
1675	385	1
1675	557	1
1675	1022	1
1675	1676	1
1675	1715	1
1676	1022	1
1676	1675	1
1677	545	1
1677	1678	1
1677	2294	1
1678	1677	1
1678	1683	1
1678	2290	1
1678	2291	1
1678	2295	1
1679	572	1
1679	2290	1
1679	2291	1
1679	2292	1
1680	566	1
1680	1684	1
1680	1685	1
1680	2298	1
1680	2318	1
1680	2319	1
1681	568	1
1681	1007	1
1682	568	1
1682	1664	1
1682	2309	1
1683	562	1
1683	564	1
1683	1678	1
1683	1688	1
1683	2296	1
1684	563	1
1684	584	1
1684	1680	1
1684	2299	1
1684	2314	1
1685	564	1
1685	567	1
1685	1680	1
1685	1695	1
1685	2313	1
1685	2317	1
1686	562	1
1686	563	1
1686	2301	1
1686	2303	1
1686	2304	1
1686	2330	1
1687	565	1
1687	2275	1
1687	2316	1
1688	570	1
1688	1683	1
1688	1689	1
1688	2278	1
1688	2285	1
1689	1688	1
1689	2305	1
1690	536	1
1690	570	1
1690	1660	1
1690	2278	1
1690	2279	1
1691	562	1
1691	575	1
1691	2308	1
1691	2325	1
1691	2326	1
1692	574	1
1692	2322	1
1693	576	1
1693	577	1
1693	2328	1
1694	584	1
1694	585	1
1694	588	1
1694	2329	1
1694	2330	1
1694	2331	1
1695	579	1
1695	583	1
1695	584	1
1695	1685	1
1695	2331	1
1695	2332	1
1696	577	1
1696	578	1
1696	579	1
1696	2327	1
1696	2328	1
1697	578	1
1697	2358	1
1698	598	1
1698	1699	1
1699	1698	1
1699	1701	1
1699	2336	1
1699	2339	1
1700	600	1
1700	1701	1
1700	2337	1
1700	2341	1
1701	1699	1
1701	1700	1
1701	2340	1
1701	2342	1
1702	615	1
1702	1708	1
1702	2349	1
1703	376	1
1703	610	1
1703	976	1
1703	1705	1
1704	616	1
1704	617	1
1704	1710	1
1704	2368	1
1704	2370	1
1704	2376	1
1705	377	1
1705	569	1
1705	573	1
1705	614	1
1705	976	1
1705	977	1
1705	1703	1
1706	376	1
1706	980	1
1706	982	1
1706	2345	1
1707	384	1
1707	600	1
1707	1002	1
1708	378	1
1708	1702	1
1708	2348	1
1708	2361	1
1709	381	1
1709	2350	1
1709	2351	1
1709	2358	1
1710	380	1
1710	1704	1
1710	2275	1
1710	2276	1
1710	2277	1
1711	980	1
1711	1667	1
1712	383	1
1713	559	1
1713	985	1
1713	986	1
1713	999	1
1713	1019	1
1713	1714	1
1714	382	1
1714	384	1
1714	986	1
1714	997	1
1714	998	1
1714	1713	1
1715	386	1
1715	388	1
1715	1004	1
1715	1675	1
1716	391	1
1716	1179	1
1716	1183	1
1716	1192	1
1717	389	1
1717	1190	1
1717	1198	1
1717	1200	1
1717	1720	1
1718	391	1
1718	1187	1
1718	1191	1
1718	1203	1
1719	389	1
1719	485	1
1719	1193	1
1719	1195	1
1719	1659	1
1720	1043	1
1720	1201	1
1720	1203	1
1720	1254	1
1720	1717	1
1720	2492	1
1721	391	1
1721	1205	1
1721	1208	1
1721	1724	1
1722	1210	1
1722	1723	1
1722	1726	1
1723	1722	1
1723	1724	1
1723	2478	1
1724	392	1
1724	393	1
1724	1721	1
1724	1723	1
1724	2479	1
1725	392	1
1725	395	1
1725	402	1
1725	403	1
1726	1722	1
1726	2480	1
1727	422	1
1727	2480	1
1728	393	1
1728	400	1
1728	410	1
1728	1036	1
1729	1344	1
1729	1345	1
1729	1346	1
1729	1736	1
1729	1737	1
1730	1113	1
1730	1454	1
1730	1761	1
1730	1773	1
1730	1776	1
1730	2386	1
1730	2387	1
1731	629	1
1731	639	1
1731	1746	1
1731	1764	1
1731	1779	1
1731	2638	1
1732	664	1
1732	666	1
1732	1390	1
1732	1783	1
1732	1784	1
1732	1798	1
1732	2679	1
1732	2681	1
1733	634	1
1733	642	1
1733	1348	1
1734	635	1
1734	1106	1
1734	1330	1
1734	1384	1
1734	1413	1
1734	1735	1
1734	1739	1
1734	1756	1
1734	1787	1
1734	2599	1
1734	2703	1
1735	1079	1
1735	1734	1
1735	1759	1
1735	2582	1
1735	2583	1
1735	2584	1
1735	2585	1
1736	659	1
1736	1079	1
1736	1352	1
1736	1729	1
1736	1741	1
1736	1743	1
1736	2383	1
1736	2384	1
1736	2385	1
1736	2609	1
1737	1729	1
1738	1411	1
1739	640	1
1739	1414	1
1739	1734	1
1739	1788	1
1739	2597	1
1739	2702	1
1739	2709	1
1740	915	1
1740	1355	1
1740	1791	1
1741	1334	1
1741	1434	1
1741	1435	1
1741	1436	1
1741	1736	1
1741	1771	1
1741	1801	1
1742	619	1
1742	621	1
1742	1449	1
1743	651	1
1743	1080	1
1743	1094	1
1743	1095	1
1743	1335	1
1743	1352	1
1743	1448	1
1743	1736	1
1743	1788	1
1744	627	1
1744	1359	1
1744	1362	1
1744	1375	1
1744	1779	1
1744	1802	1
1744	2622	1
1745	637	1
1745	1118	1
1745	1359	1
1745	1360	1
1745	2581	1
1746	1373	1
1746	1378	1
1746	1731	1
1746	1747	1
1746	1764	1
1746	1780	1
1746	2636	1
1746	2642	1
1746	2657	1
1747	628	1
1747	631	1
1747	1365	1
1747	1746	1
1748	1097	1
1748	1780	1
1748	1781	1
1748	2639	1
1749	628	1
1749	632	1
1749	1767	1
1750	629	1
1750	638	1
1750	1122	1
1750	1369	1
1750	1370	1
1750	1781	1
1751	638	1
1751	1121	1
1752	632	1
1752	653	1
1752	1124	1
1752	1753	1
1752	1765	1
1752	2661	1
1753	632	1
1753	635	1
1753	676	1
1753	1752	1
1753	2662	1
1753	2663	1
1753	2664	1
1754	676	1
1754	1101	1
1754	1755	1
1754	1756	1
1755	645	1
1755	654	1
1755	660	1
1755	1382	1
1755	1754	1
1755	2669	1
1755	2670	1
1756	655	1
1756	1734	1
1756	1754	1
1756	1769	1
1756	2703	1
1757	646	1
1758	656	1
1758	667	1
1758	1092	1
1758	1103	1
1758	1393	1
1758	1394	1
1758	1396	1
1758	1785	1
1759	1735	1
1759	1787	1
1759	2601	1
1759	2603	1
1759	2711	1
1760	1761	1
1761	647	1
1761	1081	1
1761	1094	1
1761	1111	1
1761	1336	1
1761	1337	1
1761	1338	1
1761	1339	1
1761	1453	1
1761	1730	1
1761	1760	1
1762	623	1
1762	625	1
1762	648	1
1762	2575	1
1763	1098	1
1763	1119	1
1763	1779	1
1763	2633	1
1764	639	1
1764	1731	1
1764	1746	1
1764	1781	1
1764	2651	1
1764	2653	1
1764	2654	1
1764	2655	1
1765	1752	1
1765	2661	1
1765	2662	1
1766	1091	1
1766	1799	1
1767	675	1
1767	1749	1
1767	2641	1
1768	646	1
1768	661	1
1768	1387	1
1768	1782	1
1769	641	1
1769	1117	1
1769	1408	1
1769	1756	1
1770	1083	1
1770	1334	1
1770	1415	1
1770	1416	1
1770	1418	1
1770	1421	1
1770	1427	1
1770	1428	1
1770	1429	1
1770	1431	1
1770	1801	1
1771	618	1
1771	621	1
1771	1334	1
1771	1438	1
1771	1741	1
1771	1772	1
1772	618	1
1772	619	1
1772	643	1
1772	1440	1
1772	1448	1
1772	1455	1
1772	1771	1
1773	644	1
1773	1350	1
1773	1454	1
1773	1730	1
1773	1776	1
1774	620	1
1774	622	1
1774	644	1
1774	650	1
1774	674	1
1774	1095	1
1774	1349	1
1774	1351	1
1775	1104	1
1775	1463	1
1775	1466	1
1776	650	1
1776	1353	1
1776	1730	1
1776	1773	1
1777	1095	1
1777	1354	1
1777	1791	1
1777	1792	1
1777	2393	1
1778	637	1
1778	650	1
1778	1114	1
1778	1793	1
1778	2397	1
1778	2398	1
1778	2401	1
1779	627	1
1779	1374	1
1779	1731	1
1779	1744	1
1779	1763	1
1779	2639	1
1780	631	1
1780	639	1
1780	675	1
1780	1375	1
1780	1376	1
1780	1378	1
1780	1746	1
1780	1748	1
1780	2657	1
1780	2658	1
1781	630	1
1781	631	1
1781	638	1
1781	1084	1
1781	1369	1
1781	1373	1
1781	1748	1
1781	1750	1
1781	1764	1
1781	2636	1
1782	1389	1
1782	1400	1
1782	1768	1
1782	2675	1
1782	2676	1
1783	663	1
1783	1390	1
1783	1732	1
1783	2677	1
1784	1732	1
1785	665	1
1785	1758	1
1786	656	1
1786	663	1
1786	1399	1
1786	1787	1
1786	2695	1
1787	634	1
1787	1092	1
1787	1103	1
1787	1347	1
1787	1734	1
1787	1759	1
1787	1786	1
1788	1079	1
1788	1095	1
1788	1328	1
1788	1329	1
1788	1410	1
1788	1739	1
1788	1743	1
1788	2589	1
1788	2590	1
1788	2706	1
1788	2707	1
1788	2710	1
1789	623	1
1789	624	1
1789	650	1
1789	674	1
1789	2564	1
1789	2569	1
1789	2573	1
1789	2574	1
1789	2575	1
1789	2618	1
1790	1112	1
1790	2569	1
1790	2616	1
1791	623	1
1791	624	1
1791	626	1
1791	650	1
1791	1740	1
1791	1777	1
1791	2393	1
1791	2565	1
1791	2568	1
1792	1114	1
1792	1777	1
1792	2399	1
1792	2400	1
1793	637	1
1793	1115	1
1793	1778	1
1793	2401	1
1793	2402	1
1793	2405	1
1793	2623	1
1793	2624	1
1794	657	1
1794	1456	1
1794	1457	1
1794	1459	1
1794	1795	1
1795	1458	1
1795	1468	1
1795	1794	1
1795	1796	1
1795	2621	1
1796	1342	1
1796	1795	1
1796	2608	1
1797	657	1
1797	658	1
1797	671	1
1797	1799	1
1798	666	1
1798	1732	1
1798	2684	1
1799	671	1
1799	1766	1
1799	1797	1
1800	671	1
1801	1125	1
1801	1426	1
1801	1432	1
1801	1741	1
1801	1770	1
1802	651	1
1802	1123	1
1802	1744	1
1802	2625	1
1803	668	1
1803	669	1
1803	1103	1
1804	703	1
1804	1805	1
1805	1804	1
1806	703	1
1806	1160	1
1806	1588	1
1806	1807	1
1806	1808	1
1807	1588	1
1807	1806	1
1808	1588	1
1808	1806	1
1808	1809	1
1809	1808	1
1810	1588	1
1810	1811	1
1810	1812	1
1811	1810	1
1812	703	1
1812	1810	1
1813	1588	1
1813	1814	1
1814	705	1
1814	1813	1
1815	705	1
1815	1816	1
1816	1815	1
1816	1818	1
1817	1818	1
1818	1147	1
1818	1816	1
1818	1817	1
1818	1819	1
1819	706	1
1819	1818	1
1820	705	1
1820	2158	1
1821	705	1
1822	1588	1
1822	1823	1
1822	2418	1
1823	704	1
1823	709	1
1823	1822	1
1824	704	1
1824	1588	1
1824	1825	1
1824	2417	1
1825	1824	1
1826	1050	1
1827	1828	1
1827	2117	1
1828	1827	1
1828	1829	1
1828	1830	1
1829	1055	1
1829	1056	1
1829	1828	1
1829	1830	1
1830	1828	1
1830	1829	1
1830	1831	1
1831	1050	1
1831	1830	1
1832	1050	1
1832	1833	1
1833	1832	1
1833	1834	1
1834	1061	1
1834	1833	1
1835	955	1
1835	1489	1
1836	1489	1
1837	1838	1
1838	1837	1
1838	1839	1
1838	1840	1
1838	1844	1
1839	1838	1
1840	1489	1
1840	1838	1
1841	1842	1
1842	1841	1
1842	1845	1
1843	1844	1
1844	1489	1
1844	1838	1
1844	1843	1
1844	1845	1
1844	1848	1
1845	1842	1
1845	1844	1
1845	1846	1
1846	1845	1
1846	1847	1
1847	1846	1
1848	1061	1
1848	1062	1
1848	1488	1
1848	1844	1
1849	1473	1
1849	1850	1
1849	1851	1
1850	1849	1
1851	1849	1
1852	1061	1
1852	1471	1
1852	1472	1
1852	1473	1
1853	1064	1
1853	1854	1
1854	1853	1
1854	1855	1
1855	756	1
1855	1065	1
1855	1854	1
1856	1065	1
1856	1857	1
1857	1856	1
1858	755	1
1859	815	1
1859	1500	1
1859	1860	1
1860	1859	1
1860	1861	1
1861	1498	1
1861	1860	1
1862	1498	1
1862	1863	1
1863	1498	1
1863	1862	1
1864	1498	1
1865	1491	1
1866	1274	1
1866	1503	1
1867	1868	1
1868	1867	1
1868	1870	1
1869	1870	1
1870	1503	1
1870	1868	1
1870	1869	1
1871	1504	1
1871	1876	1
1872	1504	1
1872	1873	1
1872	1877	1
1873	1504	1
1873	1872	1
1873	1874	1
1873	1875	1
1874	1873	1
1875	1505	1
1875	1873	1
1876	1505	1
1876	1871	1
1877	1872	1
1877	1879	1
1878	1506	1
1878	1507	1
1879	1506	1
1879	1508	1
1879	1877	1
1880	1539	1
1880	1881	1
1880	2114	1
1881	1880	1
1882	1883	1
1882	1887	1
1883	1882	1
1883	1884	1
1883	1886	1
1884	1883	1
1884	1885	1
1884	1889	1
1885	1884	1
1886	1883	1
1886	1887	1
1887	1882	1
1887	1886	1
1887	1888	1
1887	1894	1
1888	1887	1
1889	1884	1
1889	1891	1
1890	680	1
1890	1891	1
1890	1892	1
1891	680	1
1891	1889	1
1891	1890	1
1892	1890	1
1892	1893	1
1892	1896	1
1892	1897	1
1893	1892	1
1894	679	1
1894	1887	1
1894	1895	1
1895	679	1
1895	1894	1
1896	679	1
1896	1892	1
1897	1892	1
1898	681	1
1898	1899	1
1899	1898	1
1899	1900	1
1900	685	1
1900	1899	1
1900	1901	1
1901	683	1
1901	1900	1
1902	685	1
1903	686	1
1903	1907	1
1903	1909	1
1904	684	1
1904	685	1
1904	1905	1
1905	684	1
1905	1904	1
1905	1907	1
1906	1907	1
1907	684	1
1907	686	1
1907	1903	1
1907	1905	1
1907	1906	1
1908	687	1
1909	1544	1
1909	1903	1
1910	688	1
1910	1545	1
1911	1544	1
1912	689	1
1912	1544	1
1912	1547	1
1913	1548	1
1913	1549	1
1914	1548	1
1914	1549	1
1915	1550	1
1916	1918	1
1917	712	1
1917	1918	1
1917	1921	1
1918	1916	1
1918	1917	1
1918	2020	1
1919	1921	1
1920	1921	1
1921	712	1
1921	1917	1
1921	1919	1
1921	1920	1
1921	1922	1
1921	1929	1
1922	1921	1
1922	1923	1
1923	1922	1
1923	1925	1
1924	1925	1
1925	1923	1
1925	1924	1
1926	713	1
1927	713	1
1927	714	1
1927	1928	1
1928	1927	1
1929	1921	1
1929	1930	1
1930	715	1
1930	1929	1
1930	1931	1
1931	1930	1
1932	1933	1
1932	2119	1
1933	716	1
1933	1932	1
1933	1934	1
1934	1933	1
1935	718	1
1935	1936	1
1936	1935	1
1936	1937	1
1936	1938	1
1937	1936	1
1937	1939	1
1938	1936	1
1938	1941	1
1939	1937	1
1939	1940	1
1939	1941	1
1940	1939	1
1940	1941	1
1941	1938	1
1941	1939	1
1941	1940	1
1941	1942	1
1941	1945	1
1942	1941	1
1942	1943	1
1942	1944	1
1943	1942	1
1944	1942	1
1944	1945	1
1944	1946	1
1945	716	1
1945	1941	1
1945	1944	1
1945	1947	1
1946	1944	1
1946	2123	1
1947	1945	1
1947	2123	1
1948	1951	1
1948	2123	1
1948	2132	1
1949	2127	1
1950	2119	1
1950	2123	1
1951	1948	1
1951	2128	1
1951	2130	1
1952	1953	1
1953	1952	1
1953	1954	1
1953	1956	1
1954	720	1
1954	1953	1
1955	719	1
1956	1953	1
1956	1957	1
1957	1231	1
1957	1476	1
1957	1956	1
1958	720	1
1959	720	1
1959	725	1
1959	1960	1
1960	1959	1
1961	720	1
1961	1962	1
1962	720	1
1962	1961	1
1962	1963	1
1963	719	1
1963	1962	1
1964	718	1
1965	718	1
1965	1966	1
1966	723	1
1966	1965	1
1967	721	1
1967	1968	1
1968	1967	1
1968	1969	1
1968	1970	1
1969	1968	1
1970	722	1
1970	1968	1
1971	747	1
1971	2163	1
1972	745	1
1973	745	1
1973	1974	1
1973	1975	1
1974	1973	1
1975	1973	1
1975	1976	1
1976	747	1
1976	1975	1
1977	747	1
1978	1980	1
1978	2162	1
1979	736	1
1980	725	1
1980	1978	1
1980	1981	1
1981	1980	1
1981	1982	1
1981	1983	1
1982	1981	1
1983	1981	1
1983	1984	1
1984	725	1
1984	1983	1
1985	749	1
1985	1986	1
1985	1987	1
1986	1985	1
1986	1992	1
1987	742	1
1987	750	1
1987	1985	1
1987	1989	1
1988	750	1
1989	750	1
1989	1987	1
1990	748	1
1991	748	1
1991	749	1
1992	1986	1
1992	1993	1
1992	1994	1
1993	752	1
1993	1992	1
1993	1994	1
1994	1992	1
1994	1993	1
1995	751	1
1996	707	1
1996	711	1
1996	1998	1
1997	754	1
1997	1998	1
1997	1999	1
1998	1996	1
1998	1997	1
1999	1997	1
1999	2000	1
2000	1999	1
2001	2002	1
2002	754	1
2002	2001	1
2002	2176	1
2003	754	1
2004	708	1
2004	2005	1
2005	708	1
2005	2004	1
2005	2006	1
2006	2005	1
2007	2474	1
2007	2477	1
2007	2491	1
2008	1563	1
2008	2009	1
2008	2477	1
2009	2008	1
2009	2011	1
2010	1179	1
2010	1562	1
2011	2009	1
2011	2012	1
2011	2014	1
2012	1179	1
2012	2011	1
2012	2013	1
2013	2012	1
2013	2487	1
2014	2011	1
2015	2016	1
2016	1180	1
2016	2015	1
2016	2017	1
2017	2016	1
2017	2018	1
2018	1177	1
2018	2017	1
2019	1572	1
2019	2020	1
2020	1918	1
2020	2019	1
2021	1569	1
2021	1572	1
2022	1568	1
2022	2023	1
2023	1570	1
2023	2022	1
2024	1573	1
2024	1575	1
2025	1571	1
2025	2026	1
2026	2025	1
2026	2027	1
2026	2031	1
2027	2026	1
2027	2028	1
2028	2027	1
2028	2029	1
2029	2028	1
2029	2030	1
2030	1074	1
2030	2029	1
2030	2031	1
2031	2026	1
2031	2030	1
2032	1573	1
2032	1574	1
2033	1232	1
2033	1574	1
2033	2034	1
2034	2033	1
2034	2035	1
2035	1228	1
2035	1234	1
2035	1480	1
2035	2034	1
2036	1580	1
2036	2037	1
2037	1580	1
2037	2036	1
2038	1580	1
2039	2040	1
2039	2042	1
2040	2039	1
2040	2041	1
2040	2042	1
2041	2040	1
2042	2039	1
2042	2040	1
2042	2043	1
2042	2056	1
2042	2057	1
2043	2042	1
2043	2044	1
2043	2057	1
2044	2043	1
2045	2046	1
2046	1580	1
2046	2045	1
2046	2048	1
2047	2048	1
2047	2049	1
2048	2046	1
2048	2047	1
2048	2049	1
2049	1579	1
2049	2047	1
2049	2048	1
2049	2050	1
2050	1579	1
2050	2049	1
2050	2051	1
2051	2050	1
2051	2052	1
2052	1577	1
2052	2051	1
2052	2053	1
2053	2052	1
2053	2054	1
2054	2053	1
2054	2055	1
2055	1578	1
2055	2054	1
2056	2042	1
2056	2057	1
2057	1304	1
2057	2042	1
2057	2043	1
2057	2056	1
2058	1581	1
2058	2059	1
2059	2058	1
2060	1161	1
2060	1162	1
2060	1321	1
2060	1577	1
2061	1509	1
2061	1513	1
2062	2064	1
2063	2074	1
2063	2083	1
2064	1509	1
2064	2062	1
2064	2065	1
2065	2064	1
2065	2066	1
2066	2065	1
2066	2083	1
2067	2068	1
2067	2083	1
2067	2084	1
2068	2067	1
2069	2084	1
2070	2071	1
2070	2073	1
2071	2070	1
2071	2073	1
2071	2074	1
2072	2073	1
2073	2070	1
2073	2071	1
2073	2072	1
2073	2084	1
2074	2063	1
2074	2071	1
2074	2075	1
2075	1514	1
2075	2074	1
2076	1511	1
2077	1511	1
2077	2078	1
2077	2079	1
2078	2077	1
2079	2077	1
2080	1511	1
2080	2081	1
2081	2080	1
2082	1511	1
2083	2063	1
2083	2066	1
2083	2067	1
2084	2067	1
2084	2069	1
2084	2073	1
2085	1516	1
2086	1515	1
2086	1516	1
2087	1516	1
2087	2088	1
2087	2108	1
2088	2087	1
2088	2107	1
2089	1515	1
2090	1525	1
2090	1541	1
2090	2091	1
2091	2090	1
2092	1520	1
2092	1533	1
2093	1522	1
2093	2232	1
2094	1536	1
2095	1524	1
2095	1534	1
2095	2098	1
2096	1524	1
2097	1524	1
2098	1526	1
2098	2095	1
2098	2099	1
2098	2100	1
2098	2102	1
2099	2098	1
2100	2098	1
2100	2101	1
2101	2100	1
2102	2098	1
2102	2103	1
2102	2104	1
2103	1532	1
2103	2102	1
2103	2104	1
2104	2102	1
2104	2103	1
2105	1532	1
2105	2117	1
2106	1519	1
2106	1523	1
2107	1518	1
2107	2088	1
2107	2109	1
2108	1517	1
2108	2087	1
2108	2226	1
2109	1518	1
2109	2107	1
2109	2230	1
2109	2232	1
2110	1534	1
2111	1538	1
2111	2112	1
2112	2111	1
2113	1519	1
2114	1880	1
2114	2115	1
2115	2114	1
2116	956	1
2116	1539	1
2117	1827	1
2117	2105	1
2118	1507	1
2119	1932	1
2119	1950	1
2119	2120	1
2119	2121	1
2120	2119	1
2121	716	1
2121	2119	1
2121	2122	1
2121	2126	1
2121	2129	1
2122	2121	1
2123	715	1
2123	1946	1
2123	1947	1
2123	1948	1
2123	1950	1
2124	2125	1
2125	2124	1
2125	2126	1
2125	2127	1
2126	2121	1
2126	2125	1
2127	1949	1
2127	2125	1
2127	2128	1
2128	1951	1
2128	2127	1
2128	2129	1
2129	717	1
2129	2121	1
2129	2128	1
2130	1138	1
2130	1951	1
2130	2131	1
2131	2130	1
2131	2135	1
2132	1948	1
2132	2133	1
2133	2132	1
2133	2134	1
2133	2138	1
2134	2133	1
2135	2131	1
2135	2136	1
2136	726	1
2136	2135	1
2136	2137	1
2137	2136	1
2137	2138	1
2138	1139	1
2138	2133	1
2138	2137	1
2138	2139	1
2139	727	1
2139	728	1
2139	1141	1
2139	2138	1
2140	728	1
2140	2141	1
2141	2140	1
2141	2142	1
2142	2141	1
2142	2143	1
2143	729	1
2143	2142	1
2144	729	1
2145	729	1
2145	2146	1
2146	2145	1
2146	2147	1
2147	722	1
2147	2146	1
2148	730	1
2148	1152	1
2148	2149	1
2148	2150	1
2149	2148	1
2150	2148	1
2150	2159	1
2151	722	1
2151	2159	1
2152	731	1
2152	2153	1
2152	2159	1
2153	732	1
2153	2152	1
2154	722	1
2154	732	1
2154	734	1
2155	725	1
2155	733	1
2156	735	1
2156	2157	1
2157	2156	1
2158	1820	1
2159	2150	1
2159	2151	1
2159	2152	1
2160	737	1
2161	737	1
2161	2162	1
2162	737	1
2162	1978	1
2162	2161	1
2162	2163	1
2163	1971	1
2163	2162	1
2164	738	1
2164	2165	1
2165	2164	1
2165	2166	1
2166	965	1
2166	2165	1
2167	1256	1
2167	1486	1
2168	2169	1
2169	737	1
2169	2168	1
2169	2170	1
2170	738	1
2170	2169	1
2170	2171	1
2171	2170	1
2172	737	1
2172	739	1
2172	2173	1
2173	2172	1
2174	2177	1
2175	739	1
2176	739	1
2176	2002	1
2177	2174	1
2177	2178	1
2178	2177	1
2178	2179	1
2179	707	1
2179	2178	1
2180	739	1
2180	2181	1
2181	2180	1
2182	744	1
2183	740	1
2184	738	1
2184	740	1
2184	2185	1
2185	2184	1
2186	740	1
2186	2187	1
2187	2186	1
2187	2188	1
2187	2189	1
2188	2187	1
2189	741	1
2189	2187	1
2189	2191	1
2189	2193	1
2189	2197	1
2190	741	1
2191	2189	1
2191	2192	1
2192	2191	1
2193	2189	1
2193	2194	1
2193	2198	1
2194	2193	1
2194	2195	1
2194	2196	1
2195	2194	1
2196	2194	1
2197	2189	1
2198	2193	1
2198	2447	1
2198	2453	1
2199	740	1
2199	742	1
2200	738	1
2200	744	1
2201	742	1
2202	742	1
2202	744	1
2202	2203	1
2203	2202	1
2203	2204	1
2204	2203	1
2205	1301	1
2205	2206	1
2206	2205	1
2206	2409	1
2206	2412	1
2206	2419	1
2207	1616	1
2208	1616	1
2209	1617	1
2209	1642	1
2209	2214	1
2209	2215	1
2210	1617	1
2210	1619	1
2210	2211	1
2211	2210	1
2212	2213	1
2213	1619	1
2213	1643	1
2213	2212	1
2214	2209	1
2215	2209	1
2216	1620	1
2216	2217	1
2217	2216	1
2217	2218	1
2218	2217	1
2218	2219	1
2219	1514	1
2219	1623	1
2219	2218	1
2219	2221	1
2220	1624	1
2221	2219	1
2221	2222	1
2222	2221	1
2222	2223	1
2222	2224	1
2223	2222	1
2224	2222	1
2224	2225	1
2225	2224	1
2225	2233	1
2226	2108	1
2226	2227	1
2227	2226	1
2228	2230	1
2229	1621	1
2229	2230	1
2229	2231	1
2230	2109	1
2230	2228	1
2230	2229	1
2231	2229	1
2232	2093	1
2232	2109	1
2233	1622	1
2233	2225	1
2234	1058	1
2234	2235	1
2235	2234	1
2236	1625	1
2236	2237	1
2236	2243	1
2237	2236	1
2237	2238	1
2238	1625	1
2238	2237	1
2239	1625	1
2239	2257	1
2240	1626	1
2240	2241	1
2240	2242	1
2241	1635	1
2241	2240	1
2242	1634	1
2242	2240	1
2243	2236	1
2244	1629	1
2244	2246	1
2245	854	1
2245	1628	1
2245	2246	1
2246	2244	1
2246	2245	1
2246	2249	1
2247	855	1
2247	2248	1
2247	2249	1
2248	2247	1
2249	1634	1
2249	2246	1
2249	2247	1
2249	2250	1
2249	2253	1
2250	860	1
2250	2249	1
2250	2251	1
2250	2263	1
2251	1635	1
2251	2250	1
2251	2252	1
2252	2251	1
2253	1635	1
2253	2249	1
2254	1635	1
2254	2255	1
2254	2256	1
2255	2254	1
2256	1633	1
2256	2254	1
2256	2259	1
2257	1633	1
2257	2239	1
2257	2258	1
2258	2257	1
2258	2259	1
2259	2256	1
2259	2258	1
2260	872	1
2261	2262	1
2261	2263	1
2261	2264	1
2262	855	1
2262	1630	1
2262	2261	1
2262	2265	1
2262	2274	1
2263	2250	1
2263	2261	1
2263	2265	1
2264	2261	1
2265	1630	1
2265	2262	1
2265	2263	1
2266	1630	1
2267	1630	1
2267	1632	1
2267	2268	1
2268	1632	1
2268	2267	1
2269	1632	1
2270	1632	1
2270	2271	1
2270	2272	1
2271	2270	1
2272	882	1
2272	2270	1
2272	2273	1
2273	2272	1
2274	1630	1
2274	2262	1
2275	1687	1
2275	1710	1
2276	1710	1
2276	2277	1
2276	2356	1
2277	1710	1
2277	2276	1
2278	1688	1
2278	1690	1
2278	2280	1
2279	1690	1
2280	2278	1
2280	2281	1
2280	2282	1
2281	2280	1
2282	2280	1
2282	2283	1
2282	2284	1
2283	2282	1
2284	2282	1
2284	2285	1
2284	2286	1
2285	1688	1
2285	2284	1
2286	2284	1
2286	2287	1
2286	2290	1
2287	2286	1
2287	2288	1
2287	2289	1
2288	2287	1
2289	2287	1
2290	1678	1
2290	1679	1
2290	2286	1
2291	1678	1
2291	1679	1
2292	1679	1
2292	2293	1
2293	2292	1
2293	2299	1
2294	1677	1
2294	2295	1
2295	1678	1
2295	2294	1
2295	2298	1
2296	1683	1
2297	2298	1
2298	1680	1
2298	2295	1
2298	2297	1
2299	1684	1
2299	2293	1
2300	2301	1
2301	1686	1
2301	2300	1
2301	2302	1
2302	2301	1
2302	2303	1
2303	1686	1
2303	2302	1
2304	1686	1
2305	1689	1
2305	2306	1
2306	2305	1
2306	2307	1
2307	2306	1
2307	2308	1
2308	1691	1
2308	2307	1
2309	1682	1
2310	1664	1
2310	2311	1
2311	980	1
2311	981	1
2311	982	1
2311	983	1
2311	984	1
2311	1009	1
2311	1664	1
2311	1666	1
2311	2310	1
2312	2313	1
2313	1685	1
2313	2312	1
2313	2316	1
2314	1684	1
2314	2315	1
2314	2317	1
2315	2314	1
2316	1687	1
2316	2313	1
2316	2317	1
2317	1685	1
2317	2314	1
2317	2316	1
2317	2335	1
2318	1680	1
2319	1680	1
2319	2320	1
2319	2321	1
2320	2319	1
2321	2319	1
2322	1692	1
2322	2324	1
2323	2324	1
2323	2325	1
2324	2322	1
2324	2323	1
2324	2325	1
2325	1691	1
2325	2323	1
2325	2324	1
2326	1691	1
2327	1696	1
2327	2328	1
2328	1693	1
2328	1696	1
2328	2327	1
2329	1694	1
2330	1686	1
2330	1694	1
2331	1694	1
2331	1695	1
2332	1695	1
2332	2333	1
2332	2334	1
2333	2332	1
2334	2332	1
2334	2335	1
2335	2317	1
2335	2334	1
2336	1699	1
2336	2337	1
2336	2338	1
2337	1700	1
2337	2336	1
2338	2336	1
2339	1699	1
2339	2340	1
2340	1701	1
2340	2339	1
2340	2341	1
2340	2344	1
2341	1700	1
2341	2340	1
2341	2342	1
2342	1701	1
2342	2341	1
2342	2343	1
2343	1003	1
2343	2342	1
2343	2345	1
2344	2340	1
2344	2347	1
2345	1706	1
2345	2343	1
2345	2346	1
2346	2345	1
2347	2344	1
2348	1708	1
2349	1702	1
2349	2353	1
2349	2362	1
2349	2366	1
2349	2367	1
2350	1709	1
2351	1709	1
2351	2352	1
2351	2356	1
2352	2351	1
2353	2349	1
2353	2354	1
2353	2355	1
2354	2353	1
2355	2353	1
2355	2356	1
2356	2276	1
2356	2351	1
2356	2355	1
2356	2357	1
2356	2360	1
2357	2356	1
2358	1697	1
2358	1709	1
2358	2359	1
2359	2358	1
2360	2356	1
2361	1708	1
2362	2349	1
2362	2363	1
2363	2362	1
2363	2364	1
2363	2365	1
2364	2363	1
2365	2363	1
2366	2349	1
2367	2349	1
2367	2374	1
2367	2375	1
2368	1704	1
2369	2370	1
2369	2371	1
2370	1704	1
2370	2369	1
2370	2371	1
2371	2369	1
2371	2370	1
2371	2372	1
2372	2371	1
2372	2373	1
2373	2372	1
2373	2374	1
2374	2367	1
2374	2373	1
2375	2367	1
2376	1704	1
2377	1349	1
2377	1350	1
2378	1351	1
2378	1353	1
2379	1351	1
2379	2380	1
2379	2406	1
2380	2379	1
2380	2381	1
2381	2380	1
2382	1455	1
2382	2384	1
2383	1352	1
2383	1736	1
2383	2609	1
2384	1344	1
2384	1736	1
2384	2382	1
2385	1736	1
2386	1730	1
2387	1730	1
2388	1353	1
2388	2395	1
2389	1353	1
2389	2390	1
2390	2389	1
2390	2391	1
2391	2390	1
2391	2392	1
2391	2394	1
2392	2391	1
2393	1777	1
2393	1791	1
2394	2391	1
2395	2388	1
2395	2396	1
2396	2395	1
2396	2397	1
2397	1778	1
2397	2396	1
2398	1778	1
2398	2400	1
2399	1792	1
2399	2400	1
2399	2576	1
2400	1792	1
2400	2398	1
2400	2399	1
2401	1778	1
2401	1793	1
2402	1793	1
2402	2403	1
2403	2402	1
2403	2404	1
2404	2403	1
2405	1793	1
2406	1351	1
2406	2379	1
2406	2407	1
2406	2408	1
2406	2564	1
2407	2406	1
2407	2408	1
2408	2406	1
2408	2407	1
2409	1589	1
2409	2206	1
2410	1295	1
2410	2412	1
2410	2419	1
2411	1589	1
2412	1589	1
2412	2206	1
2412	2410	1
2413	1584	1
2413	1588	1
2413	2414	1
2414	2413	1
2414	2415	1
2414	2416	1
2415	2414	1
2416	1591	1
2416	2414	1
2417	1824	1
2418	1822	1
2419	905	1
2419	1593	1
2419	2206	1
2419	2410	1
2419	2420	1
2420	904	1
2420	2419	1
2421	1594	1
2422	1594	1
2423	1594	1
2423	2442	1
2424	1594	1
2424	2425	1
2425	1595	1
2425	2424	1
2425	2426	1
2426	1596	1
2426	2425	1
2426	2427	1
2427	2426	1
2427	2430	1
2427	2432	1
2428	1597	1
2428	2430	1
2429	1598	1
2430	2427	1
2430	2428	1
2430	2431	1
2430	2433	1
2431	2430	1
2431	2434	1
2432	2427	1
2433	2430	1
2434	2431	1
2434	2435	1
2434	2438	1
2435	1599	1
2435	2434	1
2436	1599	1
2436	2437	1
2437	1600	1
2437	2436	1
2438	1599	1
2438	2434	1
2438	2441	1
2439	2440	1
2440	2439	1
2440	2441	1
2441	1600	1
2441	1601	1
2441	2438	1
2441	2440	1
2441	2442	1
2441	2443	1
2441	2444	1
2442	2423	1
2442	2441	1
2443	2441	1
2443	2444	1
2444	1602	1
2444	2441	1
2444	2443	1
2445	1601	1
2446	1602	1
2446	2447	1
2447	2198	1
2447	2446	1
2448	1602	1
2448	2449	1
2449	1602	1
2449	2448	1
2449	2450	1
2450	2449	1
2450	2451	1
2451	1602	1
2451	2450	1
2451	2452	1
2452	2451	1
2452	2453	1
2453	2198	1
2453	2452	1
2454	1605	1
2454	2455	1
2454	2458	1
2455	2454	1
2455	2456	1
2456	2455	1
2456	2457	1
2457	1603	1
2457	2456	1
2458	1604	1
2458	2454	1
2459	1605	1
2460	1606	1
2461	1607	1
2461	2462	1
2462	2461	1
2462	2463	1
2463	2462	1
2463	2464	1
2463	2467	1
2464	2463	1
2464	2465	1
2465	2464	1
2465	2466	1
2466	2465	1
2466	2467	1
2467	690	1
2467	2463	1
2467	2466	1
2468	1547	1
2468	2469	1
2468	2470	1
2469	2468	1
2470	1553	1
2470	2468	1
2470	2471	1
2471	2470	1
2472	2475	1
2473	1560	1
2473	2474	1
2474	1558	1
2474	1567	1
2474	2007	1
2474	2473	1
2474	2476	1
2475	1559	1
2475	1568	1
2475	1569	1
2475	2472	1
2476	1561	1
2476	2474	1
2476	2477	1
2476	2491	1
2477	2007	1
2477	2008	1
2477	2476	1
2478	1723	1
2479	1724	1
2480	1726	1
2480	1727	1
2480	2481	1
2481	2480	1
2482	1035	1
2482	2483	1
2483	2482	1
2484	2485	1
2484	2488	1
2485	2484	1
2485	2486	1
2486	2485	1
2486	2491	1
2487	2013	1
2487	2491	1
2488	2484	1
2488	2489	1
2489	2488	1
2490	1038	1
2490	1566	1
2491	2007	1
2491	2476	1
2491	2486	1
2491	2487	1
2492	1720	1
2492	2493	1
2493	2492	1
2493	2494	1
2493	2496	1
2494	2493	1
2495	1040	1
2495	2496	1
2495	2497	1
2496	2493	1
2496	2495	1
2497	1041	1
2497	1042	1
2497	1641	1
2497	2495	1
2498	1041	1
2498	1059	1
2498	2499	1
2499	2498	1
2500	1054	1
2501	2502	1
2502	1054	1
2502	2501	1
2503	1048	1
2504	1047	1
2505	1049	1
2506	902	1
2506	2512	1
2507	1640	1
2507	2510	1
2507	2512	1
2508	883	1
2508	889	1
2508	2509	1
2508	2510	1
2509	2508	1
2510	2507	1
2510	2508	1
2510	2511	1
2511	2510	1
2512	902	1
2512	2506	1
2512	2507	1
2513	1642	1
2513	1644	1
2513	2516	1
2513	2518	1
2514	1644	1
2515	1644	1
2515	1645	1
2516	1645	1
2516	2513	1
2516	2517	1
2517	2516	1
2518	2513	1
2519	899	1
2519	1646	1
2519	2520	1
2520	1647	1
2520	1655	1
2520	2519	1
2521	1647	1
2522	1647	1
2522	1648	1
2523	1649	1
2524	1649	1
2524	2525	1
2524	2526	1
2525	1650	1
2525	2524	1
2525	2526	1
2526	2524	1
2526	2525	1
2527	870	1
2527	871	1
2527	1651	1
2528	871	1
2529	1652	1
2529	2530	1
2529	2532	1
2530	886	1
2530	2529	1
2530	2531	1
2531	2530	1
2532	890	1
2532	2529	1
2532	2533	1
2533	2532	1
2534	2535	1
2535	1645	1
2535	1655	1
2535	2534	1
2536	1655	1
2537	1660	1
2537	2538	1
2537	2539	1
2538	2537	1
2539	1658	1
2539	2537	1
2539	2540	1
2540	2539	1
2541	1005	1
2541	1658	1
2541	2549	1
2542	1658	1
2542	2549	1
2543	2544	1
2544	2543	1
2544	2546	1
2545	2546	1
2546	1657	1
2546	2544	1
2546	2545	1
2546	2547	1
2546	2548	1
2547	2546	1
2548	1656	1
2548	2546	1
2549	1658	1
2549	2541	1
2549	2542	1
2550	1656	1
2550	1659	1
2550	2551	1
2551	2550	1
2552	1610	1
2552	1627	1
2553	1608	1
2554	1608	1
2554	2555	1
2555	1608	1
2555	2554	1
2556	1609	1
2557	1611	1
2557	1613	1
2558	2560	1
2559	1612	1
2560	1616	1
2560	2558	1
2560	2561	1
2560	2562	1
2561	1611	1
2561	2560	1
2562	1614	1
2562	1615	1
2562	2560	1
2562	2563	1
2563	2562	1
2564	1789	1
2564	2406	1
2565	1354	1
2565	1791	1
2565	2566	1
2566	1354	1
2566	2565	1
2567	2568	1
2568	1791	1
2568	2567	1
2569	1789	1
2569	1790	1
2569	2570	1
2569	2616	1
2570	2569	1
2571	2619	1
2571	2620	1
2572	2619	1
2572	2620	1
2573	1789	1
2574	1357	1
2574	1789	1
2575	1762	1
2575	1789	1
2576	1358	1
2576	2399	1
2577	1358	1
2577	2578	1
2578	695	1
2578	919	1
2578	2577	1
2579	1358	1
2579	1359	1
2580	1360	1
2580	2623	1
2581	1360	1
2581	1745	1
2582	1735	1
2583	1735	1
2583	2606	1
2584	1735	1
2584	2603	1
2585	1735	1
2585	2586	1
2586	1333	1
2586	1384	1
2586	2585	1
2586	2587	1
2587	1407	1
2587	2586	1
2588	1384	1
2588	2704	1
2589	1788	1
2590	1788	1
2590	2592	1
2591	1411	1
2591	2598	1
2592	2590	1
2592	2594	1
2593	1412	1
2593	2594	1
2593	2601	1
2594	2592	1
2594	2593	1
2595	1384	1
2595	1412	1
2595	2596	1
2596	1384	1
2596	2595	1
2597	1739	1
2598	659	1
2598	2591	1
2598	2600	1
2599	1384	1
2599	1734	1
2600	2598	1
2601	1759	1
2601	2593	1
2602	1384	1
2602	2603	1
2603	1759	1
2603	2584	1
2603	2602	1
2604	1384	1
2605	1347	1
2605	1384	1
2606	1331	1
2606	2583	1
2607	1342	1
2607	1343	1
2608	1342	1
2608	1796	1
2609	1736	1
2609	2383	1
2610	1344	1
2611	1347	1
2611	2612	1
2612	1347	1
2612	2611	1
2613	1347	1
2614	1347	1
2614	1348	1
2615	1349	1
2616	1790	1
2616	2569	1
2616	2617	1
2617	2616	1
2617	2618	1
2617	2619	1
2618	1789	1
2618	2617	1
2618	2620	1
2619	2571	1
2619	2572	1
2619	2617	1
2620	2571	1
2620	2572	1
2620	2618	1
2621	1469	1
2621	1795	1
2622	1327	1
2622	1744	1
2623	1793	1
2623	2580	1
2624	1361	1
2624	1793	1
2625	1360	1
2625	1361	1
2625	1802	1
2625	2626	1
2626	2625	1
2627	1358	1
2627	1363	1
2627	1365	1
2627	2628	1
2628	2627	1
2628	2629	1
2628	2630	1
2629	2628	1
2630	2628	1
2631	1364	1
2632	1364	1
2632	2633	1
2633	1763	1
2633	2632	1
2634	1366	1
2635	1368	1
2635	1369	1
2636	1372	1
2636	1373	1
2636	1746	1
2636	1781	1
2637	1365	1
2637	2638	1
2638	1731	1
2638	2637	1
2639	1748	1
2639	1779	1
2640	1374	1
2640	2641	1
2641	1767	1
2641	2640	1
2641	2644	1
2641	2659	1
2642	1746	1
2642	2643	1
2643	2642	1
2643	2646	1
2644	1375	1
2644	2641	1
2644	2645	1
2645	1375	1
2645	2644	1
2646	2643	1
2646	2647	1
2647	2646	1
2647	2648	1
2648	2647	1
2648	2649	1
2648	2659	1
2649	2648	1
2649	2650	1
2650	2649	1
2651	1378	1
2651	1764	1
2652	1376	1
2652	1377	1
2653	1764	1
2654	1764	1
2654	2656	1
2655	1764	1
2655	2656	1
2656	1377	1
2656	2654	1
2656	2655	1
2657	1376	1
2657	1746	1
2657	1780	1
2658	1780	1
2659	2641	1
2659	2648	1
2660	2661	1
2661	1752	1
2661	1765	1
2661	2660	1
2662	1753	1
2662	1765	1
2663	1379	1
2663	1753	1
2664	1379	1
2664	1753	1
2665	2666	1
2666	1379	1
2666	2665	1
2667	2668	1
2667	2671	1
2668	1385	1
2668	2667	1
2669	1755	1
2670	1755	1
2671	645	1
2671	2667	1
2671	2672	1
2672	2671	1
2672	2673	1
2673	662	1
2673	2672	1
2674	662	1
2674	1386	1
2675	1389	1
2675	1782	1
2676	1388	1
2676	1782	1
2677	1390	1
2677	1783	1
2677	2678	1
2678	1391	1
2678	2677	1
2679	1391	1
2679	1732	1
2679	2683	1
2680	2681	1
2681	1392	1
2681	1396	1
2681	1732	1
2681	2680	1
2682	2683	1
2683	1392	1
2683	2679	1
2683	2682	1
2684	1798	1
2685	1393	1
2685	1396	1
2685	2690	1
2686	2687	1
2687	1396	1
2687	2686	1
2688	1396	1
2689	1393	1
2690	2685	1
2690	2691	1
2691	2690	1
2692	1393	1
2692	2693	1
2693	1393	1
2693	1395	1
2693	2692	1
2694	1393	1
2694	1397	1
2695	1397	1
2695	1786	1
2696	1397	1
2696	2699	1
2697	1398	1
2698	1398	1
2698	2700	1
2699	1398	1
2699	2696	1
2700	1403	1
2700	2698	1
2700	2701	1
2701	1406	1
2701	2700	1
2702	1409	1
2702	1739	1
2703	1734	1
2703	1756	1
2704	2588	1
2704	2705	1
2705	2704	1
2706	1788	1
2706	2708	1
2707	1410	1
2707	1788	1
2708	1413	1
2708	2706	1
2709	1328	1
2709	1739	1
2710	1788	1
2711	1411	1
2711	1759	1
