0 1
0 678
1 6
2 13
2 23
3 4
3 253
4 5
5 6
7 1595
8 1500
9 1500
9 1501
10 78
11 1513
12 456
12 1626
13 595
14 677
14 678
15 16
15 677
17 680
18 679
18 680
19 20
19 679
19 681
20 21
22 25
22 681
23 24
23 683
24 25
24 27
24 682
25 683
25 684
26 28
26 682
27 28
28 29
28 33
29 684
29 686
30 31
30 684
31 32
31 34
31 686
31 687
32 34
33 688
34 35
35 36
35 250
35 686
36 1548
37 38
37 688
37 1544
38 1545
38 1546
39 1549
39 1550
40 1550
41 250
41 1549
41 1550
42 1590
43 699
44 697
44 700
45 46
45 47
45 152
45 708
45 709
45 1588
48 70
48 708
48 711
48 1027
49 702
49 715
49 716
50 718
51 298
51 719
51 721
52 54
52 57
52 58
52 721
53 719
53 720
54 718
54 724
55 57
55 58
55 702
55 727
55 728
56 702
56 726
57 729
58 730
59 705
59 731
60 721
60 725
60 734
61 62
61 72
61 737
61 738
61 741
61 743
61 754
62 64
62 742
62 744
63 67
63 741
65 66
65 739
65 754
67 68
67 749
67 751
67 752
68 200
68 751
69 752
70 707
71 704
71 711
71 754
72 1032
73 753
73 1029
74 311
74 1033
75 1501
76 1490
76 1491
76 1499
77 78
78 1505
79 1505
80 81
80 84
80 1608
82 83
82 1504
82 1506
84 1504
84 1505
85 96
86 87
86 205
86 1511
87 88
88 89
88 90
90 91
90 134
91 94
91 1521
92 93
93 1514
93 1517
94 105
94 206
95 96
96 99
97 98
97 1503
97 1510
97 1512
98 101
98 1509
99 100
99 1512
99 1514
100 101
101 102
102 103
103 104
104 1620
105 106
105 135
105 1533
106 121
106 1515
106 1523
107 1520
107 1533
107 1534
108 1522
108 1534
109 110
109 1522
110 243
111 1526
111 1532
112 1531
113 114
114 115
114 116
114 1532
116 207
116 1622
117 125
117 126
117 131
117 1535
117 1536
118 119
118 1525
118 1541
120 121
121 1519
122 1530
122 1538
123 124
123 1523
123 1527
124 127
124 1527
124 1528
125 187
125 1537
126 1529
126 1530
127 128
127 1525
127 1528
128 129
129 1528
130 137
131 1539
132 327
132 1538
133 1519
133 1541
134 1516
134 1517
135 1523
136 1528
136 1529
136 1530
137 1056
137 1538
138 139
138 140
138 1485
139 1492
140 1574
141 142
141 1482
142 143
142 292
142 1492
142 1565
143 1574
143 1576
144 145
144 1576
145 282
146 1591
147 1584
147 1589
148 1589
148 1590
149 1588
149 1592
150 151
150 311
150 1594
152 308
153 753
153 1598
154 155
154 156
154 167
154 1600
156 157
156 158
158 159
158 160
160 161
160 162
160 168
161 170
162 163
162 164
164 165
165 166
165 167
167 192
167 198
168 169
169 178
170 172
171 172
172 173
173 175
173 186
174 175
174 176
175 177
175 179
178 188
179 180
179 183
180 181
180 182
183 1603
184 185
184 204
185 187
186 187
187 188
187 191
188 189
189 190
189 199
189 1607
192 193
192 195
193 194
193 196
194 197
194 199
199 200
199 201
201 202
201 203
203 690
204 206
205 1604
205 1606
206 1604
207 208
207 1058
209 210
209 450
209 1608
209 1612
209 1627
210 211
210 1611
212 1608
212 1611
213 1613
213 1618
214 215
214 1618
216 217
216 432
216 1618
217 476
218 219
218 220
218 1616
221 486
221 491
221 1617
222 223
222 463
222 1616
224 1612
224 1613
225 226
225 232
226 227
227 228
228 1507
229 1609
230 1609
230 1620
231 247
231 1613
232 1506
232 1610
233 1611
234 1617
234 1619
234 1644
235 1617
236 237
236 1623
237 238
237 1624
238 239
239 1622
240 241
240 1514
241 1518
241 1621
242 243
242 1621
243 244
244 245
245 246
245 1622
247 248
247 1622
248 249
249 313
250 251
250 252
250 1547
252 253
252 1551
252 1552
254 255
254 1548
254 1551
256 257
256 1560
257 258
257 278
257 1556
259 260
259 261
259 1546
260 264
261 262
261 264
261 267
261 268
262 263
262 264
262 265
265 266
266 279
267 1558
268 269
268 1557
269 270
269 271
269 274
270 1552
271 272
271 273
272 277
273 276
274 275
274 1558
276 293
277 281
277 1560
278 1559
278 1560
279 280
279 1561
279 1562
280 386
281 282
281 293
281 1564
282 283
284 285
284 286
284 293
286 290
286 1558
286 1566
287 295
288 290
288 291
289 1566
289 1567
291 292
291 1037
292 295
294 388
294 1563
295 1564
296 297
296 1570
296 1572
297 298
297 1570
297 1571
299 300
299 1568
299 1576
300 1573
301 302
301 1582
302 303
302 1577
304 1578
304 1581
305 306
305 1584
305 1585
306 307
306 308
307 309
307 1583
309 1585
310 1030
310 1586
311 1033
311 1586
311 1587
312 1586
313 435
313 438
314 438
314 1052
314 1053
315 316
315 332
315 439
315 1046
315 1054
315 1056
317 1053
318 1047
318 1049
319 1049
320 329
321 1050
322 1047
323 334
323 335
323 1055
324 334
324 1056
325 334
326 327
326 1056
326 1057
328 1045
329 330
329 1471
330 408
330 1060
331 742
331 1062
331 1489
332 333
332 1048
333 1050
335 1063
336 750
336 1063
336 1539
337 355
337 1061
337 1069
338 339
338 344
338 357
339 341
340 341
340 345
340 356
340 1069
342 343
342 356
342 1486
342 1487
343 1071
344 1069
345 346
346 351
346 1068
346 1069
346 1477
347 1069
347 1477
348 1068
349 351
350 1068
350 1470
351 1068
352 353
352 354
352 1064
354 373
354 395
354 1064
357 1069
357 1487
358 1067
358 1076
358 1078
359 1478
360 361
360 725
360 1479
361 1475
362 1475
363 1075
363 1475
364 365
364 366
365 368
365 1068
366 367
366 1068
366 1480
368 369
368 370
368 1481
369 371
369 1066
371 372
372 373
372 374
372 1076
374 1065
375 405
375 1076
376 600
376 1703
376 1706
377 610
377 1705
378 612
378 1708
379 380
379 381
380 1710
381 1709
382 383
382 1667
382 1714
383 1712
384 1707
384 1714
385 386
385 387
385 1675
386 387
386 1715
388 1715
389 390
389 1717
389 1719
391 1716
391 1718
391 1721
392 401
392 1724
392 1725
393 1035
393 1724
393 1728
394 425
395 396
395 1725
397 402
397 403
398 399
398 403
399 1046
399 1473
400 402
400 410
400 411
400 413
400 1728
401 406
402 1725
403 1725
404 1038
405 406
405 1039
406 407
408 409
409 1048
410 412
410 1728
411 1046
412 414
412 418
413 419
414 415
414 417
414 420
414 1036
416 417
417 1036
419 1044
420 421
420 422
420 423
422 1727
423 424
423 428
424 425
424 426
424 430
427 1049
428 429
429 1040
430 1043
430 1641
431 1041
431 1042
432 433
432 1042
433 434
434 435
435 436
435 1041
436 437
438 439
440 441
440 1630
440 1631
441 442
441 444
443 444
443 445
443 1639
444 1632
445 446
445 447
447 1633
448 449
449 450
449 1506
450 451
450 452
450 1612
452 453
452 462
454 463
454 1633
455 462
456 457
457 1628
457 1629
458 459
458 1629
459 460
459 466
460 465
460 1630
461 1634
462 463
462 1612
464 465
465 466
466 1636
467 1636
468 469
468 470
468 1637
470 1651
471 475
471 522
472 473
472 475
472 1640
474 508
474 1639
474 1640
475 1632
476 478
476 1641
477 1641
478 1617
478 1642
479 480
479 1617
480 481
480 1642
481 482
481 483
482 484
482 490
483 484
484 485
485 488
485 489
485 1645
485 1719
486 487
486 488
488 1645
490 491
490 493
490 1646
491 492
492 493
493 1644
494 495
494 503
495 496
495 501
497 506
498 499
498 500
498 1646
499 532
499 1645
499 1655
501 502
501 1646
502 1644
503 504
503 1643
504 505
504 1619
506 507
506 508
506 510
506 1646
507 508
509 510
509 529
510 1647
511 515
511 1648
512 517
512 1649
513 514
513 1649
513 1660
514 523
516 525
516 527
516 1647
517 518
517 1651
518 519
518 521
519 520
519 522
519 1653
520 1651
520 1652
521 522
521 1653
523 524
524 527
524 528
524 534
526 527
526 528
528 1655
529 530
529 1654
530 1654
530 1655
531 533
531 1656
532 533
533 1655
534 535
534 1658
535 540
535 1657
536 1690
537 541
537 542
537 1656
537 1657
538 1656
539 1659
540 545
541 544
541 545
541 546
541 1657
542 543
542 546
543 549
543 1662
545 547
545 1677
547 548
547 1663
549 550
549 555
549 1670
550 551
550 1673
551 552
552 560
552 1671
553 554
553 1666
553 1668
554 1667
555 1672
556 1674
557 1671
557 1674
557 1675
558 1667
559 1671
559 1713
560 1662
560 1668
560 1669
561 1666
562 585
562 1683
562 1686
562 1691
563 565
563 1684
563 1686
564 565
564 1683
564 1685
565 1687
566 568
566 569
566 1680
567 1685
568 1681
568 1682
569 1705
570 571
570 1688
570 1690
572 1679
573 1664
573 1705
574 575
574 1692
575 1691
576 1693
577 578
577 1693
577 1696
578 586
578 1696
578 1697
579 1695
579 1696
580 581
580 582
580 583
582 586
583 1695
584 1684
584 1694
584 1695
585 1694
587 588
588 1694
589 590
589 592
590 591
590 592
591 593
592 593
593 594
593 596
594 595
595 596
596 598
597 598
597 599
598 599
598 603
598 1698
599 601
600 1700
600 1707
601 602
601 603
601 607
601 611
603 604
604 605
605 607
605 610
606 612
607 608
607 610
608 609
610 1703
611 613
613 614
613 615
614 616
614 1705
615 1702
616 1704
617 1704
618 620
618 1771
618 1772
619 1083
619 1742
619 1772
620 649
620 1774
621 622
621 1742
621 1771
622 1094
622 1774
623 1762
623 1789
623 1791
624 1113
624 1789
624 1791
625 1082
625 1096
625 1762
626 1096
626 1791
627 1097
627 1744
627 1779
628 629
628 1747
628 1749
629 1731
629 1750
630 652
630 1120
630 1781
631 1747
631 1780
631 1781
632 1749
632 1752
632 1753
633 645
633 646
633 662
634 1104
634 1106
634 1733
634 1787
635 654
635 1734
635 1753
636 1083
636 1093
636 1107
637 1745
637 1778
637 1793
638 1750
638 1751
638 1781
639 1731
639 1764
639 1780
640 641
640 673
640 1739
641 672
641 1769
642 1087
642 1733
643 1772
644 1081
644 1094
644 1773
644 1774
645 660
645 661
645 1755
645 2671
646 1757
646 1768
647 1761
648 1762
650 1095
650 1774
650 1776
650 1778
650 1789
650 1791
651 1743
651 1802
653 1752
654 1101
654 1755
655 660
655 1756
656 1106
656 1758
656 1786
657 1794
657 1797
658 1087
658 1797
659 1079
659 1736
659 2598
660 1755
661 662
661 1768
662 2673
662 2674
663 664
663 1783
663 1786
664 665
664 1732
665 1785
666 1732
666 1798
667 1758
668 1402
668 1803
669 1088
669 1803
670 1091
671 1091
671 1797
671 1799
671 1800
674 1774
674 1789
675 1767
675 1780
676 1753
676 1754
677 1133
678 1127
678 1130
679 1894
679 1895
679 1896
680 1890
680 1891
681 1898
683 1901
684 685
684 687
684 1904
684 1905
684 1907
685 1900
685 1902
685 1904
686 1903
686 1907
687 1908
688 689
688 1910
689 1544
689 1547
689 1912
690 748
690 2467
691 700
691 703
691 1144
691 1145
691 1146
691 1153
691 1159
691 1588
692 911
692 912
692 1592
692 1593
693 694
693 695
693 915
694 915
694 1096
695 696
695 917
695 2578
696 697
696 922
697 698
697 927
697 928
697 943
698 699
698 922
698 923
698 936
699 936
699 937
699 1592
700 701
700 939
700 940
700 1122
701 702
701 948
701 949
701 950
702 717
702 727
702 946
703 704
703 1153
703 1804
703 1806
703 1812
704 705
704 711
704 1823
704 1824
705 706
705 707
705 1814
705 1815
705 1820
705 1821
706 1819
707 1996
707 2179
708 2004
708 2005
709 1823
710 836
710 837
710 839
710 1030
711 754
711 1996
712 713
712 1917
712 1921
713 714
713 1926
713 1927
714 717
714 1927
715 1930
715 2123
716 1933
716 1945
716 2121
717 2129
718 722
718 1935
718 1964
718 1965
719 1955
719 1963
720 721
720 725
720 1573
720 1954
720 1958
720 1959
720 1961
720 1962
721 723
721 1967
722 724
722 732
722 1970
722 2147
722 2151
722 2154
723 1966
725 732
725 1214
725 1256
725 1476
725 1479
725 1486
725 1959
725 1980
725 1984
725 2155
726 1137
726 1138
726 2136
727 2139
728 2139
728 2140
729 2143
729 2144
729 2145
730 731
730 1149
730 2148
731 732
731 2152
732 733
732 734
732 747
732 2153
732 2154
733 735
733 2155
734 2154
735 736
735 2156
736 746
736 1979
737 738
737 739
737 745
737 747
737 2160
737 2161
737 2162
737 2169
737 2172
738 740
738 2164
738 2170
738 2184
738 2200
739 2172
739 2175
739 2176
739 2180
740 742
740 2183
740 2184
740 2186
740 2199
741 2189
741 2190
742 1987
742 2199
742 2201
742 2202
743 816
743 817
743 818
743 1028
744 774
744 1488
744 2182
744 2200
744 2202
745 746
745 1972
745 1973
747 1971
747 1976
747 1977
748 1990
748 1991
749 750
749 1985
749 1991
750 1474
750 1987
750 1988
750 1989
751 1995
752 1993
753 821
753 824
753 850
754 1027
754 1028
754 1997
754 2002
754 2003
755 971
755 1065
755 1858
756 757
756 1078
756 1855
757 1066
758 759
758 1078
759 760
760 761
760 1077
761 762
761 1069
761 1477
762 763
763 764
764 765
764 967
765 968
766 767
766 967
768 769
769 770
769 1487
770 771
771 1062
771 1487
772 1488
773 775
774 775
774 777
775 776
777 778
777 779
779 780
780 1488
781 782
781 1056
782 783
783 1063
784 1494
784 1495
785 1290
785 1494
785 1495
786 794
787 1494
788 793
789 792
790 791
791 792
791 1498
792 793
793 794
794 1494
795 796
795 1266
796 797
797 798
798 799
799 800
799 801
800 804
801 802
801 803
803 814
803 1499
804 805
804 806
804 1501
806 807
807 808
808 809
809 810
810 811
811 812
812 813
813 814
815 1859
818 819
818 820
820 1029
821 822
822 823
822 828
823 827
824 825
824 850
824 851
824 1601
825 826
825 827
827 1032
827 1033
828 1032
829 1032
830 1032
831 1030
832 1032
833 1029
834 835
835 836
835 1028
837 838
838 839
839 1030
840 841
840 844
840 1027
842 843
843 844
844 1027
845 1033
846 847
847 848
847 1031
847 1164
848 849
848 1174
850 851
852 1594
853 854
854 1636
854 2245
855 856
855 858
855 860
855 1636
855 2247
855 2262
857 858
858 1637
859 1637
860 2250
861 862
861 863
861 1637
862 1637
862 1638
863 864
863 868
864 865
864 866
866 867
868 871
869 1638
870 1638
870 2527
871 1651
871 2527
871 2528
872 874
872 876
872 1633
872 2260
873 874
873 1633
874 875
876 877
877 878
877 1639
878 879
878 881
879 880
879 1640
881 882
882 883
882 888
882 2272
883 884
883 2508
885 886
885 887
885 1632
885 1638
886 889
886 2530
887 888
887 889
889 890
889 891
889 893
889 2508
890 2532
891 892
891 900
893 894
893 895
895 896
895 897
897 898
897 899
899 900
899 902
899 2519
900 901
902 2506
902 2512
903 1593
904 907
904 914
904 2420
905 906
905 907
905 2419
907 945
908 909
908 910
909 911
910 911
911 912
913 914
913 937
914 1592
915 916
915 1740
917 918
919 920
919 2578
921 922
923 924
923 925
925 926
926 927
926 928
926 929
926 930
928 938
929 930
930 931
930 932
930 934
931 933
934 935
936 945
936 1153
938 942
939 940
940 941
940 951
941 942
942 943
942 947
942 1153
942 1157
943 944
946 947
950 1134
950 1135
951 952
951 1134
953 954
953 1474
954 955
955 1474
955 1835
956 957
956 2116
957 960
957 961
958 959
958 961
958 1474
962 963
962 964
962 1487
964 965
964 1486
964 1487
965 1486
965 2166
966 1486
967 1069
968 1070
968 1071
969 1478
970 1065
970 1477
971 972
971 1477
973 974
973 1479
974 1475
975 1075
975 1211
975 1475
976 978
976 1703
976 1705
977 1705
978 979
978 980
979 980
980 1706
980 1711
980 2311
981 2311
982 1706
982 2311
983 2311
984 2311
985 986
985 1713
986 1713
986 1714
987 988
987 989
987 1016
988 993
988 1018
989 991
989 993
989 996
989 1667
990 991
990 992
992 1667
993 994
993 995
994 995
994 998
996 998
997 998
997 1714
998 1714
999 1713
1000 1001
1001 1002
1002 1003
1002 1707
1003 2343
1004 1176
1004 1715
1005 2541
1006 1663
1006 1666
1007 1663
1007 1681
1008 1664
1009 1010
1009 2311
1010 1664
1011 1012
1011 1013
1011 1668
1012 1014
1013 1014
1015 1016
1015 1669
1016 1017
1018 1019
1018 1662
1018 1669
1019 1026
1019 1713
1020 1021
1020 1674
1021 1022
1021 1023
1022 1675
1022 1676
1023 1024
1025 1671
1026 1671
1029 1032
1030 1031
1030 1034
1031 1034
1031 1319
1033 1034
1035 1036
1035 2482
1036 1728
1037 1253
1038 1566
1038 2490
1039 1246
1039 1565
1040 1041
1040 2495
1041 2497
1041 2498
1042 2497
1043 1720
1045 1047
1045 1054
1046 1054
1047 1049
1047 2504
1048 1054
1048 2503
1049 1060
1049 2505
1050 1055
1050 1061
1050 1826
1050 1831
1050 1832
1051 1052
1052 1053
1054 2500
1054 2502
1055 1829
1056 1829
1057 1058
1057 1059
1058 1059
1058 2234
1059 2498
1061 1062
1061 1834
1061 1848
1061 1852
1062 1487
1062 1488
1062 1848
1064 1066
1064 1853
1065 1066
1065 1477
1065 1855
1065 1856
1066 1067
1066 1239
1068 1070
1068 1077
1068 1228
1069 1472
1069 1473
1069 1477
1070 1072
1070 1228
1071 1216
1071 1218
1071 1478
1072 1073
1072 1221
1072 1222
1073 1074
1073 1075
1073 1218
1073 1220
1074 1075
1074 1213
1074 1219
1074 2030
1075 1212
1075 1217
1076 1241
1076 1482
1076 1484
1079 1080
1079 1735
1079 1736
1079 1788
1080 1743
1081 1094
1081 1761
1083 1770
1084 1781
1085 1086
1085 1125
1086 1125
1088 1090
1089 1090
1090 1091
1091 1766
1092 1402
1092 1758
1092 1787
1094 1743
1094 1761
1095 1743
1095 1774
1095 1777
1095 1788
1097 1100
1097 1118
1097 1119
1097 1124
1097 1748
1098 1120
1098 1763
1099 1120
1101 1102
1101 1754
1103 1758
1103 1787
1103 1803
1104 1105
1104 1775
1106 1734
1107 1108
1108 1109
1109 1110
1110 1111
1111 1761
1112 1113
1112 1790
1113 1730
1114 1778
1114 1792
1115 1116
1115 1793
1116 1117
1117 1769
1118 1745
1119 1763
1121 1122
1121 1751
1122 1750
1123 1124
1123 1802
1124 1752
1125 1801
1126 1127
1127 1133
1128 1129
1128 1130
1128 1131
1130 1132
1132 1133
1135 1136
1136 1137
1136 1138
1138 2130
1139 1140
1139 2138
1140 1143
1141 1142
1141 2139
1142 1143
1143 1145
1143 1146
1143 1147
1147 1148
1147 1818
1148 1149
1149 1150
1150 1151
1150 1152
1152 2148
1153 1154
1155 1157
1156 1158
1157 1159
1158 1159
1160 1806
1161 1292
1161 2060
1162 1163
1162 1164
1162 2060
1164 1165
1164 1175
1165 1166
1165 1168
1166 1167
1168 1169
1168 1583
1170 1583
1171 1583
1172 1583
1173 1325
1173 1586
1175 1317
1176 1177
1177 1178
1177 2018
1179 1180
1179 1716
1179 2010
1179 2012
1180 2016
1181 1182
1181 1184
1181 1672
1182 1185
1182 1186
1183 1672
1183 1716
1186 1187
1186 1188
1187 1189
1187 1718
1188 1659
1189 1190
1190 1717
1191 1718
1192 1716
1193 1645
1193 1659
1193 1719
1194 1196
1195 1719
1196 1197
1196 1198
1198 1199
1198 1717
1200 1201
1200 1717
1201 1202
1201 1720
1203 1718
1203 1720
1204 1205
1205 1206
1205 1721
1207 1208
1208 1209
1208 1721
1209 1210
1210 1722
1212 1213
1212 1476
1213 1231
1214 1476
1215 1476
1216 1217
1221 1222
1221 1224
1222 1223
1224 1225
1225 1226
1225 1232
1226 1480
1227 1228
1228 1229
1228 2035
1229 1230
1231 1957
1232 1233
1232 2033
1234 1235
1234 1236
1234 1481
1234 2035
1236 1237
1237 1238
1237 1248
1240 1483
1241 1242
1243 1244
1243 1484
1245 1246
1246 1492
1247 1248
1247 1482
1247 1483
1248 1249
1250 1485
1251 1252
1251 1565
1251 1576
1252 1253
1253 1565
1254 1255
1254 1720
1256 2167
1257 1258
1257 1490
1258 1259
1259 1260
1259 1261
1259 1264
1259 1491
1261 1262
1262 1263
1263 1493
1264 1265
1265 1267
1266 1267
1266 1493
1267 1268
1268 1269
1269 1270
1269 1498
1269 1499
1271 1272
1271 1273
1271 1499
1274 1276
1274 1490
1274 1866
1275 1276
1275 1287
1275 1490
1276 1277
1277 1278
1278 1279
1278 1284
1279 1280
1279 1281
1280 1496
1281 1283
1282 1283
1283 1497
1284 1497
1285 1286
1285 1490
1286 1502
1287 1288
1288 1289
1288 1290
1288 1495
1289 1495
1290 1291
1292 1293
1292 1584
1294 1295
1294 1296
1294 1584
1295 1298
1295 1584
1295 2410
1296 1297
1297 1302
1298 1299
1298 1300
1300 1301
1300 1302
1301 2205
1302 1303
1302 1304
1302 1305
1302 1581
1303 1304
1304 1581
1304 2057
1306 1307
1307 1308
1307 1309
1308 1587
1309 1310
1310 1311
1310 1586
1311 1316
1311 1587
1312 1587
1313 1587
1314 1315
1315 1316
1315 1318
1316 1586
1317 1587
1318 1319
1319 1320
1321 1322
1321 1324
1321 1582
1321 2060
1322 1323
1323 1324
1324 1325
1325 1582
1326 1509
1326 1510
1326 1512
1327 1360
1327 2622
1328 1788
1328 2709
1329 1788
1330 1734
1331 1332
1331 2606
1333 1407
1333 2586
1334 1426
1334 1741
1334 1770
1334 1771
1335 1444
1335 1743
1336 1761
1337 1339
1337 1761
1338 1761
1339 1340
1339 1761
1341 1461
1342 1796
1342 2607
1342 2608
1343 2607
1344 1346
1344 1455
1344 1729
1344 2384
1344 2610
1345 1729
1346 1729
1347 1787
1347 2605
1347 2611
1347 2612
1347 2613
1347 2614
1348 1733
1348 2614
1349 1774
1349 2377
1349 2615
1350 1773
1350 2377
1351 1774
1351 2378
1351 2379
1351 2406
1352 1736
1352 1743
1352 2383
1353 1776
1353 2378
1353 2388
1353 2389
1354 1357
1354 1777
1354 2565
1354 2566
1355 1356
1355 1740
1357 2574
1358 2576
1358 2577
1358 2579
1358 2627
1359 1744
1359 1745
1359 2579
1360 1745
1360 2580
1360 2581
1360 2625
1361 2624
1361 2625
1362 1744
1363 2627
1364 1365
1364 2631
1364 2632
1365 1366
1365 1747
1365 2627
1365 2637
1366 1367
1366 2634
1367 1368
1368 2635
1369 1371
1369 1372
1369 1750
1369 1781
1369 2635
1370 1750
1371 1372
1372 2636
1373 1746
1373 1781
1373 2636
1374 1779
1374 2640
1375 1744
1375 1780
1375 2644
1375 2645
1376 1378
1376 1780
1376 2652
1376 2657
1377 2652
1377 2656
1378 1746
1378 1780
1378 2651
1379 1380
1379 2663
1379 2664
1379 2666
1381 1383
1382 1383
1382 1385
1382 1755
1384 1413
1384 1414
1384 1734
1384 2586
1384 2588
1384 2595
1384 2596
1384 2599
1384 2602
1384 2604
1384 2605
1385 2668
1386 2674
1387 1388
1387 1768
1388 1389
1388 2676
1389 1782
1389 2675
1390 1732
1390 1783
1390 2677
1391 2678
1391 2679
1392 1396
1392 2681
1392 2683
1393 1758
1393 2685
1393 2689
1393 2692
1393 2693
1393 2694
1394 1396
1394 1758
1395 2693
1396 1758
1396 2681
1396 2685
1396 2687
1396 2688
1397 2694
1397 2695
1397 2696
1398 2697
1398 2698
1398 2699
1399 1400
1399 1786
1400 1401
1400 1782
1403 1404
1403 2700
1404 1405
1405 1407
1406 1407
1406 2701
1407 2587
1408 1409
1408 1769
1409 2702
1410 1788
1410 2707
1411 1738
1411 2591
1411 2711
1412 2593
1412 2595
1413 1734
1413 2708
1414 1739
1415 1416
1415 1770
1416 1417
1416 1770
1418 1770
1419 1420
1420 1421
1420 1422
1421 1770
1422 1423
1423 1424
1423 1426
1424 1426
1425 1426
1426 1801
1427 1770
1428 1770
1429 1770
1430 1431
1431 1770
1432 1433
1432 1801
1433 1434
1434 1435
1434 1741
1435 1741
1436 1437
1436 1441
1436 1447
1436 1741
1437 1438
1438 1771
1439 1440
1440 1772
1441 1442
1442 1443
1443 1444
1444 1445
1446 1447
1448 1449
1448 1743
1448 1772
1449 1450
1449 1452
1449 1742
1450 1451
1452 1453
1453 1761
1454 1730
1454 1773
1455 1772
1455 2382
1456 1458
1456 1794
1457 1458
1457 1794
1458 1469
1458 1795
1459 1460
1459 1794
1461 1462
1461 1468
1462 1465
1463 1464
1463 1466
1463 1467
1463 1775
1465 1467
1466 1467
1466 1775
1468 1795
1469 2621
1471 1472
1471 1852
1472 1852
1473 1477
1473 1849
1473 1852
1476 1957
1480 1481
1480 2035
1483 1485
1486 1487
1486 2167
1488 1848
1489 1835
1489 1836
1489 1840
1489 1844
1490 1502
1490 1503
1491 1865
1492 1574
1493 1499
1494 1495
1494 1498
1495 1496
1495 1497
1495 1502
1496 1497
1498 1500
1498 1861
1498 1862
1498 1863
1498 1864
1500 1501
1500 1859
1503 1509
1503 1866
1503 1870
1504 1871
1504 1872
1504 1873
1505 1608
1505 1875
1505 1876
1506 1878
1506 1879
1507 1608
1507 1627
1507 1878
1507 2118
1508 1625
1508 1879
1509 2061
1509 2064
1511 2076
1511 2077
1511 2080
1511 2082
1513 2061
1514 1624
1514 2075
1514 2219
1515 2086
1515 2089
1516 2085
1516 2086
1516 2087
1517 2108
1518 1540
1518 2107
1518 2109
1519 2106
1519 2113
1520 1521
1520 1522
1520 1542
1520 2092
1521 1542
1522 1542
1522 2093
1523 1524
1523 2106
1524 1526
1524 1543
1524 2095
1524 2096
1524 2097
1525 2090
1526 2098
1527 1528
1527 1531
1528 1529
1529 1530
1530 1531
1530 1538
1532 2103
1532 2105
1533 1543
1533 2092
1534 1543
1534 2095
1534 2110
1535 1536
1536 1537
1536 2094
1538 1539
1538 2111
1539 1880
1539 2116
1540 1542
1541 2090
1544 1909
1544 1911
1544 1912
1545 1546
1545 1910
1547 1548
1547 1550
1547 1912
1547 2468
1548 1913
1548 1914
1549 1913
1549 1914
1550 1915
1551 1552
1551 1553
1552 1553
1552 1554
1552 1557
1553 1554
1553 1555
1553 2470
1554 1555
1556 1559
1557 1558
1558 1563
1558 2474
1559 1560
1559 1564
1559 2475
1560 1568
1560 2473
1561 2476
1562 1563
1562 2010
1563 1567
1563 2008
1564 1565
1566 2490
1567 2474
1568 1569
1568 1570
1568 1572
1568 2022
1568 2475
1569 2021
1569 2475
1570 2023
1571 1573
1571 2025
1572 2019
1572 2021
1573 1574
1573 2024
1573 2032
1574 2032
1574 2033
1575 2024
1577 1578
1577 2052
1577 2060
1578 1579
1578 1581
1578 1583
1578 2055
1579 2049
1579 2050
1580 1581
1580 2036
1580 2037
1580 2038
1580 2046
1581 1584
1581 2058
1582 1586
1583 1585
1584 1585
1584 2413
1588 1591
1588 1806
1588 1807
1588 1808
1588 1810
1588 1813
1588 1822
1588 1824
1588 2413
1589 1591
1589 2409
1589 2411
1589 2412
1591 2416
1592 1593
1593 2419
1594 1595
1594 2421
1594 2422
1594 2423
1594 2424
1595 1596
1595 2425
1596 1598
1596 2426
1597 1598
1597 2428
1598 1599
1598 2429
1599 1600
1599 2435
1599 2436
1599 2438
1600 1601
1600 2437
1600 2441
1601 2441
1601 2445
1602 2444
1602 2446
1602 2448
1602 2449
1602 2451
1603 2457
1604 2458
1605 1606
1605 2454
1605 2459
1606 2460
1607 2461
1608 1609
1608 2553
1608 2554
1608 2555
1609 2556
1610 2552
1611 1613
1611 2557
1611 2561
1612 1616
1612 2559
1613 2557
1614 1615
1614 1616
1614 2562
1615 1618
1615 2562
1616 1617
1616 2207
1616 2208
1616 2560
1617 2209
1617 2210
1619 2210
1619 2213
1620 1623
1620 2216
1621 2229
1622 2233
1623 2219
1624 2220
1625 1626
1625 1635
1625 2236
1625 2238
1625 2239
1626 2240
1627 2552
1628 2245
1629 1634
1629 2244
1630 1631
1630 1632
1630 2262
1630 2265
1630 2266
1630 2267
1630 2274
1632 1638
1632 2267
1632 2268
1632 2269
1632 2270
1633 2256
1633 2257
1634 2242
1634 2249
1635 2241
1635 2251
1635 2253
1635 2254
1636 1637
1638 1651
1640 2507
1641 2497
1642 2209
1642 2513
1643 1644
1643 2213
1644 2513
1644 2514
1644 2515
1645 1646
1645 2515
1645 2516
1645 2535
1646 2519
1647 2520
1647 2521
1647 2522
1648 2522
1649 2523
1649 2524
1650 2525
1651 2527
1652 1653
1652 2529
1655 2520
1655 2535
1655 2536
1656 1659
1656 2548
1656 2550
1657 2546
1658 1660
1658 1661
1658 2539
1658 2541
1658 2542
1658 2549
1659 1719
1659 2550
1660 1690
1660 2537
1662 1670
1663 1664
1664 1665
1664 1682
1664 2310
1664 2311
1666 2311
1667 1711
1670 1673
1672 1673
1675 1676
1675 1715
1677 1678
1677 2294
1678 1683
1678 2290
1678 2291
1678 2295
1679 2290
1679 2291
1679 2292
1680 1684
1680 1685
1680 2298
1680 2318
1680 2319
1682 2309
1683 1688
1683 2296
1684 2299
1684 2314
1685 1695
1685 2313
1685 2317
1686 2301
1686 2303
1686 2304
1686 2330
1687 2275
1687 2316
1688 1689
1688 2278
1688 2285
1689 2305
1690 2278
1690 2279
1691 2308
1691 2325
1691 2326
1692 2322
1693 2328
1694 2329
1694 2330
1694 2331
1695 2331
1695 2332
1696 2327
1696 2328
1697 2358
1698 1699
1699 1701
1699 2336
1699 2339
1700 1701
1700 2337
1700 2341
1701 2340
1701 2342
1702 1708
1702 2349
1703 1705
1704 1710
1704 2368
1704 2370
1704 2376
1706 2345
1708 2348
1708 2361
1709 2350
1709 2351
1709 2358
1710 2275
1710 2276
1710 2277
1713 1714
1717 1720
1720 2492
1721 1724
1722 1723
1722 1726
1723 1724
1723 2478
1724 2479
1726 2480
1727 2480
1729 1736
1729 1737
1730 1761
1730 1773
1730 1776
1730 2386
1730 2387
1731 1746
1731 1764
1731 1779
1731 2638
1732 1783
1732 1784
1732 1798
1732 2679
1732 2681
1734 1735
1734 1739
1734 1756
1734 1787
1734 2599
1734 2703
1735 1759
1735 2582
1735 2583
1735 2584
1735 2585
1736 1741
1736 1743
1736 2383
1736 2384
1736 2385
1736 2609
1739 1788
1739 2597
1739 2702
1739 2709
1740 1791
1741 1771
1741 1801
1743 1788
1744 1779
1744 1802
1744 2622
1745 2581
1746 1747
1746 1764
1746 1780
1746 2636
1746 2642
1746 2657
1748 1780
1748 1781
1748 2639
1749 1767
1750 1781
1752 1753
1752 1765
1752 2661
1753 2662
1753 2663
1753 2664
1754 1755
1754 1756
1755 2669
1755 2670
1756 1769
1756 2703
1758 1785
1759 1787
1759 2601
1759 2603
1759 2711
1760 1761
1762 2575
1763 1779
1763 2633
1764 1781
1764 2651
1764 2653
1764 2654
1764 2655
1765 2661
1765 2662
1766 1799
1767 2641
1768 1782
1770 1801
1771 1772
1773 1776
1777 1791
1777 1792
1777 2393
1778 1793
1778 2397
1778 2398
1778 2401
1779 2639
1780 2657
1780 2658
1781 2636
1782 2675
1782 2676
1783 2677
1786 1787
1786 2695
1788 2589
1788 2590
1788 2706
1788 2707
1788 2710
1789 2564
1789 2569
1789 2573
1789 2574
1789 2575
1789 2618
1790 2569
1790 2616
1791 2393
1791 2565
1791 2568
1792 2399
1792 2400
1793 2401
1793 2402
1793 2405
1793 2623
1793 2624
1794 1795
1795 1796
1795 2621
1796 2608
1797 1799
1798 2684
1802 2625
1804 1805
1806 1807
1806 1808
1808 1809
1810 1811
1810 1812
1813 1814
1815 1816
1816 1818
1817 1818
1818 1819
1820 2158
1822 1823
1822 2418
1824 1825
1824 2417
1827 1828
1827 2117
1828 1829
1828 1830
1829 1830
1830 1831
1832 1833
1833 1834
1837 1838
1838 1839
1838 1840
1838 1844
1841 1842
1842 1845
1843 1844
1844 1845
1844 1848
1845 1846
1846 1847
1849 1850
1849 1851
1853 1854
1854 1855
1856 1857
1859 1860
1860 1861
1862 1863
1867 1868
1868 1870
1869 1870
1871 1876
1872 1873
1872 1877
1873 1874
1873 1875
1877 1879
1880 1881
1880 2114
1882 1883
1882 1887
1883 1884
1883 1886
1884 1885
1884 1889
1886 1887
1887 1888
1887 1894
1889 1891
1890 1891
1890 1892
1892 1893
1892 1896
1892 1897
1894 1895
1898 1899
1899 1900
1900 1901
1903 1907
1903 1909
1904 1905
1905 1907
1906 1907
1916 1918
1917 1918
1917 1921
1918 2020
1919 1921
1920 1921
1921 1922
1921 1929
1922 1923
1923 1925
1924 1925
1927 1928
1929 1930
1930 1931
1932 1933
1932 2119
1933 1934
1935 1936
1936 1937
1936 1938
1937 1939
1938 1941
1939 1940
1939 1941
1940 1941
1941 1942
1941 1945
1942 1943
1942 1944
1944 1945
1944 1946
1945 1947
1946 2123
1947 2123
1948 1951
1948 2123
1948 2132
1949 2127
1950 2119
1950 2123
1951 2128
1951 2130
1952 1953
1953 1954
1953 1956
1956 1957
1959 1960
1961 1962
1962 1963
1965 1966
1967 1968
1968 1969
1968 1970
1971 2163
1973 1974
1973 1975
1975 1976
1978 1980
1978 2162
1980 1981
1981 1982
1981 1983
1983 1984
1985 1986
1985 1987
1986 1992
1987 1989
1992 1993
1992 1994
1993 1994
1996 1998
1997 1998
1997 1999
1999 2000
2001 2002
2002 2176
2004 2005
2005 2006
2007 2474
2007 2477
2007 2491
2008 2009
2008 2477
2009 2011
2011 2012
2011 2014
2012 2013
2013 2487
2015 2016
2016 2017
2017 2018
2019 2020
2022 2023
2025 2026
2026 2027
2026 2031
2027 2028
2028 2029
2029 2030
2030 2031
2033 2034
2034 2035
2036 2037
2039 2040
2039 2042
2040 2041
2040 2042
2042 2043
2042 2056
2042 2057
2043 2044
2043 2057
2045 2046
2046 2048
2047 2048
2047 2049
2048 2049
2049 2050
2050 2051
2051 2052
2052 2053
2053 2054
2054 2055
2056 2057
2058 2059
2062 2064
2063 2074
2063 2083
2064 2065
2065 2066
2066 2083
2067 2068
2067 2083
2067 2084
2069 2084
2070 2071
2070 2073
2071 2073
2071 2074
2072 2073
2073 2084
2074 2075
2077 2078
2077 2079
2080 2081
2087 2088
2087 2108
2088 2107
2090 2091
2093 2232
2095 2098
2098 2099
2098 2100
2098 2102
2100 2101
2102 2103
2102 2104
2103 2104
2105 2117
2107 2109
2108 2226
2109 2230
2109 2232
2111 2112
2114 2115
2119 2120
2119 2121
2121 2122
2121 2126
2121 2129
2124 2125
2125 2126
2125 2127
2127 2128
2128 2129
2130 2131
2131 2135
2132 2133
2133 2134
2133 2138
2135 2136
2136 2137
2137 2138
2138 2139
2140 2141
2141 2142
2142 2143
2145 2146
2146 2147
2148 2149
2148 2150
2150 2159
2151 2159
2152 2153
2152 2159
2156 2157
2161 2162
2162 2163
2164 2165
2165 2166
2168 2169
2169 2170
2170 2171
2172 2173
2174 2177
2177 2178
2178 2179
2180 2181
2184 2185
2186 2187
2187 2188
2187 2189
2189 2191
2189 2193
2189 2197
2191 2192
2193 2194
2193 2198
2194 2195
2194 2196
2198 2447
2198 2453
2202 2203
2203 2204
2205 2206
2206 2409
2206 2412
2206 2419
2209 2214
2209 2215
2210 2211
2212 2213
2216 2217
2217 2218
2218 2219
2219 2221
2221 2222
2222 2223
2222 2224
2224 2225
2225 2233
2226 2227
2228 2230
2229 2230
2229 2231
2234 2235
2236 2237
2236 2243
2237 2238
2239 2257
2240 2241
2240 2242
2244 2246
2245 2246
2246 2249
2247 2248
2247 2249
2249 2250
2249 2253
2250 2251
2250 2263
2251 2252
2254 2255
2254 2256
2256 2259
2257 2258
2258 2259
2261 2262
2261 2263
2261 2264
2262 2265
2262 2274
2263 2265
2267 2268
2270 2271
2270 2272
2272 2273
2276 2277
2276 2356
2278 2280
2280 2281
2280 2282
2282 2283
2282 2284
2284 2285
2284 2286
2286 2287
2286 2290
2287 2288
2287 2289
2292 2293
2293 2299
2294 2295
2295 2298
2297 2298
2300 2301
2301 2302
2302 2303
2305 2306
2306 2307
2307 2308
2310 2311
2312 2313
2313 2316
2314 2315
2314 2317
2316 2317
2317 2335
2319 2320
2319 2321
2322 2324
2323 2324
2323 2325
2324 2325
2327 2328
2332 2333
2332 2334
2334 2335
2336 2337
2336 2338
2339 2340
2340 2341
2340 2344
2341 2342
2342 2343
2343 2345
2344 2347
2345 2346
2349 2353
2349 2362
2349 2366
2349 2367
2351 2352
2351 2356
2353 2354
2353 2355
2355 2356
2356 2357
2356 2360
2358 2359
2362 2363
2363 2364
2363 2365
2367 2374
2367 2375
2369 2370
2369 2371
2370 2371
2371 2372
2372 2373
2373 2374
2379 2380
2379 2406
2380 2381
2382 2384
2383 2609
2388 2395
2389 2390
2390 2391
2391 2392
2391 2394
2395 2396
2396 2397
2398 2400
2399 2400
2399 2576
2402 2403
2403 2404
2406 2407
2406 2408
2406 2564
2407 2408
2410 2412
2410 2419
2413 2414
2414 2415
2414 2416
2419 2420
2423 2442
2424 2425
2425 2426
2426 2427
2427 2430
2427 2432
2428 2430
2430 2431
2430 2433
2431 2434
2434 2435
2434 2438
2436 2437
2438 2441
2439 2440
2440 2441
2441 2442
2441 2443
2441 2444
2443 2444
2446 2447
2448 2449
2449 2450
2450 2451
2451 2452
2452 2453
2454 2455
2454 2458
2455 2456
2456 2457
2461 2462
2462 2463
2463 2464
2463 2467
2464 2465
2465 2466
2466 2467
2468 2469
2468 2470
2470 2471
2472 2475
2473 2474
2474 2476
2476 2477
2476 2491
2480 2481
2482 2483
2484 2485
2484 2488
2485 2486
2486 2491
2487 2491
2488 2489
2492 2493
2493 2494
2493 2496
2495 2496
2495 2497
2498 2499
2501 2502
2506 2512
2507 2510
2507 2512
2508 2509
2508 2510
2510 2511
2513 2516
2513 2518
2516 2517
2519 2520
2524 2525
2524 2526
2525 2526
2529 2530
2529 2532
2530 2531
2532 2533
2534 2535
2537 2538
2537 2539
2539 2540
2541 2549
2542 2549
2543 2544
2544 2546
2545 2546
2546 2547
2546 2548
2550 2551
2554 2555
2558 2560
2560 2561
2560 2562
2562 2563
2565 2566
2567 2568
2569 2570
2569 2616
2571 2619
2571 2620
2572 2619
2572 2620
2577 2578
2580 2623
2583 2606
2584 2603
2585 2586
2586 2587
2588 2704
2590 2592
2591 2598
2592 2594
2593 2594
2593 2601
2595 2596
2598 2600
2602 2603
2611 2612
2616 2617
2617 2618
2617 2619
2618 2620
2625 2626
2627 2628
2628 2629
2628 2630
2632 2633
2637 2638
2640 2641
2641 2644
2641 2659
2642 2643
2643 2646
2644 2645
2646 2647
2647 2648
2648 2649
2648 2659
2649 2650
2654 2656
2655 2656
2660 2661
2665 2666
2667 2668
2667 2671
2671 2672
2672 2673
2677 2678
2679 2683
2680 2681
2682 2683
2685 2690
2686 2687
2690 2691
2692 2693
2696 2699
2698 2700
2700 2701
2704 2705
2706 2708
