13
9
5
5
10
8
8
15
4
1
19
18
18
1
12
5
11
2
6
3
6
12
13
13
17
2
12
12
11
12
5
6
10
4
18
2
10
15
4
15
3
0
14
13
18
3
2
5
5
17
8
8
13
17
18
3
3
9
16
14
3
12
4
5
19
17
2
5
4
4
19
0
14
10
11
5
16
15
7
13
8
17
14
17
10
0
10
19
17
14
14
0
18
8
19
6
2
15
13
9
7
3
5
12
5
5
12
11
9
16
19
10
14
14
17
1
3
3
6
7
2
3
14
9
6
7
19
6
6
11
15
12
11
3
13
1
6
12
9
7
15
18
12
11
9
12
12
12
18
13
18
10
11
5
16
2
4
14
0
11
16
14
4
7
5
2
15
17
0
11
10
0
4
8
3
5
3
14
13
2
1
17
15
14
2
9
13
3
10
2
9
10
7
0
0
10
10
9
18
2
12
8
12
18
12
9
4
14
3
11
14
15
18
16
3
3
11
16
1
13
4
12
9
8
1
12
0
18
6
14
6
3
2
1
13
7
7
19
3
13
7
7
15
16
5
19
18
19
12
10
7
4
4
17
8
2
11
6
7
1
2
12
7
15
8
6
11
6
1
6
17
0
18
17
17
2
17
18
4
16
16
14
14
14
17
15
6
7
6
16
4
4
6
5
6
4
15
0
13
8
16
13
5
14
10
15
17
7
0
1
14
13
18
15
15
5
2
19
15
1
19
13
8
8
18
13
14
10
14
10
8
11
4
2
19
16
15
10
8
19
18
11
16
9
4
5
10
5
1
10
10
10
11
11
13
3
15
11
8
1
0
9
7
0
19
1
12
8
7
16
13
0
6
1
8
16
5
17
19
1
19
13
15
12
16
5
11
15
15
19
9
2
2
3
12
6
2
11
17
11
18
5
9
17
13
7
18
13
11
15
17
15
14
1
1
8
17
16
1
0
15
6
16
0
1
0
4
5
19
2
6
19
15
16
16
7
8
15
4
13
3
15
8
15
19
18
14
2
1
16
18
4
8
19
1
8
5
7
2
1
9
9
16
4
14
2
16
3
7
16
12
0
12
7
2
19
14
1
12
6
4
3
6
3
16
9
3
1
0
4
0
17
19
9
14
9
10
11
8
14
8
17
1
1
18
3
6
12
11
4
17
9
6
0
12
6
11
2
9
1
12
18
11
3
11
2
16
6
13
0
13
11
6
6
11
10
4
17
7
4
16
15
11
4
10
6
17
18
3
18
10
0
8
10
1
14
13
18
5
2
7
5
3
10
7
14
14
2
19
10
13
16
7
16
15
19
0
1
0
19
1
0
9
19
18
5
16
9
0
4
7
8
13
13
15
14
9
5
7
10
18
4
15
9
16
10
1
0
9
3
5
16
11
15
7
7
1
10
4
6
11
0
15
16
4
6
5
5
16
8
13
11
6
14
16
3
7
15
5
4
9
18
14
19
7
12
13
3
18
16
17
11
2
15
7
17
18
7
8
8
11
2
18
19
17
4
10
17
9
8
13
3
8
14
10
1
10
4
13
18
14
4
17
0
19
1
15
18
14
8
10
15
19
16
2
18
8
3
8
8
2
0
0
17
3
16
14
19
14
15
13
10
7
16
9
6
10
0
7
9
15
8
5
5
17
5
12
18
5
3
5
3
6
10
12
9
4
2
1
5
2
3
12
4
6
11
7
7
19
13
12
15
3
4
6
15
11
0
8
19
8
16
4
3
13
12
17
19
12
3
17
7
13
0
10
12
6
4
6
2
3
8
11
17
13
2
12
19
11
16
4
13
13
19
6
4
11
16
13
14
11
16
13
6
18
0
0
14
17
1
8
18
4
0
16
18
2
7
3
15
5
17
14
19
5
3
16
9
7
10
0
9
8
3
0
1
13
18
0
17
19
9
12
11
19
5
15
1
7
11
5
2
7
1
3
11
2
10
17
0
9
16
15
11
1
7
9
2
1
9
14
11
1
1
14
5
0
12
6
7
18
10
10
8
17
4
11
12
9
3
9
10
17
19
14
8
9
3
15
17
4
10
5
18
12
7
8
9
11
18
5
7
10
2
9
6
17
19
17
13
9
19
10
2
18
12
2
10
19
17
0
9
2
15
6
8
16
18
6
0
13
19
18
19
6
8
1
1
6
19
0
1
3
5
12
7
17
14
19
4
4
8
11
14
18
12
18
13
14
17
13
5
2
9
14
0
2
9
12
1
10
12
17
7
8
16
4
16
2
15
9
9
12
5
19
0
13
1
6
12
