0 294
0 86
0 861
0 620
0 954
0 699
0 516
0 577
0 528
0 325
0 551
1 589
1 391
1 567
1 137
1 119
1 643
1 896
1 992
1 346
1 837
1 65
1 241
2 676
2 27
2 925
2 723
2 15
2 292
2 233
2 961
2 400
2 469
2 377
2 73
2 3
2 153
2 164
2 824
2 272
2 404
2 958
3 263
3 382
3 470
3 6
3 442
3 825
3 725
3 302
3 153
3 244
3 824
3 723
3 315
3 385
3 820
3 67
3 875
3 48
3 888
3 779
3 393
3 568
3 678
3 780
3 854
3 497
3 452
3 790
3 869
3 9
3 309
3 614
3 919
3 925
3 669
3 286
3 758
3 505
3 785
3 519
3 160
3 629
3 508
3 969
3 909
3 855
3 495
4 898
4 39
4 346
4 927
4 195
4 329
4 86
4 327
4 674
4 690
4 901
4 275
4 29
4 574
4 423
4 629
4 717
4 644
4 223
4 177
4 566
4 280
4 638
4 323
4 20
4 23
4 335
4 431
4 73
4 652
4 137
4 760
4 418
4 577
4 516
4 908
4 287
4 958
4 460
5 230
5 39
5 86
5 658
5 131
5 54
5 830
5 691
5 956
5 322
5 338
5 758
5 760
5 502
5 713
5 109
5 70
5 759
6 421
6 285
6 509
6 299
6 498
6 500
6 173
6 480
6 390
6 621
6 705
6 932
6 589
6 703
6 734
6 263
6 45
6 367
6 908
6 303
6 708
7 898
7 263
7 336
7 411
7 385
7 243
7 225
7 607
7 78
7 67
7 784
7 296
7 166
7 432
7 314
7 313
7 846
7 617
7 913
7 895
7 401
7 650
7 577
7 384
7 811
7 538
7 185
8 960
8 172
8 885
8 33
8 529
8 865
8 122
8 309
8 367
8 539
8 795
8 62
8 69
8 589
8 762
8 223
8 416
8 577
8 459
8 224
8 271
8 41
8 893
9 18
9 480
9 50
9 455
9 385
9 314
9 421
9 87
9 658
9 379
9 540
9 335
9 975
9 995
9 771
10 948
10 677
10 249
10 65
10 516
10 938
10 956
10 271
10 64
10 579
10 893
11 295
11 96
11 833
11 377
11 660
11 246
11 937
11 600
11 662
11 966
11 447
11 216
11 676
11 560
11 496
11 419
11 267
11 718
11 341
11 692
11 232
11 266
11 582
11 554
11 78
11 695
11 964
12 290
12 599
12 174
12 224
12 154
12 648
12 519
12 836
12 394
12 942
12 695
12 368
12 390
12 57
13 594
13 156
13 676
13 659
13 15
13 821
13 32
13 693
13 720
13 530
13 853
13 379
13 154
13 542
13 353
13 745
13 837
13 528
13 91
13 828
13 879
13 250
13 64
14 998
14 686
14 857
14 779
14 981
14 745
14 615
14 890
14 936
14 837
14 639
14 195
14 221
14 742
14 133
14 725
14 797
14 557
14 806
14 568
15 543
15 62
15 871
15 540
15 58
15 23
15 401
15 48
15 722
15 102
15 650
15 379
15 419
16 267
16 794
16 263
16 777
16 629
16 833
16 669
16 709
16 28
16 837
16 890
16 210
17 95
17 409
17 285
17 933
17 517
17 396
17 816
17 179
17 740
17 458
17 66
17 856
17 694
17 595
17 914
17 448
17 75
17 580
17 302
17 964
17 495
17 436
17 59
17 763
17 806
17 703
17 432
17 181
17 510
17 536
17 236
17 859
17 573
17 559
17 700
17 276
17 169
17 756
18 776
18 998
18 230
18 512
18 292
18 128
18 372
18 288
18 632
18 944
18 778
18 948
18 878
18 803
18 20
18 550
18 234
18 926
18 360
18 312
18 848
18 423
18 47
18 409
18 60
18 322
18 572
18 670
18 611
18 142
18 975
18 603
18 49
18 700
18 139
18 346
18 532
18 420
18 291
18 932
18 358
18 40
18 491
18 859
18 869
19 700
19 856
19 981
19 696
19 244
19 122
19 210
19 77
19 684
19 889
19 580
19 94
19 207
20 532
20 267
20 269
20 360
20 882
20 854
20 358
20 161
20 163
20 545
20 128
20 479
20 543
20 550
20 897
20 561
20 192
20 879
20 361
21 257
21 846
21 86
21 517
21 811
21 265
21 512
21 848
21 274
21 837
21 366
21 221
21 478
21 486
21 399
21 660
21 991
21 680
22 794
22 182
22 777
22 676
22 877
22 367
22 731
22 824
22 528
22 848
22 720
22 296
22 742
22 482
22 723
22 163
22 423
22 179
22 944
22 212
22 426
22 678
22 772
22 836
22 970
22 859
22 746
22 126
22 57
22 59
23 56
23 704
23 792
23 311
23 630
23 535
23 683
23 688
23 926
23 659
23 365
23 192
23 154
23 87
23 684
23 220
23 325
23 977
24 489
24 674
24 73
24 857
24 559
24 965
24 470
24 650
24 858
24 416
24 273
24 510
24 916
24 276
24 724
24 167
24 775
24 494
24 532
24 946
24 669
24 628
24 983
24 795
24 636
24 760
24 484
24 608
24 411
24 502
24 834
24 473
24 544
24 132
24 243
24 695
24 677
24 140
24 871
24 943
24 929
24 969
24 501
24 849
24 852
24 185
24 977
25 794
25 539
25 762
25 391
25 976
25 972
25 184
25 66
25 199
25 598
25 472
25 251
25 409
25 307
25 847
25 846
25 634
25 720
25 770
25 185
25 296
25 647
25 810
25 429
25 474
25 699
25 293
25 48
25 379
25 930
26 775
26 383
26 992
26 877
26 202
26 103
26 978
26 470
26 707
26 955
26 962
26 434
26 461
26 237
26 336
26 594
26 45
26 30
26 956
26 132
26 27
26 29
26 842
26 137
26 742
26 456
26 300
27 84
27 145
27 954
27 248
27 61
27 850
27 75
27 624
27 696
27 637
27 987
27 352
27 904
27 147
27 470
27 742
27 730
27 770
27 193
27 955
27 983
28 882
28 184
28 833
28 516
28 908
28 863
28 143
28 129
28 508
28 640
28 436
28 710
28 290
28 335
28 877
28 993
28 721
28 697
28 135
28 657
28 227
28 284
28 732
29 506
29 742
29 645
29 904
29 902
29 804
29 719
29 210
29 271
29 35
29 323
29 617
29 553
29 366
29 935
29 610
29 416
29 946
29 792
29 98
29 879
29 787
29 823
30 366
30 355
30 261
30 576
30 95
30 333
30 526
30 164
30 993
30 739
30 276
30 403
30 540
30 484
30 542
30 620
30 764
30 975
30 87
31 515
31 754
31 744
31 803
31 118
31 265
31 533
31 532
31 732
31 506
31 294
31 230
31 338
31 491
31 466
31 523
31 85
31 784
31 911
31 91
31 166
31 121
31 706
31 108
31 47
31 722
31 740
31 413
31 912
31 545
31 127
31 624
31 249
31 517
31 645
31 470
31 969
31 501
31 359
31 384
31 620
31 827
32 594
32 885
32 774
32 927
32 666
32 350
32 176
32 564
32 908
32 943
32 373
32 367
32 521
32 514
32 550
32 690
32 617
32 212
32 663
32 579
33 37
33 543
33 497
33 300
33 691
33 605
33 619
33 69
33 589
33 131
33 137
33 478
33 226
34 901
34 605
34 184
34 383
34 322
34 481
34 357
34 115
34 160
34 856
34 808
34 964
34 727
34 787
34 793
34 185
35 694
35 120
35 559
35 316
35 35
35 306
35 484
35 136
35 582
35 79
35 117
35 745
35 790
35 353
35 932
35 429
35 179
35 988
35 750
35 591
35 65
35 908
35 865
36 479
36 602
36 637
36 674
36 676
36 656
36 258
36 51
36 137
36 592
36 649
36 626
36 73
36 385
36 114
36 573
36 516
36 792
36 772
37 898
37 388
37 409
37 321
37 669
37 618
37 46
37 686
37 432
37 846
37 602
37 637
37 391
37 722
37 53
37 586
37 837
37 673
37 72
37 974
38 653
38 166
38 543
38 162
38 677
38 762
38 842
38 722
38 981
38 887
38 379
38 199
38 817
38 987
38 327
38 73
38 801
38 235
38 879
39 420
39 933
39 336
39 166
39 622
39 305
39 819
39 989
39 653
39 868
39 972
39 206
39 873
39 205
39 742
39 587
39 52
39 362
39 444
39 330
39 602
39 170
39 775
39 483
39 940
39 570
39 325
39 848
39 614
40 754
40 677
40 366
40 965
40 548
40 560
40 151
40 766
40 137
40 892
40 55
40 467
40 456
40 853
40 397
40 813
40 99
40 890
41 228
41 336
41 562
41 114
41 713
41 152
41 107
41 641
41 596
41 798
41 841
41 977
42 147
42 992
42 153
42 152
42 371
42 899
42 514
42 98
42 931
42 53
42 742
42 623
43 862
43 711
43 700
43 189
43 877
43 978
43 763
43 224
43 54
43 227
43 528
43 701
43 941
43 581
43 505
43 121
43 691
43 369
43 81
43 243
43 779
43 848
43 845
43 668
43 661
43 132
43 320
43 963
44 86
44 260
44 700
44 66
44 452
44 254
44 903
44 924
44 198
44 346
44 854
44 81
44 163
44 45
44 418
44 589
44 669
44 846
44 488
44 176
44 578
44 955
44 91
44 389
45 432
45 170
45 897
45 393
45 119
45 992
45 215
45 481
45 811
45 588
45 876
45 888
46 927
46 260
46 652
46 155
46 363
46 820
46 987
46 474
46 902
46 48
46 410
46 114
46 466
46 169
46 903
46 400
46 678
46 911
46 125
47 136
47 552
47 168
47 568
47 724
47 111
47 728
47 418
47 477
47 54
47 203
47 970
48 479
48 432
48 156
48 322
48 562
48 401
48 153
48 104
48 427
48 627
48 725
48 345
48 404
48 333
48 508
48 634
48 145
48 800
48 488
48 831
48 239
48 660
48 765
48 292
48 59
48 868
48 671
48 937
48 517
48 770
48 158
48 806
49 818
49 153
49 470
49 233
49 780
49 988
49 928
49 88
49 377
49 379
49 360
49 222
50 948
50 199
50 658
50 415
50 721
50 436
50 591
50 552
50 538
50 830
50 448
50 844
50 997
50 314
50 775
50 380
50 142
50 636
50 970
50 741
50 338
50 760
50 114
50 695
50 110
50 767
50 185
51 95
51 948
51 366
51 137
51 658
51 393
51 789
51 146
51 418
51 536
51 364
51 651
51 202
51 207
51 478
51 895
51 416
51 801
51 571
51 143
51 212
51 538
51 460
51 673
52 69
52 617
52 449
52 861
52 745
52 277
52 743
52 513
52 466
52 529
52 57
52 99
53 934
53 293
53 403
53 929
53 529
53 148
53 819
53 858
53 135
53 606
53 224
53 557
53 787
54 61
54 215
54 675
54 502
54 801
54 397
54 277
54 406
54 441
54 328
54 394
54 947
54 163
54 73
54 964
54 528
54 673
55 934
55 854
55 849
55 149
55 508
55 445
55 560
55 56
55 481
55 889
55 899
55 649
55 152
55 352
55 183
56 228
56 601
56 829
56 86
56 897
56 548
56 671
56 208
56 214
56 176
56 825
56 830
56 200
56 458
56 307
56 942
56 155
56 108
56 907
56 637
56 654
56 504
56 241
56 113
56 97
56 142
56 287
56 854
56 491
56 224
56 571
56 473
57 938
57 480
57 563
57 496
57 401
57 814
57 623
57 236
57 235
57 879
57 222
57 138
57 205
57 656
57 895
57 227
57 177
57 160
57 853
57 732
57 302
57 417
57 446
57 419
57 159
57 537
57 557
57 699
57 807
58 992
58 452
58 591
58 245
58 581
58 337
58 276
58 217
59 512
59 305
59 489
59 200
59 597
59 404
59 149
59 551
59 931
59 708
59 807
59 968
59 799
59 326
59 680
59 957
59 368
59 980
59 300
59 650
59 324
59 719
59 902
59 645
59 522
59 469
59 279
59 596
59 205
59 739
59 717
59 554
59 181
59 765
59 603
59 732
59 257
59 684
59 162
59 387
59 91
59 634
59 685
60 541
60 382
60 204
60 132
60 534
60 687
60 827
60 892
60 770
60 208
60 116
60 510
60 466
60 802
60 614
60 320
61 677
61 429
61 261
61 204
61 394
61 992
61 131
61 103
61 750
61 954
61 137
61 142
61 814
61 511
61 263
61 287
61 227
61 371
61 557
61 431
61 804
61 530
61 535
61 375
61 566
61 762
61 348
61 178
61 279
61 693
61 153
61 106
61 877
61 895
61 268
61 554
61 521
62 182
62 790
62 291
62 677
62 601
62 589
62 753
62 624
62 639
62 868
62 687
62 562
62 882
62 682
62 849
62 937
62 886
62 785
62 904
62 428
62 280
62 908
62 833
62 480
62 489
62 885
62 912
62 121
62 947
62 148
62 919
62 185
63 632
63 137
63 401
63 558
63 979
63 788
63 222
63 220
63 338
63 800
63 695
63 727
63 538
63 389
64 221
64 453
64 247
64 444
64 94
64 844
64 237
64 767
64 317
64 389
64 943
64 840
64 320
64 949
64 575
64 265
64 758
64 284
64 508
64 416
64 655
64 249
64 935
64 798
64 773
64 412
64 149
64 134
64 964
64 146
64 859
64 781
64 118
64 550
64 450
64 343
64 599
65 690
65 525
65 146
65 671
65 783
65 652
65 300
65 804
65 438
65 668
65 551
65 236
65 958
65 122
66 409
66 77
66 463
66 605
66 391
66 559
66 179
66 311
66 129
66 629
66 201
66 397
66 600
66 640
67 819
67 196
67 204
67 225
67 254
67 910
67 293
67 730
67 993
67 224
67 148
68 267
68 938
68 819
68 677
68 464
68 756
68 999
68 472
68 489
68 885
68 525
68 992
68 175
68 847
69 959
69 536
69 900
69 206
69 812
69 220
69 291
69 438
69 539
69 777
69 470
69 201
69 145
69 122
69 985
69 167
69 578
69 88
69 132
69 118
69 958
69 682
69 302
69 590
69 828
69 765
69 480
69 885
69 913
69 322
69 523
69 440
69 529
69 977
70 716
70 202
70 626
70 655
70 985
70 816
70 615
70 77
70 945
70 534
70 924
70 405
71 286
71 816
71 319
71 341
71 216
71 521
71 277
71 970
71 594
71 833
71 386
71 750
72 118
72 305
72 602
72 690
72 350
72 700
72 858
72 748
72 893
72 264
72 564
72 454
72 311
72 314
72 252
72 167
72 658
73 230
73 296
73 927
73 674
73 599
73 170
73 605
73 676
73 84
73 716
73 901
73 857
73 327
73 734
73 355
73 750
73 430
73 283
73 602
73 601
73 216
73 796
73 371
73 589
73 301
73 672
73 441
73 200
73 310
73 232
73 168
73 987
73 179
73 996
73 249
73 449
73 903
73 695
73 673
73 89
74 698
74 486
74 152
74 612
74 159
74 593
74 506
74 128
74 783
74 282
74 790
74 634
74 620
74 119
74 334
74 281
75 617
75 496
75 204
75 910
75 164
75 561
75 92
75 730
75 929
75 501
75 826
75 772
76 571
76 573
76 713
76 272
76 982
76 240
76 145
76 988
76 497
76 570
76 930
76 473
76 963
77 686
77 437
77 443
77 313
77 720
77 269
77 984
77 980
77 609
77 965
77 245
77 742
77 696
77 386
77 524
77 802
77 949
77 714
78 539
78 249
78 199
78 820
78 792
78 921
78 506
78 708
79 382
79 106
79 500
79 180
79 811
79 404
79 431
79 300
80 387
80 263
80 709
80 480
80 249
80 988
80 992
80 322
80 452
80 685
80 691
80 243
80 352
80 126
81 691
81 366
81 889
81 899
81 655
81 667
81 929
81 969
81 546
81 403
81 519
81 651
81 840
81 206
81 298
81 259
81 960
81 593
81 264
81 563
81 462
81 540
81 538
81 375
81 707
81 308
81 549
81 92
81 407
81 746
81 767
81 229
82 776
82 437
82 489
82 927
82 202
82 397
82 949
82 991
82 673
83 913
83 204
83 610
83 892
83 918
83 969
83 783
83 83
83 575
83 700
83 576
83 119
83 936
83 444
83 329
83 272
83 776
83 437
83 608
83 485
83 420
83 571
83 908
83 660
84 95
84 619
84 430
84 191
84 674
84 681
84 742
84 783
84 411
84 237
84 523
84 740
84 349
84 617
84 391
84 645
84 204
84 899
84 549
84 695
84 827
85 794
85 295
85 690
85 700
85 261
85 929
85 670
85 614
86 927
86 922
86 346
86 191
86 711
86 666
86 188
86 416
86 530
86 848
86 284
86 632
86 182
86 617
86 179
86 591
86 730
86 770
86 88
86 662
86 91
86 307
86 983
86 446
87 420
87 819
87 927
87 617
87 734
87 664
87 510
87 985
87 141
87 406
87 124
87 634
87 807
87 870
87 178
87 639
87 698
87 893
87 767
88 290
88 674
88 902
88 546
88 821
88 839
88 276
88 321
88 374
88 891
88 759
88 157
88 757
88 656
88 711
88 339
88 796
88 609
88 112
88 797
88 611
88 400
89 515
89 411
89 901
89 733
89 793
89 975
89 999
90 913
90 520
90 293
90 956
90 583
90 300
90 648
90 333
90 124
91 517
91 913
91 935
91 483
91 813
91 683
91 652
91 961
91 633
91 918
91 655
91 856
91 207
91 261
91 828
91 673
91 807
91 499
92 479
92 166
92 742
92 801
92 289
92 908
92 600
92 469
92 205
92 999
92 754
92 552
92 848
93 998
93 429
93 658
93 322
93 732
93 884
93 716
93 700
93 122
93 554
93 404
93 149
93 485
94 479
94 97
94 165
94 456
94 107
94 903
94 827
95 512
95 527
95 533
95 794
95 421
95 744
95 934
95 532
95 372
95 136
95 267
95 269
95 288
95 803
95 430
95 228
95 915
95 523
95 347
95 918
95 195
95 197
95 162
95 255
95 839
95 835
95 339
95 796
95 264
95 484
95 343
95 750
95 572
95 718
95 253
95 904
95 847
95 891
95 689
95 998
95 285
95 681
95 624
95 351
95 486
95 763
95 929
95 551
95 787
96 97
96 391
96 913
96 155
96 856
96 149
96 713
96 470
96 689
96 231
96 918
96 908
96 612
96 836
96 817
96 100
96 378
96 207
97 933
97 296
97 387
97 225
97 886
97 500
97 489
97 618
97 981
97 696
97 993
97 445
97 990
98 279
98 169
98 837
98 528
98 802
98 772
98 309
98 629
98 118
98 977
98 844
98 350
98 274
98 728
98 475
99 632
99 162
99 463
99 391
99 401
99 730
99 641
99 695
99 784
99 576
99 975
99 767
99 977
99 840
99 136
99 243
99 811
99 229
99 376
99 336
99 423
99 855
99 327
99 598
99 797
99 618
99 380
99 535
99 888
100 294
100 388
100 845
100 571
100 859
100 657
100 905
100 598
100 636
100 100
100 902
100 168
100 497
100 196
100 439
100 893
100 831
100 597
100 661
100 648
100 176
100 123
100 763
100 999
101 182
101 711
101 350
101 447
101 200
101 548
101 467
101 494
101 643
101 995
101 258
101 610
101 519
101 379
101 484
101 212
101 714
102 602
102 188
102 275
102 401
102 722
102 958
102 994
102 340
102 537
102 700
102 547
102 119
102 380
102 412
102 256
102 620
102 529
102 576
102 444
102 931
102 185
102 977
103 291
103 162
103 438
103 344
103 857
103 768
103 569
103 502
103 435
103 940
103 383
103 137
103 147
103 225
103 367
103 403
103 416
103 404
103 772
103 381
104 438
104 496
104 700
104 867
104 215
104 993
104 626
104 638
104 795
104 423
104 987
104 437
104 673
104 155
104 202
104 988
104 352
104 465
104 209
104 826
104 657
104 289
104 266
104 660
104 521
104 905
104 793
104 320
104 583
104 990
105 915
105 383
105 722
105 347
105 739
105 857
105 636
105 480
105 831
105 969
105 858
105 379
105 516
105 397
105 772
105 799
106 618
106 842
106 877
106 413
106 116
106 774
106 847
106 362
106 327
106 366
106 131
106 147
106 202
106 204
106 742
106 760
106 729
106 889
106 456
106 649
106 341
106 400
106 368
106 990
106 493
106 112
107 437
107 304
107 215
107 993
107 577
107 826
107 886
107 216
107 352
107 266
107 386
107 143
107 118
107 740
107 440
107 981
107 920
107 227
107 904
107 481
107 396
107 166
107 552
107 504
107 278
107 761
107 457
107 656
107 964
107 222
108 429
108 698
108 174
108 739
108 410
108 353
108 400
108 991
109 313
109 456
109 289
109 761
109 452
109 189
109 349
109 602
109 623
109 149
109 490
110 382
110 137
110 436
110 253
110 764
110 663
110 828
110 136
110 384
110 827
111 182
111 846
111 211
111 602
111 350
111 159
111 979
111 775
111 202
111 401
111 853
111 903
111 141
111 590
112 411
112 463
112 816
112 520
112 734
112 832
112 322
112 629
112 548
112 152
112 169
112 419
112 485
112 971
112 512
112 503
112 143
112 877
112 553
112 373
113 989
113 681
113 676
113 947
113 466
113 320
113 888
113 673
113 303
113 566
114 202
114 401
114 175
114 650
114 510
114 181
114 537
114 703
114 724
114 933
114 393
114 228
114 313
114 222
114 476
114 554
114 361
114 281
114 487
114 266
114 450
114 792
114 475
115 267
115 285
115 182
115 329
115 391
115 135
115 809
115 580
115 979
115 555
115 381
115 398
115 486
115 409
115 813
115 787
115 190
115 680
116 589
116 774
116 467
116 729
116 697
116 889
116 116
116 848
116 514
116 522
116 688
116 484
116 951
116 126
116 730
116 592
116 749
116 677
116 150
116 306
116 820
116 850
116 993
116 880
117 344
117 391
117 913
117 548
117 562
117 215
117 481
117 359
117 210
118 527
118 421
118 794
118 127
118 230
118 294
118 482
118 479
118 987
118 771
118 141
118 168
118 575
118 249
118 908
118 279
118 962
118 789
118 989
118 328
118 140
118 220
118 204
118 456
118 853
118 154
118 466
118 404
118 644
119 290
119 465
119 769
119 149
119 911
119 722
119 937
119 243
119 445
119 322
120 624
120 517
120 856
120 472
120 795
120 903
120 651
120 671
120 215
120 306
120 501
120 424
120 404
120 830
120 287
121 480
121 671
121 562
121 483
121 833
121 133
121 355
121 121
121 440
121 704
121 763
121 825
121 176
121 467
121 293
121 128
121 933
121 719
121 245
121 908
121 715
121 593
121 804
121 277
121 222
121 795
121 233
121 487
121 491
121 165
121 927
121 605
121 628
121 228
121 654
121 569
121 739
121 663
122 948
122 676
122 415
122 223
122 964
122 528
122 733
122 570
122 772
122 179
122 420
122 442
123 382
123 891
123 415
123 416
123 218
123 384
123 791
123 896
124 515
124 776
124 794
124 632
124 778
124 265
124 545
124 612
124 961
124 608
124 860
124 378
124 346
124 739
124 713
124 974
124 756
124 278
124 142
124 696
124 722
124 836
124 930
124 615
125 632
125 898
125 275
125 483
125 911
125 368
125 361
125 649
125 871
125 519
125 974
125 708
126 515
126 794
126 411
126 790
126 332
126 249
126 145
126 442
126 467
126 667
126 406
126 490
126 911
126 236
126 368
126 787
126 567
126 625
126 675
126 939
126 740
126 709
126 531
126 600
126 603
126 902
126 161
127 267
127 778
127 372
127 378
127 176
127 638
127 466
127 863
127 805
127 927
127 212
127 934
127 948
127 658
127 516
127 660
127 185
128 512
128 267
128 286
128 715
128 532
128 421
128 430
128 257
128 752
128 592
128 964
128 196
128 514
128 304
128 180
128 303
128 151
128 524
128 452
128 207
128 561
128 685
128 998
128 690
128 329
128 897
128 404
128 911
129 372
129 436
129 824
129 466
129 404
129 409
129 396
129 846
129 583
129 588
129 307
129 827
129 566
130 286
130 898
130 441
130 933
130 529
130 607
130 174
130 843
130 716
130 432
130 742
130 442
130 486
130 663
131 778
131 388
131 720
131 622
131 349
131 383
131 298
131 700
131 789
131 684
131 431
131 994
131 922
131 443
131 704
131 559
131 974
131 137
131 734
131 935
131 442
131 729
131 256
131 508
131 148
131 324
131 879
131 921
131 958
132 736
132 204
132 650
132 770
132 801
132 866
132 994
132 348
132 352
132 865
132 475
133 137
133 176
133 729
133 189
133 230
133 287
133 535
133 401
133 929
133 620
133 817
133 608
134 432
134 563
134 567
134 954
134 854
134 635
134 770
134 956
134 534
134 521
134 179
134 628
134 961
134 184
134 774
134 241
134 185
135 179
135 864
135 454
135 503
135 379
135 477
135 847
135 853
135 947
135 657
135 145
135 442
135 406
135 364
135 605
135 664
135 548
135 185
135 223
135 786
135 992
135 381
135 580
135 224
135 148
135 149
135 940
136 228
136 948
136 286
136 878
136 355
136 967
136 530
136 785
136 656
136 552
136 998
136 770
136 588
136 865
136 680
137 885
137 509
137 191
137 470
137 145
137 877
137 383
137 146
137 137
137 375
137 914
137 474
137 663
137 151
137 632
137 219
137 805
137 940
137 190
137 870
137 994
137 631
137 147
137 225
137 742
137 393
137 808
137 853
137 369
138 458
138 786
138 507
138 729
138 516
138 352
138 940
138 579
139 794
139 286
139 819
139 709
139 211
139 829
139 786
139 906
139 780
139 427
139 502
139 701
139 828
139 747
139 235
139 799
140 532
140 819
140 387
140 305
140 318
140 214
140 967
140 169
140 833
140 772
140 201
140 411
140 285
140 602
140 391
140 925
140 477
140 837
140 817
141 998
141 388
141 296
141 333
141 903
141 445
141 643
141 818
141 257
141 677
141 878
141 192
141 532
141 361
141 813
141 194
141 673
142 515
142 480
142 617
142 261
142 366
142 279
142 832
142 755
142 556
142 250
142 145
142 954
142 204
142 655
142 434
142 817
143 332
143 700
143 856
143 415
143 159
143 863
143 173
143 718
143 355
143 702
143 780
143 866
143 643
143 737
143 930
143 641
143 648
143 277
143 712
144 774
144 146
144 722
144 730
144 770
144 791
144 576
144 193
144 767
144 227
144 350
144 529
144 185
144 827
144 977
144 991
145 411
145 733
145 261
145 520
145 999
145 572
145 216
145 683
145 751
145 288
145 983
145 235
145 346
145 749
145 314
145 199
145 538
145 470
145 734
145 758
145 895
145 385
145 570
145 806
146 743
146 465
146 383
146 904
146 768
146 669
146 236
146 244
146 618
146 903
146 948
146 172
146 988
146 147
146 204
146 470
146 992
146 415
146 442
146 647
146 347
146 664
146 218
146 531
147 166
147 960
147 980
147 768
147 520
147 645
147 786
147 978
147 681
147 704
147 326
147 652
147 711
147 201
147 197
147 340
147 701
147 728
147 413
147 235
147 280
147 684
147 959
147 234
147 972
147 951
147 242
147 470
147 322
147 323
147 802
147 995
147 190
148 699
148 697
148 641
148 400
148 924
148 656
148 780
148 748
148 491
148 639
148 402
148 617
148 406
148 695
148 991
149 637
149 291
149 486
149 728
149 502
149 837
149 439
149 219
149 844
149 796
149 811
149 738
149 725
149 820
149 188
149 731
149 435
149 737
149 792
149 226
149 865
149 793
150 458
150 358
150 393
150 739
150 872
150 849
150 877
150 868
150 852
150 690
150 617
150 549
150 695
150 964
151 532
151 927
151 674
151 550
151 437
151 581
151 874
151 397
151 272
151 226
151 643
151 896
151 161
152 269
152 944
152 429
152 293
152 331
152 497
152 843
152 534
152 463
152 359
152 300
152 465
152 437
152 562
152 956
152 890
152 491
152 358
152 849
152 357
152 620
152 557
153 242
153 382
153 489
153 774
153 585
153 824
153 638
153 953
153 910
153 244
153 345
153 376
153 302
153 401
153 402
153 448
153 641
153 536
153 508
153 954
153 505
153 465
153 703
153 751
153 462
153 669
153 871
153 478
153 433
153 599
153 219
153 540
153 846
153 726
153 398
153 762
153 692
153 388
153 284
153 554
153 169
154 230
154 604
154 433
154 801
154 987
154 789
154 462
154 748
154 282
154 621
154 916
154 519
154 492
154 683
154 832
154 614
154 334
154 931
154 461
154 673
155 913
155 779
155 737
155 851
155 333
155 189
155 567
155 391
155 316
155 525
155 447
155 923
155 953
155 943
155 670
155 307
155 598
155 701
155 304
155 611
155 650
155 365
155 532
155 269
155 579
155 875
155 248
155 169
155 428
155 934
155 473
155 904
155 946
155 363
155 429
155 700
155 465
155 470
155 647
155 410
155 289
156 252
156 543
156 624
156 295
156 172
156 509
156 649
156 721
156 186
156 933
156 165
156 360
156 291
156 463
156 716
156 173
156 516
156 406
156 893
156 974
157 927
157 597
157 783
157 809
157 849
157 277
157 404
157 772
157 673
158 979
158 357
158 308
158 773
158 802
158 543
158 380
158 410
159 619
159 344
159 986
159 232
159 366
159 895
159 704
159 966
159 527
159 447
159 363
159 887
159 325
159 838
159 893
160 900
160 885
160 548
160 846
160 379
160 891
160 168
160 466
160 911
160 241
160 860
161 220
161 553
161 191
161 739
161 946
161 662
161 673
161 843
161 195
161 215
161 661
161 791
161 626
161 303
162 944
162 290
162 543
162 220
162 252
162 162
162 923
162 204
162 646
162 375
162 483
162 533
162 826
162 861
162 219
162 463
162 618
162 762
162 349
162 737
162 401
162 993
162 475
162 893
162 499
163 677
163 196
163 525
163 299
163 427
163 289
163 756
163 340
163 404
163 592
163 949
163 583
163 893
164 762
164 671
164 481
164 561
164 215
164 599
164 274
164 468
164 434
164 827
164 598
164 871
164 428
164 687
164 933
164 801
164 542
164 620
164 955
165 898
165 263
165 790
165 543
165 998
165 829
165 318
165 936
165 442
165 559
165 609
165 417
165 727
165 930
165 226
166 285
166 709
166 166
166 318
166 411
166 443
166 314
166 387
166 475
166 246
166 861
166 520
166 492
166 451
166 245
166 414
166 824
166 707
166 530
166 585
166 195
166 518
166 432
166 313
166 535
166 525
166 993
166 612
166 909
166 792
166 995
166 896
167 242
167 410
167 667
167 185
167 952
167 411
167 915
167 389
168 686
168 182
168 846
168 451
168 674
168 658
168 452
168 416
168 908
168 930
168 863
168 811
168 780
168 526
168 984
168 242
168 730
168 876
168 827
168 866
169 639
169 954
169 442
169 738
169 660
169 408
169 535
169 489
169 930
169 204
169 469
169 562
169 682
170 674
170 544
170 617
170 783
170 189
170 193
170 329
170 726
170 730
171 228
171 336
171 690
171 700
171 781
171 696
171 649
171 321
171 813
171 807
171 207
171 595
172 900
172 291
172 677
172 551
172 699
172 202
172 451
172 463
172 980
172 349
172 700
172 730
172 181
172 648
172 792
173 432
173 291
173 451
173 366
173 470
173 525
173 436
173 995
173 911
173 464
174 885
174 674
174 179
174 647
174 635
174 916
174 193
174 235
174 244
174 458
174 322
174 562
174 215
174 561
174 826
174 516
174 236
174 991
174 869
175 637
175 291
175 690
175 954
175 238
175 401
175 359
175 783
175 880
175 916
175 956
175 571
175 484
175 298
175 757
175 185
176 776
176 535
176 514
176 204
176 984
176 897
176 548
176 783
176 853
176 218
176 861
176 357
176 836
176 896
176 680
176 708
177 862
177 470
177 845
177 620
177 888
177 656
178 388
178 610
178 416
178 277
178 600
178 404
178 341
178 602
178 681
178 431
178 782
178 535
178 470
178 317
178 245
178 841
178 565
179 559
179 447
179 392
179 661
179 525
179 867
179 913
179 976
179 391
179 333
179 255
179 785
179 465
179 779
179 856
179 468
179 236
179 743
179 363
179 635
179 846
179 411
179 413
179 687
179 810
179 999
179 496
179 624
179 227
179 540
179 439
179 480
179 237
179 379
179 296
179 802
179 239
179 356
179 728
179 813
179 793
179 567
179 700
179 478
179 415
179 322
179 548
179 224
179 772
179 852
179 708
180 269
180 812
180 809
180 459
180 424
180 721
180 315
180 700
180 977
180 565
180 923
180 333
180 979
180 224
180 379
180 747
180 931
181 754
181 318
181 382
181 992
181 650
181 403
181 667
181 416
181 940
181 729
181 774
181 842
181 353
181 564
181 521
181 407
181 948
181 351
181 316
181 640
181 909
181 802
181 975
181 643
182 263
182 285
182 432
182 755
182 989
182 382
182 574
182 653
182 862
182 594
182 314
182 764
182 719
182 199
182 624
182 870
182 431
182 940
182 987
182 584
182 801
182 291
182 986
182 856
182 650
182 410
182 990
182 485
183 972
183 856
183 202
183 760
183 450
183 792
183 439
183 657
183 583
183 673
183 508
183 809
183 209
183 615
183 263
183 446
184 617
184 517
184 700
184 465
184 976
184 725
184 319
184 547
184 625
184 689
184 202
184 474
184 528
184 714
185 589
185 743
185 825
185 608
185 973
185 920
185 343
185 869
185 827
185 460
185 495
185 914
185 841
185 185
185 621
185 473
185 909
185 616
185 772
185 943
185 795
185 262
185 856
185 520
185 958
185 876
185 212
185 826
185 229
185 576
185 730
186 437
186 382
186 818
186 401
186 540
186 549
186 964
186 701
186 970
187 512
187 349
187 700
187 647
187 548
187 562
187 984
187 783
187 215
187 414
187 946
187 325
187 271
187 582
187 977
188 709
188 602
188 774
188 389
188 425
188 408
188 853
188 191
188 699
188 577
188 648
188 521
188 811
188 837
188 727
188 235
189 898
189 674
189 913
189 429
189 700
189 730
189 243
189 280
189 474
189 322
189 215
189 456
189 279
189 203
189 307
189 468
189 598
190 803
190 391
190 695
190 964
190 473
190 827
190 654
190 232
190 605
190 779
190 731
190 632
190 714
191 625
191 857
191 304
191 563
191 733
191 311
191 239
191 651
191 556
191 855
191 800
191 253
191 443
191 958
191 785
191 322
191 491
191 979
191 782
191 919
191 714
192 661
192 742
192 322
192 897
192 259
192 886
192 648
192 942
192 570
192 226
192 911
192 660
192 781
192 312
192 855
192 302
192 881
192 478
192 779
192 941
193 479
193 960
193 496
193 606
193 502
193 404
193 576
193 813
193 259
193 920
193 531
193 618
193 510
193 542
193 427
193 614
193 941
193 579
193 232
193 462
193 925
193 733
193 995
193 258
193 787
193 841
193 869
193 822
194 263
194 443
194 594
194 790
194 567
194 734
194 984
194 689
194 839
194 310
194 657
194 236
195 948
195 637
195 901
195 927
195 550
195 690
195 932
195 765
195 224
195 497
195 802
195 807
195 566
196 711
196 544
196 734
196 566
196 348
196 926
196 415
196 995
197 451
197 589
197 215
197 274
197 879
197 896
198 846
198 463
198 877
198 274
198 958
198 928
198 654
198 896
198 673
198 968
199 313
199 544
199 517
199 391
199 559
199 746
199 696
199 297
199 254
199 656
199 720
199 558
199 376
199 382
199 481
199 728
199 224
199 352
199 888
200 267
200 754
200 520
200 877
200 366
200 734
200 221
200 339
200 913
200 363
200 935
200 306
200 749
200 924
200 455
200 274
200 880
200 202
200 742
200 689
200 649
200 784
200 970
200 271
200 576
200 435
200 475
200 326
201 322
201 235
201 521
201 631
201 760
201 413
201 422
201 342
202 512
202 313
202 563
202 261
202 775
202 520
202 904
202 765
202 734
202 645
202 842
202 366
202 981
202 985
202 573
202 640
202 458
202 268
202 579
202 364
202 977
202 384
202 365
202 658
202 274
202 309
202 941
202 698
202 889
202 434
202 831
202 692
202 348
202 246
202 730
202 398
202 470
203 506
203 819
203 256
203 277
203 837
203 316
203 666
203 727
203 551
203 921
204 913
204 567
204 965
204 750
204 507
204 768
204 726
204 765
204 514
204 472
204 366
204 992
204 204
204 879
204 852
204 778
204 595
204 632
204 234
204 730
204 863
204 796
204 280
204 831
204 581
204 880
204 299
204 445
204 628
204 426
204 470
204 442
204 416
204 466
204 524
204 995
204 235
204 991
205 432
205 489
205 762
205 470
205 359
205 466
205 727
205 325
206 411
206 539
206 426
206 627
206 818
206 580
206 894
206 907
206 343
206 480
206 762
206 474
206 969
206 946
206 806
206 990
207 653
207 550
207 553
207 452
207 455
207 456
207 745
207 886
207 955
207 566
207 446
207 708
207 596
207 439
207 989
207 763
207 381
207 908
207 810
207 721
208 619
208 296
208 818
208 355
208 317
208 903
208 289
208 360
208 534
208 698
208 810
208 914
208 733
208 993
208 335
208 836
208 975
208 931
209 938
209 285
209 768
209 548
209 562
209 882
209 363
209 886
209 308
209 771
209 747
209 767
209 608
210 295
210 520
210 597
210 616
210 529
210 955
210 970
210 683
210 393
210 916
210 771
210 891
210 353
210 662
211 432
211 313
211 411
211 242
211 923
211 630
211 965
211 726
211 981
211 601
211 913
211 561
211 916
212 674
212 675
212 277
212 687
212 685
212 795
212 806
212 715
213 938
213 432
213 856
213 366
213 892
213 418
213 801
213 909
213 908
213 876
213 974
214 288
214 261
214 221
214 322
214 671
214 548
214 697
214 873
214 977
214 315
214 858
214 224
214 497
214 848
214 473
215 327
215 617
215 647
215 486
215 704
215 671
215 825
215 952
215 752
215 231
215 584
215 856
215 812
215 975
215 849
215 500
215 387
215 470
215 661
215 314
215 625
215 626
215 764
215 942
215 970
215 899
215 873
215 400
215 859
215 673
216 512
216 677
216 927
216 760
216 929
216 414
216 379
216 814
216 788
216 372
216 675
216 552
216 421
216 595
216 809
216 699
216 622
216 620
216 648
216 277
216 281
217 693
217 571
217 611
217 586
217 217
217 422
217 620
217 568
217 802
217 516
217 859
217 738
217 271
217 722
217 306
217 473
217 258
217 630
217 876
217 759
218 589
218 734
218 322
218 655
218 809
218 835
218 338
218 596
218 770
218 757
218 987
218 523
218 226
218 224
218 826
218 876
218 828
219 230
219 733
219 261
219 442
219 418
219 335
219 612
219 277
219 970
219 787
219 673
220 395
220 291
220 295
220 426
220 812
220 678
220 696
220 626
220 901
220 380
220 624
220 391
220 783
221 372
221 716
221 567
221 976
221 366
221 221
221 710
221 674
221 452
221 845
221 644
221 444
221 855
221 510
221 617
221 591
221 277
221 495
221 734
221 548
221 505
221 293
221 820
221 979
221 571
221 836
221 813
221 939
221 405
221 566
221 968
222 437
222 835
222 379
222 598
222 896
222 320
222 759
222 933
222 326
223 512
223 263
223 775
223 781
223 455
223 439
223 726
223 985
223 995
223 250
223 608
223 968
224 922
224 690
224 523
224 502
224 577
224 997
224 224
224 268
224 418
224 847
224 864
224 554
224 979
224 868
224 373
224 332
224 816
224 408
224 405
224 573
224 753
224 290
224 451
224 599
224 499
224 337
224 742
224 791
224 697
224 944
224 421
224 993
224 899
224 849
224 806
225 308
225 413
225 875
225 797
225 239
225 561
225 510
225 549
225 940
225 370
225 371
225 538
226 948
226 313
226 929
226 277
226 773
226 423
226 419
226 578
226 551
226 363
226 981
226 453
226 594
226 755
226 924
226 707
226 307
226 727
226 351
226 969
226 944
226 598
227 285
227 391
227 526
227 641
227 528
227 865
227 714
228 515
228 267
228 834
228 438
228 517
228 291
228 959
228 261
228 383
228 672
228 824
228 713
228 843
228 970
229 437
229 617
229 253
229 469
229 970
229 752
229 549
229 632
230 267
230 794
230 479
230 882
230 494
230 912
230 454
230 621
230 986
230 786
230 322
230 561
230 655
230 849
230 880
231 625
231 897
231 467
231 486
231 547
231 305
231 797
231 515
231 789
231 386
231 400
231 557
231 324
231 967
231 911
232 898
232 451
232 690
232 932
232 567
232 988
232 952
232 619
232 454
232 481
232 505
232 484
232 663
232 977
232 822
233 430
233 622
233 637
233 677
233 332
233 734
233 268
233 809
233 554
233 279
233 462
233 277
233 538
233 799
234 927
234 504
234 404
234 325
234 405
235 559
235 470
235 505
235 650
235 379
235 848
235 564
235 362
235 235
235 250
235 712
235 468
235 539
235 671
235 284
235 623
235 273
235 776
235 376
235 285
235 994
235 365
235 453
235 948
235 291
235 383
235 658
235 860
235 281
235 890
235 602
235 708
235 442
235 936
236 686
236 677
236 832
236 483
236 649
236 657
236 817
236 716
236 492
236 331
236 845
236 705
236 627
236 683
236 465
236 357
236 390
236 368
236 893
236 767
236 799
237 563
237 734
237 436
237 401
237 416
237 400
237 695
237 368
237 241
237 475
237 708
238 754
238 665
238 700
238 505
238 461
238 468
238 434
238 967
238 406
238 727
238 600
239 778
239 520
239 742
239 481
239 638
239 404
239 772
239 834
239 368
239 714
240 753
240 690
240 517
240 367
240 638
240 266
240 631
240 911
240 955
240 473
240 873
240 958
241 532
241 726
241 264
241 442
241 473
241 493
241 733
241 484
242 898
242 263
242 720
242 622
242 867
242 687
242 583
242 381
242 994
242 474
242 832
242 730
242 572
242 378
242 893
243 632
243 885
243 672
243 918
243 591
243 637
243 660
243 788
243 859
243 955
243 888
243 822
244 285
244 728
244 739
244 664
244 379
244 646
244 759
244 680
245 515
245 249
245 465
245 561
245 657
245 539
245 920
245 488
245 562
245 469
245 405
245 846
245 603
245 940
246 532
246 619
246 900
246 418
246 571
246 406
246 370
246 764
247 904
247 883
247 780
247 634
247 630
247 425
247 576
247 747
247 378
247 991
247 888
247 565
248 933
248 774
248 716
248 496
248 520
248 366
248 734
248 449
248 885
248 895
248 763
249 594
249 774
249 674
249 676
249 569
249 711
249 617
249 690
249 544
249 716
249 829
249 666
249 891
249 563
249 733
249 980
249 588
249 432
249 353
249 920
249 317
249 604
249 865
249 869
249 848
249 893
249 783
249 449
249 655
249 264
249 376
249 652
249 851
249 316
249 678
249 331
249 262
249 474
249 849
249 983
249 614
250 733
250 695
250 879
250 368
250 920
250 949
250 461
251 900
251 278
251 539
251 543
251 290
251 677
251 480
251 885
251 904
251 478
251 696
251 993
251 969
251 289
251 713
251 287
251 943
251 317
251 958
252 900
252 536
252 795
252 681
252 589
252 489
253 986
253 743
253 617
253 667
253 416
253 491
253 276
253 780
253 753
253 481
253 386
253 631
253 719
253 708
253 382
253 457
253 412
253 582
253 883
253 522
253 277
254 344
254 567
254 470
254 551
254 302
254 788
254 347
254 849
254 648
254 320
254 888
255 619
255 517
255 700
255 806
255 440
255 585
255 303
255 520
255 672
255 557
255 865
255 893
255 896
256 913
256 689
256 886
256 908
256 796
256 344
256 505
256 873
256 485
256 576
256 389
257 715
257 754
257 776
257 267
257 560
257 737
257 477
257 271
257 663
257 493
257 532
257 934
257 500
257 722
257 929
257 402
258 862
258 382
258 550
258 988
258 302
258 946
258 903
258 404
258 264
258 601
258 731
258 657
258 583
259 345
259 459
259 868
259 864
259 809
259 680
259 792
259 370
259 989
259 811
259 592
259 945
259 542
259 679
259 942
259 579
260 632
260 602
260 777
260 652
260 926
260 423
260 844
260 687
260 641
260 292
260 801
260 280
260 421
260 391
260 700
260 765
260 935
260 722
260 853
260 630
260 764
260 614
260 708
261 666
261 514
261 965
261 384
261 617
261 457
261 288
261 281
261 694
261 633
261 366
261 954
261 992
261 647
261 548
262 794
262 938
262 313
262 304
262 569
262 517
262 988
262 481
262 809
262 979
262 277
262 817
262 865
262 787
262 714
262 807
263 482
263 819
263 263
263 318
263 755
263 720
263 730
263 272
263 788
263 469
263 404
263 276
263 760
263 520
263 564
263 409
263 285
263 602
263 337
263 470
263 427
263 872
263 352
263 838
264 432
264 795
264 904
264 435
264 285
264 589
264 427
264 415
264 452
264 367
264 546
264 660
264 534
264 708
265 512
265 776
265 938
265 366
265 322
265 499
265 539
265 369
265 794
265 915
265 489
265 856
265 985
265 557
265 695
265 727
265 958
266 286
266 709
266 927
266 722
266 899
266 660
266 405
266 460
266 977
266 673
267 395
267 715
267 288
267 532
267 286
267 744
267 421
267 778
267 294
267 794
267 754
267 512
267 721
267 771
267 563
267 780
267 571
267 842
267 682
267 717
267 287
267 596
267 801
267 829
267 726
267 964
267 897
267 562
267 988
267 480
267 971
267 881
267 996
267 592
267 539
267 544
267 322
267 908
267 942
267 970
267 529
267 405
268 882
268 906
268 319
268 519
268 502
268 868
268 554
268 430
268 752
268 532
268 472
268 850
268 401
268 362
268 891
268 587
268 814
268 804
268 764
268 979
268 353
268 490
268 841
269 512
269 506
269 776
269 948
269 484
269 645
269 598
269 527
269 532
269 288
269 690
269 704
269 667
269 858
269 853
269 738
269 335
269 516
269 792
269 970
269 307
269 828
269 759
270 291
270 700
270 845
270 501
270 395
270 949
270 687
270 290
270 998
270 908
271 432
271 332
271 768
271 325
271 476
271 771
271 636
271 571
271 815
271 485
271 406
271 285
271 551
271 813
272 299
272 758
272 809
272 863
272 603
272 567
272 419
272 465
272 942
272 695
272 964
272 772
272 983
272 614
272 949
272 896
272 860
273 842
273 906
273 315
273 650
273 631
273 345
273 775
273 934
273 759
273 501
273 837
273 836
273 710
274 992
274 653
274 781
274 994
274 709
274 761
274 376
274 969
274 641
274 896
275 533
275 296
275 686
275 602
275 392
275 906
275 643
275 687
275 596
275 944
275 913
275 559
275 984
275 910
275 695
275 865
275 799
276 527
276 933
276 709
276 856
276 906
276 548
276 854
276 891
276 497
276 996
276 667
276 526
276 815
276 312
276 475
276 680
277 559
277 366
277 338
277 358
277 401
277 966
277 400
277 727
277 340
277 312
277 880
277 861
277 480
277 767
277 454
277 623
277 652
277 441
277 834
277 566
277 286
277 997
277 669
277 691
277 406
277 695
277 964
278 432
278 753
278 885
278 601
278 440
278 954
278 942
278 767
278 826
278 500
278 291
278 624
278 322
278 486
278 400
278 931
279 743
279 856
279 452
279 910
279 725
279 526
279 422
279 375
279 693
279 508
279 916
279 766
279 906
279 608
279 798
279 511
279 681
279 317
279 737
279 516
279 787
279 316
279 760
279 666
279 801
279 695
279 940
280 512
280 383
280 481
280 377
280 809
280 514
280 787
280 801
280 571
280 312
280 570
280 806
281 515
281 637
281 599
281 775
281 952
281 440
281 483
281 638
281 586
281 893
281 750
281 845
282 691
282 604
282 886
282 648
282 518
282 668
282 496
282 807
282 708
283 451
283 992
283 695
283 940
283 575
283 331
283 466
283 974
284 545
284 314
284 659
284 910
284 669
284 349
284 801
284 586
284 325
284 360
284 746
284 767
285 541
285 388
285 313
285 709
285 637
285 305
285 409
285 437
285 356
285 382
285 420
285 613
285 862
285 292
285 733
285 304
285 893
285 306
285 624
285 525
285 718
285 837
285 935
285 649
285 497
285 359
285 922
285 632
285 431
285 608
285 686
285 602
285 677
285 775
285 725
285 782
285 576
285 955
285 990
286 754
286 744
286 948
286 591
286 379
286 414
286 518
286 479
286 432
286 443
286 694
286 465
286 742
286 658
286 571
286 466
286 964
286 621
286 963
286 974
287 429
287 734
287 993
287 942
287 911
287 657
287 977
287 949
287 858
287 600
287 924
287 474
287 620
287 500
287 706
287 792
287 752
287 499
287 475
287 841
287 807
288 512
288 778
288 395
288 843
288 772
288 837
288 317
288 880
288 621
288 376
288 341
288 938
288 299
288 467
288 958
289 515
289 395
289 447
289 379
289 433
289 705
289 789
289 660
289 844
289 991
289 558
289 427
289 524
289 819
289 882
289 793
289 693
290 751
290 777
290 795
290 543
290 489
290 357
290 308
290 488
290 823
290 616
290 309
290 646
290 291
290 589
290 569
290 350
290 965
290 452
290 422
290 788
290 579
290 822
291 777
291 295
291 509
291 618
291 539
291 332
291 960
291 344
291 639
291 589
291 525
291 867
291 530
291 560
291 600
291 356
291 993
291 642
291 961
291 375
291 526
291 954
291 553
291 668
291 887
291 694
291 463
291 806
292 545
292 744
292 301
292 324
292 413
292 843
292 985
292 479
292 465
292 931
292 991
293 934
293 742
293 698
293 671
293 889
293 401
293 820
293 725
293 850
293 627
293 552
293 636
293 997
293 578
293 786
293 348
293 805
293 919
293 770
293 498
293 860
293 534
293 501
293 845
293 722
293 899
293 800
293 404
293 838
293 475
294 794
294 545
294 848
294 994
294 646
294 342
294 619
294 998
294 742
294 897
294 491
294 580
294 826
294 807
295 900
295 809
295 701
295 589
295 489
295 624
295 351
295 699
295 724
295 864
295 886
295 572
296 388
296 411
296 709
296 933
296 541
296 670
296 573
296 730
296 679
296 557
296 428
296 432
296 382
296 349
296 359
296 788
296 792
296 974
297 432
297 574
297 674
297 711
297 623
297 849
297 792
297 764
297 930
297 865
297 990
298 515
298 544
298 858
298 487
298 528
298 404
298 847
298 762
298 970
298 991
299 927
299 383
299 906
299 330
299 917
299 563
299 903
299 946
299 831
299 963
299 371
299 436
299 322
299 367
299 502
299 649
299 695
299 802
299 615
299 793
300 762
300 535
300 685
300 967
300 633
300 402
300 463
300 466
300 939
301 933
301 451
301 480
301 624
301 559
301 647
301 993
301 899
301 306
301 858
301 384
301 693
301 662
301 965
301 806
301 551
301 746
301 582
302 543
302 451
302 857
302 386
302 560
302 820
302 315
302 993
302 908
302 307
303 314
303 391
303 799
303 990
303 536
303 364
303 403
303 909
303 490
303 656
303 454
303 814
303 708
304 550
304 723
304 936
304 371
304 716
304 429
304 742
304 961
304 760
304 401
304 427
304 853
304 893
305 430
305 933
305 553
305 774
305 610
305 313
305 743
305 489
305 418
305 947
305 695
305 555
305 446
306 550
306 358
306 315
306 416
306 807
306 980
306 987
306 940
306 598
306 643
306 320
307 512
307 506
307 539
307 520
307 954
307 620
307 504
307 930
307 621
307 972
307 793
307 577
307 631
307 355
307 891
308 411
308 856
308 772
308 529
308 754
308 528
308 892
308 435
308 957
309 436
309 597
309 414
309 609
309 932
309 483
309 853
309 634
309 908
309 399
309 357
309 792
309 485
310 515
310 959
310 474
310 442
310 850
310 414
310 406
310 942
311 904
311 415
311 481
311 792
311 343
312 415
312 650
312 648
312 679
312 503
312 341
312 698
312 413
312 826
312 456
312 994
312 727
312 493
312 708
313 441
313 622
313 933
313 409
313 313
313 846
313 594
313 388
313 432
313 666
313 978
313 881
313 920
313 682
313 512
313 560
313 783
313 973
313 367
313 782
313 859
313 478
313 491
313 440
313 545
313 321
313 888
313 727
313 602
313 699
313 452
313 897
313 806
313 371
313 747
314 898
314 622
314 415
314 830
314 482
314 589
314 337
314 893
314 429
314 559
314 952
314 427
314 809
314 620
314 983
314 475
315 794
315 617
315 442
315 401
315 561
315 910
315 395
315 874
315 982
315 646
315 636
315 412
315 793
315 781
315 632
315 537
315 620
315 806
316 913
316 700
316 938
316 617
316 940
316 856
316 322
316 783
316 772
316 747
316 977
317 463
317 710
317 616
317 318
317 563
317 579
317 893
317 608
318 898
318 411
318 432
318 525
318 602
318 618
318 774
318 517
318 810
318 528
319 742
319 895
319 418
319 413
319 907
319 697
319 969
319 987
319 926
319 704
319 531
319 412
319 897
319 849
319 802
320 778
320 885
320 559
320 867
320 722
320 345
320 424
320 400
320 389
320 958
320 840
320 684
320 613
320 920
320 736
320 377
320 846
320 811
320 616
320 446
320 504
320 992
320 463
320 989
321 925
321 725
321 942
321 324
321 837
321 792
321 587
321 849
321 793
321 684
322 332
322 676
322 552
322 895
322 330
322 436
322 721
322 781
322 699
322 415
322 338
322 629
322 323
322 966
322 564
322 718
322 770
322 976
322 547
322 673
322 331
322 826
322 589
322 496
322 407
322 651
322 708
322 837
322 467
322 929
322 745
322 670
322 905
322 368
323 877
323 629
323 576
323 536
323 950
323 402
323 804
323 383
323 367
323 826
323 466
323 908
324 774
324 383
324 783
324 406
324 395
324 677
324 944
324 875
325 463
325 617
325 379
325 406
325 802
325 325
325 791
325 749
325 737
325 427
325 645
325 577
325 435
325 693
325 668
325 355
325 666
325 358
325 820
325 394
325 970
325 615
325 977
326 525
326 877
326 449
326 964
326 600
326 673
326 708
327 736
327 901
327 674
327 676
327 605
327 544
327 563
327 921
327 967
327 603
327 836
327 510
327 944
327 593
327 721
327 448
327 733
327 617
327 383
327 481
328 795
328 480
328 349
328 856
328 571
328 903
328 513
328 575
329 535
329 346
329 648
329 542
329 480
329 700
329 965
329 554
329 860
330 938
330 885
330 972
330 442
330 869
330 760
330 558
330 997
331 989
331 496
331 904
331 781
331 516
331 648
331 360
331 614
331 827
332 382
332 790
332 812
332 639
332 489
332 945
332 962
332 588
332 654
332 463
332 624
332 881
332 616
332 534
332 542
332 695
332 911
332 405
333 441
333 391
333 429
333 567
333 634
333 856
333 895
333 561
333 577
333 384
333 571
333 406
333 695
333 727
333 836
333 551
333 905
333 555
334 898
334 617
334 507
334 452
334 620
334 621
334 615
334 637
334 401
334 755
334 883
334 498
334 756
334 888
335 426
335 736
335 753
335 559
335 571
335 540
335 680
335 994
335 877
335 883
335 640
335 654
335 466
335 903
335 974
336 512
336 387
336 432
336 373
336 682
336 602
336 589
336 903
336 404
336 684
337 915
337 732
337 674
337 711
337 716
337 675
337 781
337 406
338 803
338 742
338 935
338 452
338 415
338 442
338 945
338 875
338 445
338 396
338 686
338 394
338 953
338 614
338 418
338 912
338 431
338 707
338 731
338 468
338 387
338 763
338 984
338 937
338 942
338 710
339 432
339 711
339 758
339 374
339 899
339 738
339 970
339 381
340 785
340 447
340 628
340 903
340 648
340 716
340 927
340 359
340 851
340 828
340 389
340 890
341 637
341 520
341 366
341 889
341 516
341 612
341 368
341 446
341 963
342 998
342 623
342 789
342 534
342 829
342 533
342 947
342 513
342 714
342 977
342 807
342 708
343 395
343 517
343 842
343 658
343 524
343 970
343 484
343 888
343 555
344 677
344 438
344 959
344 452
344 535
344 617
344 383
344 935
344 889
344 993
344 997
344 357
345 945
345 780
345 561
345 742
345 638
345 860
346 437
346 754
346 707
346 923
346 436
346 577
346 516
346 903
346 600
346 970
346 773
346 551
346 974
347 562
347 635
347 730
347 910
347 375
347 898
347 596
347 975
347 355
347 874
347 483
347 916
347 693
347 588
347 473
347 615
348 527
348 754
348 432
348 681
348 961
348 500
348 956
348 911
348 461
348 708
348 974
349 674
349 666
349 563
349 349
349 711
349 774
349 881
349 617
349 996
349 497
349 359
349 762
349 373
349 696
349 858
349 816
349 837
349 866
349 932
349 731
349 820
349 667
349 817
350 846
350 544
350 690
350 553
350 733
350 843
350 558
350 415
350 430
350 381
350 357
350 815
350 779
350 867
350 809
350 937
350 970
351 819
351 613
351 676
351 774
351 415
351 914
351 426
351 815
351 681
351 783
351 362
352 541
352 927
352 567
352 825
352 929
352 871
352 855
352 616
352 735
352 430
352 615
352 545
352 530
352 757
352 639
352 502
352 922
352 620
352 407
352 644
352 657
353 851
353 954
353 415
353 730
353 922
353 778
353 541
353 949
353 777
353 819
353 898
353 486
353 641
353 549
353 859
353 595
354 443
354 520
354 415
354 678
354 887
354 807
354 594
354 610
354 588
354 450
355 986
355 481
355 518
355 451
356 715
356 409
356 819
356 441
356 720
356 771
356 799
356 620
356 660
356 815
356 768
356 394
356 703
356 466
356 386
356 399
356 549
356 792
356 592
356 787
356 485
357 409
357 382
357 897
357 825
357 612
357 522
357 849
357 720
357 521
357 427
357 465
357 732
357 658
357 589
357 695
357 523
357 889
358 624
358 762
358 904
358 658
358 415
358 436
358 698
358 452
358 591
358 374
358 456
358 466
358 463
358 382
358 578
358 542
358 396
358 836
358 485
358 393
358 518
358 538
358 760
358 772
359 441
359 720
359 677
359 824
359 638
359 839
359 853
359 700
359 433
359 385
359 818
359 592
359 673
360 676
360 832
360 854
360 731
360 667
360 448
360 936
360 745
360 404
360 603
360 893
360 896
361 443
361 734
361 502
361 738
361 775
361 711
361 919
361 888
361 822
362 478
362 393
362 825
362 660
362 828
362 683
363 829
363 685
363 802
363 865
363 566
364 899
364 908
364 404
364 407
364 529
364 787
364 579
364 608
365 589
365 786
365 758
365 809
365 577
365 853
365 523
365 748
365 877
365 572
365 896
366 900
366 726
366 645
366 750
366 842
366 520
366 786
366 472
366 632
366 777
366 411
366 536
366 415
366 919
366 609
366 850
366 966
366 791
366 810
366 548
366 539
366 627
366 678
366 547
366 629
366 383
366 470
366 734
366 399
366 896
367 690
367 517
367 988
367 978
367 415
367 873
367 841
367 502
367 510
367 652
367 964
367 995
367 382
367 605
367 931
367 505
367 516
367 840
367 962
367 965
367 401
367 373
367 397
367 837
367 528
367 439
367 551
368 803
368 517
368 635
368 456
368 728
368 528
368 792
368 983
368 473
368 560
368 879
368 385
368 667
368 485
368 501
368 553
368 642
368 581
368 593
368 620
368 783
368 588
368 684
368 555
368 896
369 877
369 498
369 577
369 693
369 466
369 856
369 972
369 402
369 977
370 898
370 989
370 972
370 477
370 792
370 539
370 483
370 950
370 905
370 943
371 690
371 561
371 727
371 705
371 431
371 489
372 776
372 934
372 385
372 677
372 571
372 472
372 988
372 500
372 650
372 510
372 745
372 407
373 809
373 605
373 427
373 859
373 379
373 540
373 693
373 528
373 828
374 779
374 415
374 698
374 442
374 452
374 616
374 416
374 434
374 983
374 446
375 432
375 760
375 617
375 651
375 400
375 930
375 633
376 527
376 602
376 730
376 993
376 999
376 650
376 918
376 936
376 727
376 528
376 930
377 382
377 781
377 897
377 650
377 969
377 891
377 908
377 572
377 761
377 701
377 760
377 477
377 624
377 718
377 379
377 782
377 419
378 545
378 821
378 517
378 623
379 925
379 552
379 722
379 616
379 872
379 946
379 947
379 835
379 738
379 951
379 705
379 654
379 532
379 881
379 563
379 974
379 558
379 926
379 931
379 528
379 992
379 682
379 827
379 400
379 701
379 742
379 985
379 837
379 896
379 888
379 566
380 700
380 856
380 809
380 835
380 614
380 665
380 452
381 846
381 553
381 393
381 554
381 531
381 903
381 836
381 414
381 924
381 418
381 539
381 388
381 557
381 746
382 653
382 409
382 933
382 432
382 819
382 443
382 846
382 602
382 691
382 437
382 603
382 633
382 787
382 860
382 454
382 619
382 580
382 480
382 489
382 635
382 899
382 403
382 557
382 528
382 475
383 999
383 742
383 472
383 978
383 539
383 986
383 614
383 855
383 868
383 521
383 470
383 992
383 724
383 501
383 510
383 606
383 942
383 975
383 538
384 532
384 751
384 913
384 520
384 769
384 730
384 993
384 683
384 766
384 755
384 864
384 571
384 940
384 911
384 914
385 605
385 483
385 728
385 850
385 524
385 567
385 486
385 921
385 835
385 722
385 858
385 967
385 995
385 865
385 565
386 465
386 809
386 611
386 531
386 908
386 745
386 933
386 403
386 676
386 898
386 563
386 867
386 834
386 722
386 847
386 974
387 898
387 613
387 478
387 923
387 952
387 491
387 437
387 846
387 845
387 806
387 566
388 709
388 432
388 898
388 755
388 641
388 940
388 732
388 489
388 411
388 846
388 637
388 618
388 676
388 550
388 510
389 686
389 755
389 481
389 772
389 921
389 453
389 926
389 775
389 559
389 761
389 678
389 743
389 518
389 893
390 637
390 913
390 540
390 792
390 896
390 915
391 794
391 694
391 867
391 447
391 567
391 926
391 976
391 816
391 661
391 465
391 923
391 972
391 633
391 936
391 621
391 735
391 398
391 561
391 815
391 485
391 519
391 395
391 871
391 707
391 668
391 806
391 590
391 859
391 779
391 913
391 429
391 783
391 809
391 788
391 893
391 640
392 411
392 795
392 844
392 744
392 786
392 542
392 736
392 913
392 856
392 833
392 561
392 909
392 406
392 940
392 644
393 480
393 913
393 559
393 897
393 752
393 519
393 442
393 659
393 394
393 779
393 844
393 661
393 671
393 548
393 722
393 484
393 648
393 970
393 475
393 893
394 775
394 726
394 520
394 412
394 582
394 745
394 822
394 742
394 452
394 783
394 477
394 930
395 512
395 532
395 533
395 425
395 884
395 843
395 795
395 517
395 483
395 763
395 782
396 601
396 743
396 396
396 956
396 584
396 713
396 919
396 760
396 573
396 788
396 977
396 446
397 754
397 618
397 904
397 953
397 739
397 929
397 623
397 871
397 686
397 463
397 797
397 670
397 812
397 879
397 896
398 409
398 548
398 763
398 650
398 410
398 667
398 416
398 929
398 723
398 928
398 942
398 630
399 674
399 452
399 897
399 597
399 865
399 766
399 858
399 630
399 702
400 515
400 677
400 812
400 480
400 401
400 971
400 521
400 809
400 438
400 487
400 918
400 782
400 772
400 402
401 626
401 427
401 953
401 597
401 627
401 725
401 971
401 730
401 993
401 610
401 824
401 792
401 746
401 633
401 962
401 869
401 923
401 429
401 755
401 669
401 937
401 883
401 607
401 814
401 729
401 738
401 796
401 473
402 411
402 833
402 406
402 964
402 802
402 684
402 896
402 591
402 617
402 489
402 623
402 977
402 991
402 888
403 602
403 548
403 655
403 839
403 822
403 419
403 457
403 971
403 819
403 410
403 929
403 969
403 477
403 503
403 802
403 468
403 708
404 552
404 516
404 600
404 792
404 570
404 556
404 630
404 530
404 784
404 970
404 481
404 627
404 989
404 624
404 760
404 702
404 911
404 691
404 690
404 629
404 657
404 774
404 411
405 794
405 480
405 711
405 925
405 669
405 540
405 702
405 865
405 746
406 489
406 520
406 918
406 880
406 656
406 924
406 966
406 811
406 964
406 600
406 547
406 504
406 804
406 783
406 628
406 644
406 850
406 771
406 619
406 720
406 782
406 970
406 784
406 678
406 773
406 565
406 496
406 522
406 583
406 879
406 660
406 557
406 802
406 967
406 828
406 799
407 613
407 677
407 965
407 415
407 808
407 516
407 915
407 833
407 664
407 610
407 981
407 944
407 772
407 995
407 943
407 566
408 479
408 589
408 562
408 766
408 908
408 654
408 620
408 955
408 446
409 613
409 691
409 556
409 661
409 778
409 727
409 548
409 845
409 437
409 638
409 853
409 534
409 608
410 474
410 918
410 770
410 598
410 789
410 463
410 709
410 488
410 929
410 660
410 631
410 792
411 420
411 755
411 653
411 541
411 518
411 585
411 915
411 729
411 547
411 711
411 436
411 546
411 964
411 702
412 842
412 415
412 500
412 638
412 484
412 588
412 896
412 680
412 566
413 447
413 609
413 477
413 893
413 446
414 762
414 700
414 415
414 738
414 669
414 479
414 509
414 805
414 975
414 667
414 803
414 526
414 903
414 614
415 781
415 672
415 906
415 669
415 945
415 436
415 500
415 810
415 935
415 631
415 604
415 569
415 875
415 994
415 914
415 839
415 624
415 505
415 503
415 632
415 949
415 677
415 736
415 452
415 783
416 988
416 562
416 667
416 969
416 982
416 510
416 682
416 416
416 650
416 858
416 956
416 664
416 710
416 609
416 907
416 840
416 803
416 668
416 729
416 481
416 431
416 679
416 702
416 515
416 874
416 845
416 560
416 799
416 598
416 994
416 476
416 662
417 432
417 972
417 722
417 969
417 662
417 856
417 849
417 571
417 985
418 441
418 452
418 548
418 868
418 873
418 692
418 812
418 952
418 495
418 542
418 805
418 807
419 624
419 694
419 470
419 570
419 716
419 825
419 800
419 473
420 691
420 653
420 541
420 431
420 736
420 928
420 923
420 998
420 896
420 855
420 819
420 602
420 743
420 918
420 801
421 778
421 951
421 692
421 699
421 963
421 885
421 775
421 467
421 586
421 968
422 898
422 743
422 561
422 958
422 579
422 664
422 933
422 671
422 813
422 943
423 969
423 919
423 813
423 614
423 991
423 888
424 795
424 639
424 895
424 454
424 948
424 909
424 504
424 809
424 526
424 612
424 836
424 608
425 426
425 452
425 847
425 930
425 551
425 963
425 823
426 665
426 539
426 734
426 600
426 466
426 849
426 589
426 624
426 929
426 580
426 620
426 663
426 990
427 948
427 601
427 742
427 750
427 671
427 910
427 818
427 477
427 940
428 532
428 618
428 992
428 969
428 997
428 680
429 637
429 681
429 567
429 740
429 676
429 605
429 789
429 574
429 564
429 920
429 995
429 982
429 942
429 713
429 445
429 747
430 515
430 527
430 532
430 794
430 798
430 507
430 722
430 801
430 557
430 964
430 575
431 900
431 466
431 612
431 772
432 898
432 653
432 686
432 755
432 594
432 574
432 602
432 443
432 541
432 692
432 882
432 922
432 887
432 761
432 712
432 618
432 895
432 803
432 902
432 467
432 753
432 703
432 740
432 927
432 932
432 842
432 455
432 500
432 650
432 949
433 846
433 602
433 629
433 724
433 943
433 571
433 964
433 792
433 575
434 913
434 895
434 910
434 467
434 562
434 648
434 764
434 911
434 827
435 720
435 885
435 597
435 491
435 528
435 905
435 592
435 490
435 628
435 895
435 460
435 828
435 746
435 991
436 790
436 436
436 498
436 659
436 805
436 777
436 873
436 978
436 809
436 892
436 594
436 837
436 511
436 930
436 760
436 730
436 792
436 787
437 437
437 898
437 613
437 755
437 933
437 709
437 637
437 936
437 652
437 459
437 737
437 471
437 718
437 889
437 450
437 623
437 896
437 584
437 707
437 871
437 862
437 451
437 470
437 571
437 524
437 620
438 677
438 543
438 934
438 936
438 943
438 513
438 451
438 489
438 762
438 452
438 896
439 720
439 810
439 772
439 586
439 982
439 853
439 836
440 938
440 998
440 583
440 834
440 925
441 898
441 686
441 463
441 951
441 631
441 833
441 614
441 787
441 914
442 480
442 775
442 925
442 658
442 935
442 699
442 806
442 987
442 711
442 760
442 854
442 483
442 840
442 896
443 594
443 637
443 709
443 747
443 803
443 876
443 884
443 850
443 873
443 862
443 617
443 700
443 786
443 638
443 516
443 930
443 817
444 619
444 711
444 483
444 693
444 787
444 885
445 456
445 626
445 650
445 942
445 517
446 460
446 974
446 648
446 906
446 889
447 900
447 536
447 932
447 586
447 751
447 954
447 500
447 809
447 911
448 541
448 552
448 889
448 771
448 715
448 853
448 571
448 964
449 734
449 561
449 667
449 587
449 920
449 907
449 903
450 617
450 470
450 783
450 648
450 472
450 585
450 726
450 975
451 790
451 677
451 451
451 777
451 601
451 959
451 459
451 718
451 916
451 984
451 578
451 856
451 480
451 674
451 932
451 952
451 727
451 473
451 893
452 498
452 935
452 500
452 810
452 672
452 696
452 883
452 917
452 705
452 479
452 997
452 726
452 890
452 461
452 534
452 821
452 762
452 984
452 579
452 464
453 790
453 750
453 696
453 975
453 538
453 579
454 744
454 842
454 562
454 947
454 979
454 914
454 708
455 762
455 520
455 915
455 598
455 844
455 828
456 794
456 681
456 489
456 927
456 507
456 561
456 626
456 845
456 971
456 673
456 982
456 512
456 696
456 520
456 925
456 809
456 600
456 806
456 708
457 536
457 835
457 504
457 813
457 473
457 747
458 489
458 517
458 913
458 936
458 780
458 649
458 742
458 523
458 465
458 474
458 520
458 614
459 897
459 926
459 517
459 565
459 701
459 477
459 738
459 801
459 584
459 930
459 905
459 759
459 990
460 720
460 559
460 802
460 806
460 896
460 526
460 613
461 674
461 728
461 648
461 615
461 838
461 821
461 635
461 980
461 692
461 678
462 610
462 571
462 487
462 663
462 725
462 518
462 745
462 970
463 589
463 624
463 986
463 539
463 743
463 736
463 651
463 864
463 683
463 938
463 483
463 499
463 966
463 692
463 964
463 847
463 568
463 902
463 658
463 699
463 480
463 489
463 762
463 952
463 993
463 783
464 512
464 515
464 623
464 903
464 710
465 785
465 851
465 831
465 803
465 542
465 793
465 866
465 467
465 827
465 869
466 819
466 674
466 729
466 946
466 526
466 571
466 948
466 727
466 734
466 493
466 906
466 717
466 577
466 679
466 830
466 612
466 800
466 838
466 488
467 769
467 671
467 548
467 523
467 965
467 835
467 985
467 736
467 844
467 487
467 883
467 907
467 552
467 481
467 889
467 722
467 610
467 766
467 667
467 847
467 714
468 691
468 617
468 571
468 911
468 828
469 776
469 622
469 559
469 500
469 562
469 722
469 510
469 945
469 900
469 792
470 790
470 567
470 507
470 965
470 742
470 786
470 887
470 520
470 514
470 910
470 837
470 746
470 673
470 699
470 535
470 986
470 593
470 506
470 524
470 882
470 563
470 991
470 905
470 797
470 491
470 741
470 522
470 970
471 734
471 722
471 947
471 571
471 788
471 811
471 935
472 520
472 696
472 646
472 651
472 929
472 964
472 865
473 862
473 993
473 969
473 908
473 528
473 911
473 905
473 848
473 476
473 934
473 550
473 557
473 893
473 733
473 910
473 728
473 812
473 971
473 837
473 928
473 488
473 630
474 744
474 816
474 844
474 699
474 608
474 901
474 898
474 727
474 838
474 896
475 933
475 965
475 742
475 610
475 802
475 773
475 787
475 793
475 764
475 569
475 573
475 530
475 988
475 893
476 820
476 808
476 930
476 579
476 673
477 589
477 675
477 577
477 487
477 947
477 864
477 790
477 762
477 691
477 601
477 706
477 760
477 556
477 743
477 879
477 634
477 827
478 842
478 792
478 585
478 701
478 992
478 742
478 729
478 806
478 950
478 746
479 778
479 794
479 632
479 532
479 481
479 864
479 965
479 492
479 636
479 997
479 922
479 541
479 846
479 580
479 793
480 681
480 885
480 677
480 900
480 589
480 509
480 908
480 553
480 748
480 811
480 663
480 844
480 827
480 952
480 998
480 567
480 666
480 972
480 672
480 935
480 817
481 934
481 677
481 647
481 671
481 825
481 741
481 609
481 752
481 818
481 643
481 622
481 739
481 749
481 945
481 556
481 866
481 681
481 965
481 881
481 785
481 745
481 959
481 546
481 969
481 611
481 516
481 958
481 974
482 803
482 625
482 938
482 989
482 988
482 945
482 555
482 808
482 876
482 816
482 775
482 999
482 791
483 998
483 760
483 548
483 697
483 854
483 609
483 704
483 517
483 602
483 749
483 738
483 845
483 612
484 774
484 801
484 985
484 599
485 765
485 984
485 620
485 990
485 784
485 563
485 783
486 512
486 674
486 605
486 992
486 769
486 852
486 686
486 615
486 892
486 791
486 667
487 853
487 788
487 928
487 786
487 811
487 622
487 890
488 913
488 551
488 626
488 896
489 803
489 589
489 795
489 986
489 509
489 812
489 601
489 677
489 639
489 489
489 855
489 731
489 966
489 585
489 844
489 557
489 994
489 832
489 778
489 642
489 493
489 977
489 686
489 714
489 859
489 923
489 833
489 713
489 975
489 911
490 613
490 624
490 929
490 573
490 788
490 551
490 759
490 562
490 789
490 725
490 507
490 593
490 865
491 667
491 929
491 969
491 767
491 912
491 604
491 729
491 714
491 904
491 506
491 977
491 803
492 506
492 933
492 791
492 823
492 893
493 763
493 521
493 707
493 594
494 904
494 770
494 551
494 828
494 991
494 673
494 708
495 613
495 929
495 791
495 592
495 939
495 701
495 958
495 680
496 618
496 666
496 676
496 690
496 716
496 563
496 496
496 557
496 709
496 729
496 773
496 642
496 952
496 638
496 572
497 762
497 849
497 620
497 761
497 608
497 581
498 794
498 855
498 613
498 926
498 733
498 931
498 620
498 557
498 746
498 990
499 533
499 900
499 856
499 742
499 562
499 657
500 954
500 832
500 669
500 629
500 868
500 963
500 648
500 998
500 821
500 580
500 964
500 905
501 781
501 650
501 639
501 749
501 631
501 530
501 943
501 632
501 806
502 960
502 762
502 980
502 561
502 724
502 983
502 590
502 540
502 733
502 614
503 550
503 519
503 990
503 747
503 587
503 728
503 508
504 512
504 993
504 886
504 549
504 557
504 695
504 507
504 989
504 799
504 821
504 566
504 526
505 776
505 760
505 629
505 608
505 904
505 725
505 835
505 849
505 630
505 579
506 515
506 532
506 545
506 778
506 715
506 827
506 777
506 620
506 829
506 574
506 807
506 586
506 516
506 784
506 896
507 559
507 520
507 954
507 880
507 806
507 860
507 756
507 745
507 528
508 617
508 826
508 620
508 864
508 917
508 991
509 790
509 677
509 959
509 897
509 537
509 763
509 760
509 800
510 898
510 550
510 520
510 650
510 724
510 922
510 536
510 623
510 685
510 911
510 931
510 680
511 819
511 693
511 756
511 837
511 772
511 949
511 767
511 714
512 944
512 533
512 515
512 794
512 632
512 545
512 625
512 778
512 619
512 956
512 965
512 855
512 555
512 994
512 788
512 917
512 991
512 949
512 525
512 514
512 774
512 969
512 616
512 964
513 539
513 521
513 710
513 541
513 896
514 732
514 791
514 636
514 950
514 895
514 833
514 993
514 546
514 598
515 632
515 533
515 762
515 865
515 976
515 853
515 641
515 614
515 575
516 901
516 559
516 766
516 660
516 745
516 788
516 849
516 908
516 871
516 522
516 662
516 983
516 616
516 802
516 781
516 598
516 607
516 642
516 861
516 886
516 995
516 977
517 803
517 898
517 856
517 926
517 816
517 789
517 626
517 941
517 975
517 825
517 954
517 814
517 846
517 700
517 809
517 801
518 933
518 862
518 548
518 802
518 865
518 896
518 888
519 629
519 953
519 855
519 903
519 577
520 776
520 652
520 954
520 992
520 750
520 878
520 977
520 888
520 709
520 707
520 683
520 639
520 914
520 995
520 742
520 993
520 678
521 550
521 954
521 940
521 992
521 532
521 727
521 555
522 677
522 685
522 789
522 693
522 771
522 876
522 782
522 964
522 640
522 595
523 887
523 537
523 928
523 762
523 736
523 697
523 821
523 746
523 680
524 737
524 889
524 577
524 985
524 957
524 725
524 744
524 649
524 986
524 919
524 984
524 773
525 821
525 607
525 913
525 559
525 895
525 667
525 528
526 833
526 616
526 691
526 779
526 624
526 602
526 581
526 801
526 827
527 788
527 648
527 926
527 835
527 878
527 938
527 998
527 676
527 726
527 832
527 770
527 911
527 746
527 990
528 794
528 785
528 646
528 772
528 967
528 630
528 670
528 592
528 528
528 697
528 572
528 828
528 958
528 677
528 936
528 832
528 779
528 825
528 945
528 577
529 885
529 733
529 567
529 596
529 566
529 756
529 999
529 695
529 551
530 618
530 881
530 929
530 815
530 931
530 687
531 742
531 906
531 903
531 954
531 813
531 575
531 579
531 973
531 977
532 619
532 739
532 543
532 953
532 650
532 613
532 794
532 732
532 659
532 704
532 809
532 837
532 977
533 656
533 593
533 560
533 619
533 622
533 743
533 696
533 852
534 913
534 567
534 887
534 650
534 693
534 706
534 867
534 602
534 612
535 959
535 829
535 664
535 927
536 790
536 777
536 877
536 575
536 622
536 677
536 856
536 620
536 702
536 787
537 898
537 857
537 650
537 660
537 538
537 853
537 784
537 598
537 888
537 673
538 672
538 835
538 620
538 970
538 911
538 733
538 540
538 639
538 643
538 671
538 972
538 781
538 725
538 822
538 865
539 777
539 959
539 795
539 665
539 878
539 822
539 759
539 938
539 875
539 688
539 663
539 541
539 677
539 589
539 885
539 702
540 976
540 892
540 611
540 996
540 935
540 959
540 737
540 862
540 879
540 742
540 695
541 862
541 691
541 541
541 648
541 595
541 806
541 990
541 637
541 766
541 835
541 866
542 785
542 664
542 660
542 766
542 777
542 608
542 657
542 575
543 884
543 739
543 669
543 677
543 658
543 647
543 853
543 788
543 930
544 774
544 901
544 935
544 705
544 954
544 667
544 969
544 908
545 658
545 681
545 583
545 548
545 649
545 635
545 650
545 667
546 650
546 929
546 808
546 900
546 853
546 828
546 865
546 807
547 898
547 686
547 901
547 854
547 845
547 847
548 589
548 897
548 635
548 671
548 741
548 780
548 825
548 637
548 951
548 865
548 792
548 931
548 661
548 985
548 552
548 703
548 611
548 578
548 742
548 838
548 620
548 549
548 880
548 932
549 819
549 801
549 903
549 584
549 798
549 858
549 989
549 613
549 946
549 950
550 959
550 912
550 711
550 738
550 657
550 885
550 987
550 806
550 690
550 858
550 612
550 836
550 869
551 620
551 773
551 834
551 581
551 621
551 975
551 806
551 678
551 577
551 644
551 640
551 561
551 792
551 777
551 748
551 615
551 667
551 964
551 958
552 794
552 881
552 781
552 672
552 760
552 768
552 674
552 805
552 634
552 706
552 635
552 697
552 893
552 963
553 944
553 589
553 674
553 676
553 909
553 831
553 851
553 961
553 722
553 634
553 630
554 658
554 935
554 825
554 951
554 965
554 897
554 605
554 869
554 960
554 985
554 579
554 759
555 650
555 648
555 990
555 626
555 914
556 885
556 792
557 734
557 903
557 888
557 916
557 717
557 784
557 695
557 727
557 911
557 977
558 777
558 902
558 583
558 706
558 805
558 582
558 929
558 764
558 874
559 624
559 661
559 567
559 656
559 718
559 798
559 865
559 570
559 700
559 908
559 784
560 819
561 602
561 790
561 882
561 923
561 965
561 902
561 597
561 896
561 819
561 870
561 697
561 654
561 927
561 895
561 770
561 996
561 949
561 730
561 649
562 883
562 629
562 671
562 889
562 667
562 965
562 810
562 680
562 857
562 661
562 723
562 695
562 817
562 799
563 803
563 938
563 998
563 774
563 674
563 676
563 768
563 740
563 619
563 769
563 634
563 827
564 677
564 913
564 911
564 583
565 569
565 820
565 730
565 839
565 896
565 991
565 805
566 642
566 928
566 872
566 999
566 825
566 700
566 604
566 672
566 842
567 677
567 927
567 972
567 976
567 946
567 649
567 578
567 813
567 922
567 790
567 907
567 843
567 856
567 988
567 842
567 742
567 699
567 839
567 837
567 714
568 637
568 674
568 760
568 893
569 674
569 922
569 599
569 632
569 920
569 594
569 845
569 722
569 739
569 592
570 933
570 690
570 733
570 802
570 904
570 921
570 747
571 778
571 623
571 861
571 797
571 705
571 773
571 769
571 944
571 744
571 853
571 776
571 640
571 746
571 885
571 961
571 622
571 788
571 995
571 905
571 888
572 779
572 775
572 954
572 911
572 777
572 684
572 855
572 865
572 608
573 809
573 603
573 701
573 747
573 655
573 716
573 940
574 653
574 912
574 824
574 747
574 953
574 846
574 720
574 862
574 935
574 893
574 974
575 609
575 626
575 693
575 826
575 623
575 787
575 591
575 870
575 886
575 629
576 925
576 889
576 733
576 646
576 957
577 589
577 726
577 809
577 947
577 606
577 864
577 835
577 884
577 933
577 954
577 652
577 657
577 763
577 738
578 665
578 698
578 897
578 838
579 948
579 684
579 707
579 958
579 661
579 764
579 894
579 983
579 857
579 973
579 600
579 837
579 873
579 759
580 606
580 853
580 770
580 704
580 735
580 615
580 906
580 749
580 772
580 931
580 822
581 653
581 801
581 876
581 911
581 598
582 812
582 599
582 617
582 935
582 820
582 979
582 583
582 679
582 970
582 948
582 977
583 778
583 758
583 700
583 718
584 829
584 884
584 648
584 695
584 717
584 701
584 702
585 671
585 646
585 964
585 708
586 954
586 906
586 818
586 801
586 875
586 877
586 660
586 773
587 944
587 760
587 975
587 856
587 889
587 991
588 885
588 760
588 993
588 611
588 890
588 919
588 842
589 736
589 681
589 795
589 762
589 649
589 973
589 764
589 923
589 879
589 699
589 818
589 752
589 631
589 915
589 700
589 786
589 612
590 922
590 711
590 779
590 851
590 877
590 809
590 942
590 828
590 738
590 643
590 807
591 665
591 992
591 646
591 723
591 984
591 809
591 914
592 723
592 802
592 610
592 768
592 774
592 891
592 943
592 837
593 754
593 846
593 954
593 629
593 612
593 772
593 644
594 818
594 668
594 774
594 901
594 599
594 671
594 695
594 757
594 598
595 676
595 882
595 886
595 837
595 673
595 680
595 638
595 626
596 766
596 649
596 620
596 903
596 678
596 827
596 863
597 915
597 819
597 954
597 723
597 687
597 717
597 612
597 787
598 647
598 730
598 792
598 801
598 638
598 679
599 927
599 676
599 857
599 970
599 917
600 695
600 859
600 840
601 637
601 665
601 681
601 981
601 669
601 675
601 850
601 674
601 628
601 743
601 985
602 933
602 989
602 862
602 653
602 751
602 739
602 926
602 646
602 799
602 679
602 812
602 763
602 853
602 976
602 683
602 757
602 770
602 798
602 913
602 695
602 678
602 813
603 776
603 736
603 733
603 658
603 650
603 792
603 823
603 714
603 990
604 667
604 985
604 726
604 657
604 708
605 674
605 974
605 700
605 999
605 655
605 908
605 714
606 853
606 747
606 634
606 792
606 888
607 639
607 734
607 616
607 801
607 955
607 977
608 660
608 615
608 977
608 886
608 684
608 697
608 801
608 776
608 795
608 662
608 924
608 696
608 963
608 888
609 765
609 684
609 667
609 623
609 836
609 911
610 845
610 964
610 836
611 898
611 856
611 867
611 643
611 627
611 902
611 931
611 827
612 825
612 871
612 788
612 660
612 910
612 944
612 942
612 748
613 710
613 954
613 672
613 854
613 879
613 767
614 898
614 980
614 797
614 936
614 849
614 695
614 970
614 995
614 955
614 923
614 954
615 751
615 774
615 716
615 872
615 648
615 883
615 851
615 736
615 895
615 826
615 743
615 734
615 827
616 677
616 829
616 913
616 809
616 738
616 880
616 984
616 725
616 716
616 818
616 636
616 972
616 649
616 890
617 819
617 676
617 690
617 881
617 711
617 922
617 980
617 857
617 774
617 901
617 706
617 740
617 879
617 945
617 951
617 776
617 791
617 993
617 929
617 724
617 788
617 863
617 702
617 714
617 807
618 677
618 795
618 957
618 885
618 647
618 792
619 998
619 938
619 931
619 723
619 632
619 898
619 829
619 769
619 730
619 985
619 806
619 893
620 625
620 872
620 871
620 756
620 962
620 651
620 800
620 908
620 660
620 654
620 932
620 669
620 999
620 957
620 790
620 703
620 643
620 794
620 894
620 928
621 792
621 916
621 660
621 892
621 828
621 657
621 879
622 933
622 958
622 817
622 952
622 646
622 893
623 801
623 841
623 732
623 911
624 677
624 940
624 837
624 982
624 846
624 731
624 687
624 825
624 732
624 885
624 762
624 929
624 761
625 754
625 915
625 747
625 818
625 722
625 789
625 988
625 672
625 835
625 970
625 673
626 862
626 722
626 993
626 940
626 995
626 942
627 750
627 758
627 889
627 730
627 650
627 942
628 653
628 912
628 927
628 659
628 971
628 822
629 915
629 795
629 935
629 710
629 900
629 790
629 849
629 760
629 863
629 657
629 879
630 639
630 671
630 792
630 644
630 833
630 942
631 783
631 794
631 815
632 794
632 693
632 719
632 807
632 973
632 972
632 837
632 817
633 825
633 997
633 861
634 677
634 988
634 916
634 809
634 642
634 773
634 883
634 663
634 714
634 673
635 732
635 769
635 872
635 696
635 969
635 738
635 693
635 663
635 759
636 935
636 984
636 962
636 905
637 898
637 686
637 720
637 689
637 870
637 780
637 658
637 728
637 664
637 837
637 787
638 722
638 730
638 752
638 798
638 719
639 677
639 743
639 762
639 809
639 935
639 856
639 713
639 853
639 828
639 663
639 827
640 778
640 794
640 896
640 865
640 785
640 803
641 786
641 725
641 936
641 668
641 643
641 948
641 697
641 651
641 942
641 695
641 688
642 818
642 722
642 879
642 787
642 735
643 653
643 954
643 818
643 914
644 948
644 857
644 845
644 886
644 978
644 870
644 817
644 865
644 890
645 965
645 673
645 976
645 880
645 925
645 699
646 954
646 781
646 984
646 979
646 978
646 792
647 674
647 769
647 763
647 688
647 862
647 825
647 993
647 942
647 767
647 888
648 775
648 942
648 679
648 727
648 804
648 826
648 722
648 777
648 941
648 715
648 765
648 812
648 964
649 897
649 910
649 764
649 802
649 862
649 948
649 671
649 801
649 995
649 876
649 657
649 793
649 968
650 899
650 821
650 770
650 783
650 884
650 929
650 707
650 674
650 952
650 944
650 910
650 763
650 775
650 986
650 677
650 927
650 817
650 826
650 850
650 724
650 908
650 746
651 742
651 849
651 657
652 750
652 859
652 982
652 988
652 770
652 809
652 830
653 686
653 898
653 938
653 744
653 825
653 788
653 673
654 674
654 671
654 722
654 865
655 803
655 700
655 658
655 770
655 935
655 694
655 673
655 848
655 792
655 667
655 929
656 810
656 939
656 837
656 874
657 905
657 852
657 971
657 666
657 805
657 874
657 961
657 819
657 865
658 986
658 699
658 926
658 685
658 741
658 914
658 854
658 951
658 849
658 672
658 739
659 732
659 677
659 906
659 721
659 792
659 758
659 969
659 836
659 823
660 801
660 843
660 803
660 948
660 695
660 785
661 862
661 913
661 995
661 971
661 755
662 697
662 749
662 971
662 964
663 819
663 796
663 684
663 883
663 829
663 780
663 722
663 934
663 893
664 812
664 768
664 783
664 863
664 903
664 991
664 888
664 673
665 790
665 716
665 696
665 736
665 750
665 969
665 828
665 852
666 681
666 927
666 829
666 969
666 805
666 783
666 899
666 850
666 696
666 818
666 908
666 886
666 964
666 802
666 678
666 931
666 807
667 766
667 808
667 918
667 916
667 912
667 952
667 845
667 743
667 907
667 911
667 699
667 826
667 938
667 902
667 744
667 718
667 929
667 903
668 902
668 929
668 936
668 942
669 794
669 898
669 992
669 760
669 897
669 727
669 888
670 929
670 963
670 998
670 977
670 991
671 754
671 691
671 681
671 906
671 952
671 729
671 910
671 981
671 812
671 815
671 924
671 823
671 997
671 722
672 672
672 806
673 837
673 894
673 963
673 721
673 685
673 931
673 929
673 802
673 804
673 818
673 990
673 824
673 784
674 829
674 927
674 937
674 925
674 861
674 972
674 741
674 722
674 992
674 678
674 725
674 991
675 694
675 675
675 744
675 679
675 780
675 901
675 966
675 809
676 733
676 915
676 686
676 809
676 797
676 954
676 765
676 730
677 743
677 795
677 777
677 686
677 945
677 882
677 750
677 924
677 950
677 741
677 766
677 802
678 806
678 890
678 910
678 757
678 683
678 907
678 836
678 859
678 931
679 913
679 700
679 954
679 801
679 982
679 930
679 865
680 783
680 929
680 809
680 911
680 807
680 900
680 895
680 812
680 723
680 974
681 790
682 846
682 965
682 854
682 728
682 730
682 991
683 777
683 695
683 964
684 785
684 925
684 723
684 783
684 830
684 838
684 960
685 732
685 733
685 693
686 751
686 819
686 992
686 931
686 687
686 855
686 951
686 905
686 770
686 702
686 862
686 913
686 834
686 921
687 961
687 809
687 964
688 948
688 730
688 773
688 865
689 829
689 935
689 752
689 934
690 998
690 862
690 774
690 882
690 922
690 829
690 927
690 891
690 980
690 936
690 913
690 995
690 971
690 863
690 947
690 916
690 713
690 703
690 887
690 992
691 803
691 819
691 846
691 783
691 982
691 843
691 983
692 730
692 886
692 903
692 787
692 893
693 850
693 987
693 693
693 757
693 823
693 841
694 913
694 988
694 884
695 954
695 730
695 880
695 804
695 924
695 966
695 947
695 780
695 872
695 855
695 886
695 814
695 956
695 874
695 837
695 879
695 793
696 762
696 927
696 700
696 793
696 822
696 992
696 921
696 838
696 849
697 754
697 736
697 913
697 859
697 796
697 804
697 793
697 802
697 825
697 943
698 972
698 760
698 967
698 747
699 856
699 924
699 745
700 922
700 881
700 782
700 870
700 937
700 850
700 828
701 724
701 843
701 784
701 995
701 828
702 964
702 879
702 896
702 714
703 878
703 918
703 768
703 817
703 886
703 772
703 995
703 958
704 897
704 751
705 762
705 774
705 781
705 985
705 747
705 807
706 806
707 942
707 958
707 927
707 885
707 767
708 965
708 961
708 947
708 807
708 968
708 870
708 953
708 831
708 813
708 943
708 763
708 926
708 984
709 778
709 803
709 820
709 975
709 857
709 853
709 931
709 827
709 977
710 802
711 819
711 944
711 872
711 897
711 908
712 722
712 916
712 764
712 911
712 855
712 846
712 746
712 759
712 888
713 845
713 992
713 846
713 806
713 841
713 869
714 918
714 969
714 858
714 847
714 735
714 920
714 931
714 771
714 975
714 846
714 829
714 938
714 991
715 803
715 948
715 999
715 991
715 888
716 725
716 768
716 952
716 855
716 726
716 853
716 727
716 995
716 759
717 980
717 883
717 820
717 969
717 995
718 927
718 985
718 903
718 893
719 846
719 923
719 806
719 911
719 840
719 888
720 898
720 932
720 786
720 773
720 945
720 856
720 764
720 807
721 885
721 785
721 923
721 883
722 910
722 902
722 722
722 766
722 738
722 903
722 964
722 727
723 889
723 824
723 997
723 730
723 993
723 886
723 772
724 929
724 808
724 792
724 889
724 837
724 893
724 888
725 742
725 958
725 747
726 775
726 847
726 788
726 773
726 872
726 801
726 975
726 767
727 898
727 934
727 750
727 911
727 975
728 987
728 859
729 762
729 947
729 782
729 824
729 799
730 875
730 756
730 832
730 858
730 815
730 990
730 829
730 993
730 849
731 944
731 744
731 897
731 956
731 993
731 835
732 803
732 988
732 809
732 893
733 774
733 877
733 929
733 903
733 888
734 999
734 750
734 887
734 805
734 985
734 746
734 996
734 907
734 807
734 850
734 825
735 927
735 854
735 929
736 750
736 991
736 743
736 788
737 959
737 856
737 789
737 968
737 888
738 738
738 918
738 757
738 956
738 745
739 962
739 785
739 933
739 798
739 976
739 908
740 898
740 940
741 932
741 865
742 846
742 954
742 877
742 765
742 949
742 924
742 885
742 961
742 897
742 833
742 806
742 840
742 888
742 858
743 751
743 777
743 960
743 896
743 915
743 887
743 950
744 803
744 989
744 845
744 985
745 851
745 978
746 994
746 754
747 954
747 910
747 753
747 888
747 873
747 845
747 842
747 786
747 767
747 974
748 920
749 896
749 890
750 891
750 788
751 819
751 891
751 753
751 969
752 774
752 897
752 783
753 790
753 806
753 916
753 762
753 824
753 974
754 794
754 846
755 898
755 762
755 882
755 993
755 863
755 995
756 856
756 842
756 819
756 841
757 790
757 902
757 975
757 828
758 885
758 816
758 825
758 833
758 849
758 896
759 879
759 856
759 767
760 935
760 810
760 781
760 865
760 864
760 941
760 877
760 853
760 955
760 949
760 948
760 805
760 807
761 762
761 897
761 824
761 806
762 777
762 959
762 969
762 995
762 931
762 992
762 903
762 998
762 893
762 936
763 856
763 936
764 915
764 819
764 970
764 911
765 786
765 928
765 825
765 849
766 885
766 904
766 984
766 899
766 839
766 846
766 981
766 778
766 924
766 859
766 929
766 969
766 871
766 964
766 860
767 893
767 793
767 943
767 838
767 973
767 920
767 896
768 898
768 833
768 844
768 911
768 825
768 992
768 818
768 889
768 936
768 917
768 841
769 922
769 824
769 903
770 887
770 845
770 871
770 851
770 848
770 929
770 801
770 772
771 828
771 958
772 853
772 784
772 836
772 967
772 940
772 778
772 899
772 842
772 902
773 809
773 909
774 878
774 882
774 980
774 974
774 795
774 871
774 812
774 972
775 972
775 877
775 978
775 894
775 831
775 954
775 949
776 778
776 872
776 803
776 878
776 845
776 985
776 865
777 787
777 779
777 877
777 962
777 991
778 940
778 915
778 807
779 913
779 856
780 897
780 788
780 972
780 825
781 984
781 911
782 835
782 787
782 799
783 857
783 848
783 918
783 969
783 949
784 901
784 820
784 837
784 817
784 792
784 995
785 851
785 932
785 945
786 786
786 960
786 954
787 803
787 994
787 958
787 921
787 793
787 947
787 861
787 872
787 929
787 973
787 838
788 801
788 796
788 820
788 864
788 909
788 993
788 884
789 913
789 868
789 801
789 985
790 898
790 790
790 900
790 890
790 801
790 851
790 954
790 925
790 926
790 978
790 992
790 908
790 880
790 865
790 958
791 801
791 964
791 810
792 825
792 792
792 953
792 929
792 992
792 863
792 988
792 879
793 867
793 993
793 977
794 794
794 957
794 895
794 899
794 891
794 904
794 858
794 985
794 990
795 832
795 864
795 885
795 917
797 800
798 887
798 897
798 970
798 865
798 977
799 821
799 865
799 807
799 947
799 844
800 856
800 983
800 869
801 987
801 801
801 882
801 862
801 804
801 998
801 941
802 935
802 919
802 967
802 972
802 981
803 938
803 974
803 960
803 930
803 915
803 912
803 922
803 984
803 837
803 995
804 915
804 935
804 809
805 956
806 891
806 899
806 985
807 872
807 964
807 930
807 944
807 869
808 856
808 899
808 859
808 827
809 868
809 864
809 997
809 951
809 843
809 822
809 933
809 814
809 934
809 853
809 908
810 906
810 894
810 865
811 954
811 952
812 945
812 905
813 950
813 930
813 863
813 841
813 861
814 950
814 967
815 969
816 960
816 913
816 907
817 857
817 941
818 904
818 836
818 933
818 881
819 898
819 899
819 841
820 854
821 877
821 991
822 976
822 837
822 977
822 902
822 944
822 988
823 963
824 915
824 985
824 936
825 833
825 890
826 938
826 953
826 969
826 926
826 968
827 988
827 911
827 879
827 934
828 972
828 858
828 905
828 879
828 918
828 962
828 869
828 950
829 862
829 867
829 965
830 925
831 977
832 907
832 889
832 974
833 856
833 992
833 883
833 868
833 878
834 979
834 953
835 936
836 940
836 875
836 881
836 980
836 901
837 938
837 862
837 909
837 837
837 875
837 913
837 895
837 963
837 872
838 930
839 922
839 920
839 931
839 911
839 943
840 850
841 865
842 904
842 896
843 965
844 922
844 970
844 911
845 885
845 972
845 922
845 928
845 964
845 995
845 888
846 898
846 989
846 936
846 892
846 876
847 918
847 936
848 954
848 991
849 849
849 918
849 996
849 954
849 966
849 886
851 915
851 898
851 888
852 859
852 888
853 883
853 864
853 873
853 951
853 919
853 865
853 933
853 995
853 989
853 879
853 952
853 917
853 977
855 898
855 929
856 976
856 872
856 882
856 863
857 989
857 980
857 858
858 929
858 858
858 860
858 912
860 954
860 940
860 990
860 991
861 918
862 863
862 918
862 955
862 958
863 951
864 999
864 888
865 946
865 979
865 949
866 993
866 918
866 999
867 995
867 888
869 999
869 888
870 993
870 964
870 950
870 995
871 912
873 895
873 950
874 900
874 919
874 896
875 993
876 896
877 879
877 962
877 958
877 908
877 969
877 892
877 975
878 959
878 896
878 982
878 913
878 964
879 975
879 911
879 990
879 946
879 978
879 949
880 992
880 964
881 892
881 979
882 964
882 977
883 998
883 969
884 969
885 986
885 925
885 992
886 974
887 954
887 983
888 977
888 990
888 896
890 959
890 897
890 934
892 899
892 906
892 964
893 994
893 941
893 929
893 967
893 950
893 913
894 922
894 992
895 898
895 913
895 991
896 977
896 991
896 959
896 966
896 990
897 906
897 982
897 921
897 908
897 937
897 931
899 918
899 969
900 986
900 970
900 931
901 922
901 977
902 970
902 908
903 903
903 957
903 964
904 989
904 944
905 997
905 964
905 911
905 955
906 988
906 920
906 942
907 972
908 934
908 965
908 969
908 930
908 917
910 971
910 959
910 949
910 939
911 932
911 914
912 931
913 972
913 923
913 989
913 988
913 975
915 944
915 916
915 917
915 950
915 954
916 929
916 940
917 982
917 995
918 972
918 929
920 991
921 958
922 980
922 940
924 964
925 981
927 989
927 930
929 957
929 962
929 969
929 940
930 970
930 972
930 951
931 977
931 990
932 996
934 938
934 942
935 987
936 953
937 980
937 975
937 964
938 958
939 954
939 985
939 978
940 941
940 974
940 959
941 954
942 966
942 969
942 977
943 969
944 998
947 970
947 988
947 977
948 964
949 988
949 966
950 995
952 995
953 970
953 977
954 954
954 981
955 990
958 985
958 960
958 967
958 995
958 972
960 989
960 997
964 983
965 998
968 985
970 970
970 979
971 973
971 993
972 985
974 988
976 997
978 979
988 997
994 998
