0 690
0 630
0 528
0 239
0 404
0 749
0 999
0 168
0 792
0 325
0 822
1 903
1 54
1 684
1 896
1 222
1 190
1 603
1 197
1 99
1 860
1 386
1 482
1 920
1 714
1 977
1 991
1 485
2 902
2 723
2 63
2 456
2 102
2 175
2 953
2 15
2 971
2 104
2 226
2 668
2 401
2 153
2 845
2 722
2 993
2 57
3 602
3 30
3 722
3 626
3 610
3 15
3 910
3 723
3 67
3 175
3 585
3 725
3 427
3 47
3 376
3 820
3 153
3 63
3 102
3 345
3 293
3 315
3 48
3 824
3 739
3 597
3 164
3 3
3 638
3 385
3 75
3 875
3 627
3 902
3 104
3 953
3 401
3 564
3 130
3 202
3 883
3 481
3 826
3 751
3 206
3 943
3 428
3 302
3 456
3 730
3 347
3 993
3 529
4 36
4 195
4 544
4 617
4 249
4 676
4 535
4 304
4 881
4 927
4 882
4 922
4 829
4 496
4 32
4 891
4 550
4 4
4 980
4 111
4 857
4 85
4 128
4 72
4 232
4 913
4 65
4 674
4 349
4 80
4 456
4 682
4 181
5 285
5 323
5 498
5 832
5 442
5 254
5 299
5 499
5 189
5 264
5 415
5 935
5 173
5 452
5 338
5 358
5 899
5 416
5 549
6 698
6 699
6 895
6 721
6 223
6 689
6 629
6 50
6 672
6 93
6 80
6 500
6 781
6 173
6 928
6 762
6 736
6 244
6 906
6 658
6 415
6 442
6 452
6 358
6 802
6 890
7 898
7 388
7 653
7 336
7 819
7 387
7 305
7 318
7 933
7 967
7 118
7 263
7 409
7 285
7 420
7 296
7 432
7 437
7 182
7 846
7 563
7 367
7 450
7 663
8 959
8 795
8 426
8 8
8 665
8 251
8 511
8 878
8 777
8 790
8 539
8 677
8 463
8 480
8 743
8 489
8 624
8 456
8 993
8 192
9 925
9 135
9 868
9 847
9 997
9 348
9 373
9 424
9 550
9 219
9 413
9 947
9 577
9 853
9 224
9 738
9 379
9 399
10 332
10 929
10 389
10 334
10 94
10 237
10 617
10 502
10 787
10 317
10 64
10 579
10 87
10 475
10 110
10 759
10 893
10 869
10 807
11 153
11 504
11 312
11 198
11 212
11 400
11 406
11 648
11 909
11 656
11 246
11 92
11 837
11 942
11 277
11 272
11 549
11 203
11 727
11 815
11 299
11 104
11 479
11 321
11 402
11 141
11 150
11 44
11 54
11 695
11 592
11 747
11 575
11 566
12 790
12 521
12 679
12 942
12 557
12 727
12 811
12 251
12 839
12 141
12 406
12 815
12 964
12 504
12 64
12 827
13 677
13 73
13 491
13 135
13 502
13 580
13 477
13 554
13 978
13 462
13 418
13 577
13 853
13 224
13 279
13 522
13 849
13 641
14 948
14 857
14 131
14 225
14 147
14 904
14 14
14 21
14 877
14 730
14 398
14 26
14 842
14 366
14 383
14 146
14 954
14 204
14 548
15 208
15 845
15 597
15 67
15 707
15 308
15 401
15 293
15 302
15 824
15 109
16 613
16 969
16 132
16 516
16 908
16 660
16 217
16 896
16 788
16 542
16 169
16 849
16 612
16 357
16 107
16 620
16 43
16 893
17 172
17 517
17 785
17 913
17 856
17 120
17 391
17 275
17 96
17 926
17 694
17 740
17 525
17 816
17 396
17 184
17 155
17 429
17 867
17 923
17 35
17 465
17 46
17 333
17 932
17 165
17 44
17 129
17 629
17 746
17 696
17 297
17 254
17 179
17 567
17 988
18 515
18 267
18 395
18 20
18 18
18 269
18 430
18 31
18 230
18 915
18 625
18 715
18 118
18 527
18 944
18 95
18 803
18 732
18 545
18 136
18 934
18 619
18 532
18 632
18 754
18 794
18 124
18 265
18 294
18 405
18 315
18 669
18 139
18 957
18 895
18 640
18 128
18 479
18 891
18 908
18 865
19 278
19 760
19 897
19 133
19 752
19 483
19 176
19 349
19 492
19 548
19 825
19 121
19 116
19 616
19 834
19 226
20 512
20 267
20 754
20 744
20 803
20 118
20 265
20 829
20 190
20 288
20 625
20 372
20 136
20 915
20 938
20 482
20 998
20 690
20 827
20 642
21 314
21 965
21 106
21 142
21 768
21 366
21 726
21 234
21 421
21 842
21 877
21 137
21 954
21 202
21 470
21 221
21 734
21 478
21 248
21 880
21 22
22 908
22 134
22 528
22 404
22 149
22 764
22 678
22 23
22 630
22 301
22 439
22 792
22 749
22 298
22 919
22 530
22 970
22 428
22 244
22 900
22 772
22 325
23 913
23 528
23 149
23 792
23 784
23 370
23 749
23 967
23 407
23 325
23 630
23 592
23 239
23 257
23 684
23 162
23 387
23 678
23 940
23 492
24 509
24 550
24 650
24 724
24 284
24 253
24 821
24 783
24 377
24 410
24 276
24 181
24 53
24 88
24 270
24 766
24 808
24 929
24 664
24 398
24 982
24 83
24 546
24 682
24 114
24 770
24 884
24 956
24 655
24 667
24 899
24 537
24 429
24 37
24 875
24 217
24 281
24 421
24 506
24 877
24 416
24 969
24 81
24 837
25 260
25 525
25 913
25 35
25 785
25 232
25 816
25 429
25 447
25 96
25 25
25 517
25 926
25 165
25 199
25 465
25 189
25 547
25 375
25 223
25 432
25 351
25 932
25 179
25 856
25 988
25 954
25 888
26 432
26 514
26 775
26 520
26 204
26 954
26 507
26 103
26 470
26 221
26 106
26 999
26 765
26 61
26 887
26 75
26 831
26 581
26 118
26 27
26 366
26 383
26 645
26 394
26 202
26 742
26 56
26 276
27 676
27 383
27 520
27 147
27 221
27 146
27 137
27 261
27 786
27 514
27 716
27 847
27 527
27 61
27 366
27 394
27 954
27 202
27 470
27 742
27 507
27 353
27 126
28 191
28 173
28 129
28 132
28 516
28 397
28 660
28 534
28 788
28 353
28 620
28 542
28 863
28 849
28 631
28 357
28 74
28 855
28 796
28 499
28 183
28 666
28 848
28 805
28 566
29 489
29 261
29 765
29 726
29 507
29 877
29 29
29 146
29 965
29 204
29 742
29 97
29 256
29 295
29 904
29 137
29 147
29 954
29 202
29 478
29 697
29 953
29 648
29 141
30 754
30 961
30 875
30 561
30 597
30 877
30 213
30 845
30 730
30 993
30 491
30 424
30 466
30 771
31 257
31 776
31 395
31 128
31 228
31 482
31 533
31 715
31 95
31 878
31 934
31 506
31 744
31 803
31 294
31 372
31 267
31 512
31 421
31 532
31 136
31 269
31 262
31 293
31 546
31 602
31 706
31 291
31 288
31 638
32 382
32 901
32 535
32 912
32 666
32 329
32 36
32 569
32 553
32 32
32 987
32 179
32 676
32 690
32 563
32 86
32 350
32 617
32 249
32 866
33 278
33 539
33 251
33 639
33 38
33 451
33 626
33 155
33 162
33 677
33 62
33 69
33 589
33 489
33 972
33 359
33 132
33 54
34 641
34 903
34 141
34 400
34 277
34 44
34 450
34 695
34 324
34 469
34 405
34 557
34 584
34 837
34 727
34 560
35 517
35 391
35 913
35 155
35 559
35 525
35 926
35 474
35 255
35 851
35 950
35 895
35 385
35 429
35 179
35 567
35 700
35 458
35 856
35 366
35 65
35 654
35 518
36 774
36 922
36 674
36 346
36 191
36 711
36 666
36 188
36 416
36 530
36 829
36 716
36 617
36 249
36 452
36 929
37 898
37 140
37 409
37 39
37 77
37 318
37 451
37 245
37 166
37 432
37 437
37 182
37 313
37 846
37 720
37 211
37 602
37 260
37 662
37 828
38 933
38 777
38 790
38 156
38 332
38 290
38 278
38 795
38 539
38 543
38 578
38 88
38 132
38 812
38 463
38 885
38 256
38 886
39 285
39 441
39 622
39 846
39 594
39 420
39 77
39 432
39 751
39 637
39 819
39 898
39 182
39 356
39 862
39 166
39 720
39 770
39 702
39 915
39 884
39 313
39 989
39 699
39 693
39 107
39 529
39 890
40 897
40 647
40 548
40 176
40 704
40 752
40 133
40 467
40 825
40 756
40 230
40 818
40 952
40 56
40 481
40 483
40 486
40 116
40 969
41 724
41 584
41 529
41 419
41 701
41 551
41 490
41 581
41 702
41 654
41 720
41 576
41 193
41 473
42 182
42 758
42 158
42 701
42 911
42 235
42 568
42 283
42 673
42 161
42 680
42 846
42 555
42 59
42 708
42 328
42 595
43 148
43 646
43 528
43 404
43 792
43 791
43 670
43 802
43 678
43 321
43 298
43 301
43 919
43 556
43 592
43 311
43 630
43 940
43 134
43 239
43 570
43 173
43 683
43 393
43 916
43 970
43 381
44 202
44 903
44 662
44 406
44 804
44 504
44 964
44 198
44 272
44 648
44 584
44 44
44 937
44 641
44 159
44 162
44 724
44 473
44 557
44 942
44 695
44 643
45 769
45 548
45 133
45 174
45 187
45 854
45 987
45 149
45 467
45 481
45 477
45 531
46 260
46 155
46 66
46 988
46 447
46 749
46 618
46 559
46 179
46 567
46 458
46 474
46 481
46 577
46 588
47 267
47 153
47 164
47 293
47 971
47 752
47 61
47 730
47 169
47 320
48 385
48 293
48 597
48 722
48 585
48 63
48 730
48 244
48 105
48 626
48 558
48 345
48 561
48 102
48 427
48 850
48 824
48 302
48 739
48 723
48 48
48 164
48 627
48 104
48 902
48 212
48 780
48 901
48 966
48 805
48 395
48 948
48 375
49 269
49 899
49 650
49 655
49 416
49 929
49 642
49 861
49 306
49 81
49 83
49 822
50 658
50 689
50 669
50 50
50 322
50 201
50 721
50 338
50 442
50 500
50 323
50 415
50 883
50 758
50 223
50 820
50 95
50 608
50 393
50 452
50 942
50 995
50 787
50 793
51 288
51 128
51 774
51 264
51 906
51 659
51 415
51 935
51 758
51 498
51 672
51 358
51 455
51 835
51 985
51 736
51 436
51 442
51 699
51 322
51 338
51 500
51 760
51 763
52 569
52 985
52 646
52 404
52 792
52 407
52 802
52 996
52 625
52 292
52 325
52 970
52 381
53 220
53 293
53 347
53 610
53 783
53 410
53 917
53 969
53 83
53 521
53 678
53 813
53 614
54 148
54 277
54 406
54 557
54 203
54 521
54 246
54 687
54 547
54 966
54 324
54 272
54 903
54 378
54 695
54 450
54 964
54 837
54 303
55 897
55 548
55 174
55 187
55 355
55 752
55 866
55 755
55 833
55 121
55 982
55 792
55 931
56 430
56 133
56 671
56 818
56 56
56 215
56 176
56 101
56 231
56 214
56 483
56 780
56 467
56 897
56 562
56 833
56 889
56 763
56 952
56 752
56 729
56 380
56 573
56 758
56 339
56 364
56 481
56 121
56 667
56 931
57 829
57 416
57 620
57 325
57 475
57 896
57 914
57 185
57 735
57 990
57 123
57 57
57 222
57 920
57 827
57 461
57 197
57 390
57 841
57 890
57 582
57 460
57 860
57 888
57 991
57 160
57 911
57 853
57 639
57 664
57 977
58 789
58 279
58 540
58 801
58 571
58 861
58 133
58 473
58 335
58 226
58 490
59 412
59 157
59 673
59 161
59 822
59 310
59 446
59 963
59 122
59 207
59 870
59 807
59 968
59 183
59 59
59 565
59 72
59 282
59 494
59 706
59 177
59 283
59 326
59 112
59 642
59 113
59 499
59 874
59 595
59 210
59 974
59 476
59 281
59 633
59 464
59 439
59 635
59 461
59 236
59 221
59 726
59 467
59 441
59 469
60 267
60 897
60 671
60 952
60 825
60 467
60 505
60 548
60 202
60 988
60 208
60 729
60 481
60 486
60 121
60 379
60 169
61 700
61 786
61 887
61 145
61 366
61 520
61 147
61 507
61 514
61 202
61 750
61 877
61 992
61 146
61 225
61 842
61 204
61 61
61 470
61 925
61 768
61 200
61 106
61 563
61 991
61 905
61 263
61 797
61 790
61 491
61 904
61 142
61 742
62 432
62 665
62 795
62 290
62 291
62 463
62 601
62 438
62 681
62 220
62 489
62 172
62 252
62 960
62 753
62 332
62 539
62 900
62 480
62 185
62 631
62 915
62 700
62 627
62 69
62 624
62 580
62 608
63 153
63 824
63 723
63 401
63 907
63 697
63 456
63 730
63 224
63 159
64 848
64 119
64 787
64 663
64 921
64 958
64 707
64 643
64 575
64 334
64 579
64 339
64 70
64 320
64 823
64 453
64 793
64 389
64 237
64 428
64 87
64 917
64 475
64 684
64 380
64 110
64 583
64 364
64 431
64 949
64 612
64 751
64 204
64 791
64 970
64 208
64 255
64 126
65 474
65 770
65 766
65 783
65 274
65 276
65 667
65 416
65 929
65 666
65 114
65 129
66 517
66 391
66 913
66 155
66 932
66 429
66 179
66 465
66 926
66 551
66 426
66 220
66 280
67 666
67 401
67 153
67 293
67 558
67 561
67 824
67 456
67 845
67 730
67 876
68 127
68 686
68 900
68 290
68 677
68 665
68 254
68 981
68 589
68 206
68 480
68 489
68 885
68 941
69 285
69 900
69 291
69 677
69 69
69 618
69 959
69 624
69 639
69 743
69 451
69 278
69 795
69 438
69 753
69 543
69 539
69 665
69 251
69 812
69 132
69 327
69 991
69 603
69 951
69 302
69 332
69 463
69 480
69 885
69 762
69 509
69 500
70 805
70 787
70 958
70 840
70 928
70 94
70 823
70 575
70 767
70 749
70 309
70 550
70 994
70 378
70 893
70 126
71 532
71 947
71 462
71 970
71 930
71 806
71 950
71 168
71 297
71 471
71 637
71 741
71 226
71 360
71 757
71 245
72 785
72 401
72 143
72 793
72 361
72 283
72 708
72 412
72 642
72 328
72 633
72 822
72 311
72 644
72 703
72 772
72 974
73 674
73 304
73 195
73 881
73 349
73 569
73 617
73 170
73 188
73 882
73 544
73 829
73 327
73 535
73 563
73 690
73 891
73 249
73 329
73 86
73 599
73 901
73 191
73 351
73 196
73 922
73 711
73 980
73 111
73 550
73 691
73 923
73 950
73 431
73 905
73 946
73 260
73 455
73 809
73 320
73 759
74 516
74 524
74 908
74 782
74 159
74 74
74 353
74 397
74 86
74 972
74 849
74 612
74 107
74 620
74 903
74 615
75 401
75 153
75 820
75 725
75 739
75 657
75 763
75 993
75 638
75 650
75 433
76 382
76 649
76 280
76 289
76 76
76 646
76 538
76 611
76 628
76 771
76 590
76 968
77 653
77 263
77 409
77 285
77 432
77 819
77 437
77 182
77 661
77 690
77 846
78 327
78 319
78 802
78 975
78 262
78 657
78 538
78 183
78 417
78 983
78 865
78 100
78 615
78 235
78 368
78 579
79 496
79 249
79 221
79 315
79 404
79 149
79 792
79 791
79 802
79 772
79 836
79 282
79 157
80 264
80 935
80 299
80 696
80 699
80 591
80 436
80 201
80 698
80 303
80 358
80 367
80 760
80 718
81 650
81 918
81 664
81 416
81 929
81 167
81 655
81 181
81 546
81 274
81 783
81 398
81 410
81 83
81 270
81 899
81 273
81 114
81 510
81 362
81 381
81 903
81 146
81 954
81 88
81 858
81 501
81 477
81 936
82 281
82 282
82 799
82 673
82 807
82 974
82 207
82 146
83 691
83 899
83 650
83 770
83 783
83 916
83 537
83 667
83 416
83 929
83 858
83 884
83 274
83 724
83 870
83 466
83 735
83 938
83 253
83 848
83 673
84 774
84 535
84 674
84 690
84 716
84 881
84 111
84 196
84 857
84 550
84 666
84 485
84 519
84 395
84 350
84 349
84 617
84 997
84 404
85 142
85 358
85 271
85 806
85 168
85 193
85 98
85 91
85 226
85 995
85 490
85 476
86 674
86 550
86 553
86 191
86 716
86 496
86 605
86 346
86 535
86 882
86 891
86 86
86 736
86 182
86 572
86 590
86 351
86 617
86 249
86 742
86 854
86 798
86 757
87 853
87 801
87 958
87 320
87 943
87 893
87 823
87 237
87 684
87 568
87 247
87 444
87 389
87 707
87 169
87 242
87 523
87 540
87 767
87 673
88 790
88 650
88 655
88 916
88 667
88 416
88 929
88 821
88 181
88 783
88 770
88 273
88 956
88 167
88 88
88 855
88 571
88 362
88 858
88 253
88 577
89 620
89 811
89 893
89 161
89 974
89 207
89 705
89 402
90 723
90 673
90 680
90 566
90 183
90 708
90 207
90 239
90 750
91 149
91 529
91 806
91 423
91 950
91 607
91 859
91 683
91 551
91 578
91 371
91 271
91 838
91 242
91 125
91 750
91 495
92 230
92 933
92 903
92 557
92 445
92 964
92 909
92 148
92 272
92 727
92 349
92 508
92 494
92 551
92 287
93 781
93 658
93 696
93 699
93 322
93 201
93 274
93 970
93 500
93 760
94 452
94 270
94 809
94 787
94 917
94 943
94 444
94 579
94 245
94 893
94 977
95 512
95 267
95 527
95 794
95 288
95 545
95 482
95 915
95 286
95 944
95 533
95 230
95 998
95 506
95 934
95 625
95 479
95 127
95 421
95 294
95 754
95 532
95 265
95 124
95 619
95 228
95 776
95 269
95 778
95 128
95 878
95 95
95 739
95 713
95 974
95 756
95 804
95 248
95 845
95 632
95 948
95 744
95 836
95 806
96 652
96 913
96 155
96 429
96 179
96 567
96 972
96 703
97 898
97 140
97 285
97 420
97 432
97 437
97 313
97 846
97 727
97 930
97 185
98 527
98 114
98 406
98 784
98 404
98 149
98 792
98 802
98 772
98 836
98 407
98 381
98 690
98 655
98 909
99 156
99 716
99 514
99 942
99 792
99 896
99 144
99 402
99 920
99 185
99 714
99 973
99 977
99 222
99 495
99 991
99 603
99 907
99 123
99 197
99 831
99 205
99 587
99 507
99 937
99 838
99 328
99 233
99 336
99 608
99 493
100 908
100 405
100 287
100 163
100 828
100 262
100 747
100 983
100 119
100 654
100 473
100 852
100 560
100 879
100 644
100 598
100 435
100 192
100 457
100 590
100 975
100 384
100 147
100 605
100 108
100 235
100 888
101 393
101 548
101 825
101 481
101 483
101 486
101 121
101 769
101 101
101 178
101 379
101 551
102 263
102 313
102 385
102 910
102 401
102 427
102 302
102 561
102 739
102 633
102 344
102 330
102 837
103 162
103 550
103 775
103 734
103 147
103 200
103 520
103 472
103 726
103 277
103 495
103 877
103 366
103 954
103 202
103 470
103 992
103 742
103 121
104 155
104 131
104 401
104 293
104 971
104 638
104 820
104 153
104 993
104 175
104 164
104 626
104 302
104 953
104 725
104 716
104 818
104 512
104 607
104 152
104 727
105 910
105 401
105 153
105 561
105 315
105 722
105 730
105 636
105 638
105 969
105 434
106 601
106 768
106 520
106 145
106 221
106 999
106 259
106 761
106 877
106 366
106 131
106 954
106 965
106 202
106 204
106 415
106 322
106 671
106 835
106 651
107 816
107 365
107 524
107 660
107 542
107 849
107 353
107 612
107 908
107 782
107 209
107 399
107 843
107 216
107 352
107 871
107 357
107 397
107 522
107 886
107 534
107 380
107 923
107 414
107 712
107 747
107 620
108 837
108 144
108 920
108 714
108 977
108 608
108 902
108 978
108 888
109 437
109 279
109 154
109 801
109 289
109 422
109 936
109 826
110 389
110 787
110 579
110 320
110 767
110 793
110 565
110 346
110 893
111 441
111 922
111 927
111 690
111 191
111 350
111 617
111 249
111 897
111 728
112 438
112 559
112 983
112 412
112 673
112 161
112 328
112 282
112 112
112 968
112 633
112 476
112 688
112 706
112 177
112 565
112 447
112 356
112 651
112 267
113 784
113 321
113 673
113 555
113 207
113 767
113 928
114 650
114 783
114 410
114 667
114 491
114 858
114 181
114 167
114 766
114 703
114 839
114 273
114 916
114 956
114 770
114 796
114 204
114 469
114 501
114 253
114 406
114 767
115 135
115 268
115 418
115 675
115 809
115 685
115 606
115 448
115 853
115 459
115 477
115 791
115 122
115 845
115 964
115 551
115 183
116 671
116 548
116 562
116 208
116 215
116 116
116 214
116 505
116 238
116 731
116 483
116 897
116 763
116 133
116 741
116 204
116 994
116 476
116 195
116 993
116 649
116 381
117 451
117 716
117 249
117 897
117 769
117 174
117 562
117 208
117 121
117 638
117 301
118 267
118 803
118 395
118 124
118 934
118 479
118 228
118 948
118 286
118 878
118 515
118 619
118 915
118 506
118 732
118 421
118 182
118 425
118 220
118 884
118 938
118 744
118 591
118 671
118 277
118 995
119 750
119 540
119 258
119 911
119 405
119 538
119 828
119 865
119 236
119 235
119 368
119 294
119 449
120 275
120 913
120 559
120 184
120 700
120 447
120 197
121 959
121 647
121 671
121 548
121 697
121 854
121 780
121 483
121 635
121 505
121 481
121 741
121 215
121 214
121 238
121 731
121 752
121 486
121 231
121 763
121 704
121 825
121 769
121 208
121 467
121 636
121 489
121 209
121 710
121 907
121 840
121 374
121 936
121 940
121 468
122 862
122 648
122 600
122 673
122 822
122 566
122 446
122 974
122 210
122 874
122 207
122 642
122 907
122 454
122 709
123 833
123 830
123 859
123 640
123 914
123 931
123 185
123 827
123 841
123 714
123 977
123 990
123 361
123 888
124 512
124 515
124 532
124 482
124 257
124 127
124 776
124 128
124 803
124 934
124 288
124 134
124 330
124 213
124 479
124 677
124 579
125 506
125 802
125 911
125 657
125 538
125 287
125 590
125 598
125 983
125 473
125 747
125 236
125 368
125 759
125 907
125 974
126 681
126 322
126 643
126 787
126 917
126 793
126 317
126 941
126 453
126 579
126 823
126 759
126 380
126 943
126 707
126 994
126 893
126 844
126 949
126 247
126 475
126 168
126 998
126 496
126 832
126 689
127 512
127 257
127 515
127 778
127 794
127 294
127 776
127 632
127 209
127 262
127 128
127 482
127 929
127 579
128 512
128 776
128 778
128 267
128 532
128 794
128 934
128 292
128 286
128 506
128 938
128 998
128 421
128 715
128 226
128 579
128 688
128 427
128 948
128 479
128 230
128 754
128 377
128 154
128 360
128 245
129 422
129 256
129 353
129 745
129 143
129 863
129 644
129 524
129 908
129 651
129 849
129 216
129 352
129 620
130 686
130 382
130 432
130 898
130 862
130 242
130 989
130 581
130 207
130 653
130 411
130 409
130 285
130 296
130 637
131 846
131 520
131 877
131 366
131 478
131 225
131 965
131 142
131 472
131 742
131 726
131 999
131 768
131 261
131 192
131 220
131 984
131 137
131 394
131 147
131 925
131 954
131 200
131 202
131 204
131 470
131 992
131 436
131 760
132 355
132 256
132 386
132 497
132 352
132 508
132 288
132 660
132 159
132 612
132 357
132 620
133 935
133 367
133 897
133 393
133 690
133 783
133 548
133 562
133 833
133 486
133 747
134 710
134 646
134 798
134 670
134 178
134 940
134 301
134 528
134 439
134 556
134 598
134 797
134 618
134 404
134 311
134 570
134 236
134 222
135 616
135 487
135 309
135 224
135 180
135 418
135 847
135 554
135 864
135 502
135 872
135 477
135 503
135 413
135 259
135 348
135 669
135 306
135 258
135 902
135 221
135 809
135 379
135 693
135 817
136 512
136 515
136 532
136 269
136 715
136 776
136 619
136 164
136 337
136 948
136 645
136 200
136 357
136 150
136 917
136 161
137 774
137 775
137 520
137 877
137 366
137 470
137 221
137 394
137 383
137 734
137 978
137 999
137 992
137 204
137 750
137 904
137 887
137 768
137 765
137 145
137 514
137 225
137 842
137 981
137 412
137 875
137 994
137 179
137 914
137 839
137 354
137 147
137 965
137 742
137 896
138 275
138 366
138 436
138 896
138 977
138 827
138 175
138 795
138 907
138 914
138 931
138 185
138 461
138 991
138 222
139 532
139 264
139 771
139 457
139 468
139 636
139 983
139 431
139 327
139 654
139 911
139 538
139 828
139 572
139 614
139 747
139 879
140 263
140 613
140 382
140 356
140 691
140 720
140 637
140 182
140 727
140 548
140 411
140 409
140 686
140 432
140 313
140 709
140 602
140 730
140 684
141 732
141 898
141 420
141 410
141 903
141 648
141 400
141 150
141 246
141 312
141 815
141 638
141 659
141 656
141 272
141 277
141 406
141 937
141 695
141 964
141 837
141 600
141 368
141 461
142 188
142 261
142 221
142 842
142 145
142 992
142 750
142 152
142 819
142 204
142 470
142 742
142 810
143 847
143 516
143 908
143 788
143 508
143 266
143 534
143 408
143 863
143 612
143 796
143 357
143 216
143 726
143 164
143 849
143 871
143 620
144 854
144 516
144 905
144 896
144 990
144 596
144 460
144 511
144 486
144 555
144 185
144 827
144 493
144 888
145 263
145 768
145 514
145 520
145 366
145 204
145 877
145 965
145 221
145 472
145 742
145 981
145 978
145 726
145 987
145 344
145 804
145 574
145 954
145 202
145 734
145 293
145 827
146 366
146 904
146 965
146 221
146 514
146 146
146 248
146 925
146 379
146 674
146 404
146 204
146 742
146 277
146 792
146 171
147 514
147 775
147 383
147 221
147 742
147 261
147 478
147 147
147 200
147 981
147 887
147 394
147 954
147 202
147 904
147 248
147 366
147 786
147 934
147 393
147 789
147 418
147 536
147 364
147 651
147 204
147 470
147 734
147 750
147 486
147 889
148 954
148 641
148 648
148 272
148 837
148 400
148 584
148 150
148 909
148 227
148 811
148 727
148 521
148 446
148 992
148 277
148 406
148 549
148 942
148 695
148 312
148 964
148 600
148 911
149 782
149 528
149 646
149 791
149 802
149 919
149 710
149 219
149 784
149 234
149 530
149 381
149 149
149 593
149 720
149 262
149 666
149 546
149 792
149 772
149 940
149 970
149 630
149 974
149 210
150 275
150 272
150 400
150 277
150 406
150 903
150 521
150 828
150 937
150 557
150 942
150 695
150 837
150 880
151 901
151 690
151 195
151 617
151 829
151 346
151 897
151 475
151 859
152 516
152 660
152 534
152 782
152 352
152 256
152 399
152 497
152 522
152 796
152 908
152 800
152 331
152 788
152 531
152 631
152 159
152 333
152 571
152 964
152 459
152 849
152 871
152 620
152 886
152 258
153 720
153 602
153 401
153 875
153 456
153 376
153 244
153 347
153 626
153 850
153 427
153 902
153 820
153 638
153 824
153 302
153 722
153 728
153 558
153 561
153 730
153 175
153 153
153 610
153 627
153 597
153 910
153 585
153 891
153 908
153 572
153 761
153 701
153 760
153 477
153 624
153 315
153 598
154 280
154 279
154 243
154 217
154 985
154 434
154 335
154 417
154 154
154 861
154 789
154 213
154 630
154 989
154 624
154 693
154 571
154 466
154 469
154 695
155 517
155 391
155 785
155 913
155 694
155 661
155 165
155 923
155 465
155 232
155 567
155 652
155 179
155 559
155 816
155 396
155 851
155 926
155 867
155 737
155 260
155 255
155 275
155 320
155 793
155 611
155 952
155 619
155 454
155 700
155 972
155 474
155 988
155 481
155 612
155 572
156 539
156 463
156 601
156 618
156 753
156 543
156 290
156 220
156 252
156 162
156 923
156 204
156 426
156 960
156 589
156 480
156 489
156 624
157 344
157 561
157 654
157 229
157 807
157 799
157 333
157 680
157 822
157 446
157 708
157 207
158 988
158 271
158 930
158 805
158 360
158 551
158 419
158 418
158 193
158 588
158 975
159 451
159 700
159 299
159 908
159 612
159 357
159 256
159 233
159 671
159 849
159 620
159 631
160 989
160 338
160 279
160 540
160 280
160 789
160 188
160 731
160 289
160 422
160 693
160 571
160 634
160 788
160 592
161 544
161 824
161 642
161 281
161 673
161 894
161 282
161 680
161 499
161 561
161 687
161 565
161 183
161 708
161 974
161 207
162 900
162 539
162 291
162 960
162 220
162 618
162 601
162 753
162 290
162 344
162 677
162 543
162 665
162 743
162 936
162 943
162 513
162 959
162 624
162 762
162 952
163 477
163 557
163 258
163 911
163 657
163 746
163 250
163 817
163 235
163 240
163 376
163 298
163 809
163 955
163 828
163 192
163 473
164 781
164 385
164 401
164 293
164 376
164 902
164 244
164 723
164 910
164 456
164 610
164 719
164 708
164 382
164 457
164 561
164 824
164 722
164 730
164 217
164 205
165 388
165 260
165 517
165 391
165 652
165 913
165 457
165 288
165 559
165 179
165 199
165 465
165 856
165 474
165 384
165 974
166 653
166 285
166 420
166 933
166 296
166 182
166 443
166 541
166 388
166 755
166 211
166 613
166 686
166 387
166 622
166 819
166 437
166 411
166 602
166 166
166 264
166 467
166 753
166 339
166 703
166 417
166 432
166 305
166 313
166 667
166 414
166 186
166 595
167 720
167 899
167 650
167 276
167 667
167 416
167 929
167 174
167 481
167 956
167 969
167 253
167 678
168 897
168 839
168 930
168 805
168 551
168 308
168 576
168 271
168 607
168 701
168 950
168 360
168 363
168 488
168 995
168 326
168 874
168 396
168 365
168 975
168 226
169 516
169 908
169 397
169 660
169 497
169 256
169 531
169 352
169 522
169 331
169 353
169 209
169 620
169 508
169 886
169 499
169 649
169 849
169 612
169 678
170 912
170 666
170 674
170 676
170 553
170 690
170 913
170 232
170 569
170 716
170 617
170 249
170 358
170 840
171 531
171 271
171 806
171 551
171 813
171 830
171 355
171 588
171 975
171 226
171 995
171 360
171 746
172 265
172 536
172 290
172 291
172 677
172 681
172 198
172 959
172 489
172 885
172 762
172 222
172 183
173 264
173 415
173 906
173 961
173 878
173 442
173 699
173 322
173 367
173 399
174 762
174 391
174 299
174 671
174 548
174 231
174 505
174 440
174 439
174 789
174 716
174 481
174 664
174 620
174 368
174 896
175 261
175 385
175 910
175 401
175 953
175 850
175 586
175 965
175 561
175 820
175 722
175 730
175 993
176 639
176 507
176 897
176 647
176 523
176 671
176 833
176 215
176 481
176 268
176 864
177 709
177 489
177 807
177 680
177 642
177 894
177 969
177 648
177 565
177 207
177 229
178 898
178 697
178 979
178 792
178 298
178 940
178 370
178 772
178 791
178 581
178 688
178 536
178 325
178 334
179 517
179 391
179 779
179 785
179 913
179 932
179 429
179 559
179 255
179 184
179 333
179 856
179 926
179 392
179 988
179 923
179 458
179 976
179 737
179 700
179 694
179 189
179 232
179 851
179 260
179 465
179 199
179 816
179 740
179 209
179 466
179 362
179 388
179 814
179 511
179 263
179 287
179 227
179 371
179 610
179 772
180 372
180 690
180 722
180 809
180 554
180 503
180 835
180 365
180 685
180 868
180 447
180 216
180 676
180 319
180 580
180 853
180 477
180 224
180 738
180 359
180 896
181 228
181 349
181 567
181 270
181 403
181 416
181 306
181 253
181 655
181 546
181 181
181 667
181 929
181 884
181 969
181 821
181 930
181 843
181 790
181 724
182 387
182 388
182 263
182 411
182 751
182 242
182 686
182 541
182 296
182 720
182 653
182 314
182 602
182 437
182 382
182 971
182 638
182 794
182 821
182 481
182 486
183 992
183 696
183 695
183 281
183 310
183 822
183 446
183 894
183 807
183 818
183 708
184 260
184 391
184 429
184 559
184 567
184 694
184 652
184 779
184 362
184 327
184 830
184 972
184 925
184 248
184 526
184 279
185 358
185 378
185 907
185 869
185 190
185 860
185 841
185 914
185 460
185 640
185 485
185 714
185 587
185 185
185 920
185 931
185 608
185 827
185 461
185 990
185 402
185 896
185 197
185 390
185 511
185 222
185 596
185 973
185 866
185 747
185 254
185 458
185 470
185 789
185 401
185 442
185 483
185 343
185 991
186 528
186 404
186 407
186 234
186 670
186 301
186 772
186 547
186 836
186 970
187 897
187 647
187 548
187 562
187 818
187 825
187 833
187 208
187 467
187 481
187 217
187 964
188 774
188 690
188 676
188 188
188 951
188 829
188 191
188 350
188 954
188 461
188 608
189 509
189 260
189 391
189 396
189 785
189 923
189 988
189 547
189 629
189 856
189 671
189 770
189 416
190 980
190 997
190 612
190 320
190 827
190 931
190 977
190 460
190 461
190 659
190 567
190 462
190 582
190 714
190 608
190 888
191 774
191 912
191 927
191 674
191 690
191 599
191 496
191 881
191 249
191 349
191 552
191 268
191 561
191 327
192 742
192 946
192 801
192 439
192 975
192 911
192 712
192 560
192 287
192 614
192 852
192 564
192 848
192 598
192 468
192 435
192 483
192 218
192 647
192 396
192 865
192 615
192 235
192 879
192 368
192 389
192 343
193 356
193 899
193 648
193 966
193 271
193 551
193 813
193 701
193 490
193 621
193 683
193 806
193 773
193 757
193 363
193 702
193 194
193 838
193 742
193 399
193 374
193 783
193 316
193 975
193 995
193 389
193 958
194 794
194 653
194 877
194 271
194 806
194 551
194 425
194 813
194 907
194 608
195 774
195 912
195 690
195 733
195 437
195 581
195 716
195 617
195 816
195 567
195 993
195 583
196 774
196 535
196 927
196 690
196 544
196 716
196 453
196 456
196 351
196 349
196 617
196 381
196 250
197 731
197 640
197 914
197 931
197 714
197 977
197 485
197 888
198 641
198 903
198 648
198 521
198 406
198 942
198 837
198 564
199 437
199 260
199 517
199 391
199 525
199 913
199 567
199 700
199 447
199 785
199 429
199 199
199 228
199 986
199 299
199 474
199 442
199 217
199 530
200 278
200 567
200 775
200 520
200 366
200 904
200 954
200 470
200 978
200 204
200 768
200 200
200 967
200 377
200 202
200 992
200 742
200 279
200 573
200 843
200 592
200 828
201 867
201 906
201 658
201 552
201 945
201 322
201 452
201 983
201 907
202 652
202 775
202 925
202 965
202 981
202 742
202 366
202 507
202 520
202 978
202 261
202 992
202 645
202 726
202 842
202 887
202 734
202 394
202 204
202 514
202 221
202 478
202 750
202 225
202 383
202 904
202 334
202 479
202 279
202 997
202 890
202 399
202 418
202 461
202 470
202 302
203 903
203 648
203 521
203 277
203 662
203 312
203 964
203 600
203 973
204 520
204 366
204 645
204 954
204 204
204 248
204 225
204 472
204 768
204 842
204 470
204 221
204 734
204 999
204 775
204 261
204 992
204 877
204 383
204 887
204 953
204 614
204 418
204 875
204 912
204 431
204 707
204 731
204 468
204 306
204 397
205 206
205 638
205 407
205 757
205 615
205 907
205 402
205 931
205 977
205 991
205 608
205 888
206 285
206 790
206 291
206 677
206 451
206 332
206 438
206 639
206 655
206 743
206 489
206 824
206 918
206 369
206 727
207 536
207 901
207 266
207 435
207 412
207 673
207 974
207 633
207 476
207 957
207 210
207 326
207 357
207 558
207 903
207 935
207 277
208 420
208 647
208 548
208 752
208 440
208 238
208 763
208 481
208 603
208 674
208 215
208 695
209 383
209 524
209 531
209 408
209 216
209 352
209 620
209 942
209 646
210 926
210 559
210 282
210 673
210 566
210 708
210 494
210 499
210 303
210 706
210 957
210 327
210 368
210 462
210 595
211 898
211 388
211 285
211 432
211 437
211 441
211 541
211 601
211 689
211 602
212 878
212 903
212 648
212 942
212 695
212 837
212 924
212 679
212 670
212 325
212 880
212 504
212 598
213 677
213 700
213 280
213 801
213 289
213 434
213 826
213 466
213 469
213 217
213 611
213 320
214 842
214 383
214 393
214 548
214 562
214 818
214 854
214 440
214 316
214 463
214 483
214 401
215 832
215 760
215 523
215 548
215 697
215 825
215 833
215 897
215 609
215 741
215 635
215 215
215 731
215 483
215 393
215 238
215 505
215 671
215 763
215 780
215 562
215 704
215 889
215 684
215 631
215 691
215 680
215 391
215 351
215 220
215 355
215 835
215 908
216 624
216 674
216 856
216 385
216 685
216 386
216 660
216 796
216 631
216 745
216 408
216 871
216 312
216 302
216 881
216 478
216 620
217 526
217 279
217 936
217 433
217 571
217 985
217 623
217 693
217 649
217 789
217 573
217 449
217 492
217 549
218 268
218 554
218 577
218 459
218 853
218 379
218 359
218 503
218 675
218 414
218 738
218 997
218 477
218 522
218 583
218 333
218 616
218 502
218 849
218 445
219 648
219 528
219 404
219 792
219 791
219 772
219 836
219 970
219 310
219 551
220 900
220 539
220 291
220 677
220 959
220 463
220 665
220 467
220 316
220 736
220 480
220 489
220 624
220 675
220 801
221 856
221 520
221 842
221 366
221 394
221 954
221 470
221 742
221 432
221 372
221 868
221 963
221 734
221 992
221 523
221 722
221 692
221 990
222 818
222 352
222 402
222 461
222 977
222 896
222 991
222 793
222 888
223 653
223 463
223 489
223 659
223 669
223 415
223 935
223 442
223 322
223 338
223 367
223 427
223 957
224 912
224 259
224 418
224 685
224 853
224 477
224 946
224 379
224 580
224 365
224 847
224 947
224 675
224 606
224 868
224 319
224 554
224 577
224 873
224 616
224 454
224 448
224 872
224 309
224 864
224 979
224 519
224 424
224 268
224 502
224 809
224 459
224 487
224 951
224 683
224 602
224 332
224 283
224 333
224 780
224 305
224 250
224 634
225 387
225 768
225 775
225 842
225 366
225 383
225 470
226 463
226 271
226 939
226 621
226 717
226 830
226 578
226 950
226 551
226 607
226 834
226 529
226 805
226 975
226 490
226 581
226 812
226 314
226 772
226 371
227 650
227 319
227 357
227 648
227 942
227 695
227 837
227 702
228 265
228 267
228 794
228 803
228 482
228 238
228 932
228 688
229 705
229 908
229 799
229 688
229 565
229 595
229 328
229 922
229 397
230 512
230 778
230 267
230 794
230 803
230 915
230 372
230 292
230 421
230 286
230 409
230 760
230 649
230 970
231 480
231 906
231 897
231 393
231 523
231 671
231 548
231 854
231 729
231 481
231 483
231 577
231 571
231 991
232 391
232 779
232 429
232 559
232 567
232 700
232 856
232 964
232 837
232 865
233 426
233 452
233 259
233 809
233 685
233 319
233 459
233 853
233 477
233 872
233 502
234 624
234 646
234 528
234 404
234 792
234 802
234 836
234 630
234 551
235 517
235 911
235 287
235 307
235 828
235 473
235 590
235 712
235 614
235 746
235 983
235 598
235 457
235 771
235 644
235 235
235 747
235 468
235 258
235 538
235 362
235 236
235 250
235 241
235 654
235 657
235 240
235 572
235 905
235 839
235 630
235 374
235 815
235 530
235 461
235 924
235 889
235 485
236 474
236 942
236 654
236 911
236 538
236 828
236 598
236 614
236 746
236 435
236 250
236 287
236 564
236 362
236 615
236 817
236 644
236 747
236 675
236 699
236 711
236 395
236 879
236 368
237 922
237 676
237 391
237 835
237 802
237 787
237 431
237 317
237 245
237 893
238 647
238 548
238 562
238 818
238 825
238 853
238 384
238 325
239 776
239 480
239 391
239 530
239 784
239 404
239 792
239 772
239 325
239 381
239 435
239 879
240 500
240 284
240 911
240 538
240 287
240 747
240 828
240 657
240 894
240 764
240 575
240 402
241 383
241 258
241 262
241 911
241 657
241 287
241 307
241 828
241 598
241 614
241 615
241 747
241 879
242 898
242 388
242 285
242 541
242 686
242 432
242 819
242 441
242 443
242 313
242 720
242 849
243 794
243 387
243 355
243 384
243 649
243 801
243 814
243 693
243 466
243 903
243 528
244 409
244 474
244 401
244 302
244 730
244 993
244 739
244 747
244 378
245 663
245 793
245 684
245 943
245 575
245 475
245 643
245 317
245 928
245 707
245 364
245 767
245 981
245 370
245 893
246 466
246 903
246 648
246 400
246 277
246 964
246 837
246 504
246 389
247 470
247 264
247 784
247 643
247 787
247 663
247 793
247 568
247 317
247 575
247 320
247 759
248 829
248 383
248 470
248 742
248 563
249 774
249 922
249 927
249 674
249 676
249 550
249 829
249 329
249 496
249 327
249 535
249 337
249 346
249 980
249 605
249 569
249 733
249 350
249 349
249 304
249 716
249 857
249 881
249 711
249 249
249 690
249 666
249 582
249 745
249 790
249 353
249 895
249 510
249 287
249 516
250 258
250 865
250 614
250 368
250 446
251 278
251 790
251 290
251 291
251 677
251 332
251 589
251 480
251 489
251 617
251 567
251 902
252 777
252 790
252 291
252 677
252 681
252 812
252 589
252 480
252 743
252 489
252 624
252 762
252 708
253 783
253 276
253 416
253 929
253 969
253 491
253 501
253 892
253 884
253 766
253 253
253 737
253 930
253 882
253 363
253 518
254 396
254 658
254 415
254 299
254 696
254 452
254 338
254 629
254 571
255 517
255 391
255 392
255 525
255 785
255 913
255 923
255 700
255 972
255 465
255 620
255 557
255 312
256 397
256 962
256 745
256 331
256 886
256 855
256 266
256 715
256 908
256 849
257 512
257 533
257 506
257 803
257 545
257 269
257 527
257 298
257 310
257 267
257 532
257 288
257 625
257 430
257 998
257 833
257 448
257 657
257 973
258 901
258 358
258 897
258 718
258 468
258 712
258 590
258 268
258 467
258 644
258 405
258 538
258 955
258 473
258 865
258 615
258 879
258 368
259 491
259 502
259 268
259 413
259 580
259 359
259 847
259 997
259 622
259 629
259 755
259 424
259 577
259 477
259 379
259 516
260 700
260 740
260 661
260 396
260 567
260 987
260 968
260 785
260 856
260 474
260 728
260 466
260 787
261 795
261 885
261 768
261 775
261 261
261 954
261 887
261 507
261 742
261 981
261 470
261 597
261 572
261 643
261 520
261 366
261 669
262 722
262 572
262 771
262 435
262 609
262 821
262 911
262 538
262 828
262 598
262 865
262 747
262 368
263 938
263 898
263 387
263 388
263 285
263 637
263 420
263 318
263 296
263 755
263 653
263 541
263 594
263 751
263 720
263 432
263 402
263 711
263 948
263 411
263 313
263 846
263 602
263 382
263 792
263 893
264 465
264 552
264 895
264 415
264 299
264 945
264 696
264 322
264 358
264 629
264 910
264 724
264 529
264 576
265 512
265 938
265 395
265 715
265 288
265 748
265 267
265 632
265 479
265 865
265 958
266 532
266 516
266 524
266 908
266 357
266 856
266 788
266 962
266 843
266 871
266 745
267 512
267 421
267 794
267 754
267 998
267 934
267 269
267 479
267 545
267 430
267 506
267 776
267 948
267 715
267 533
267 878
267 292
267 372
267 288
267 632
267 944
267 778
267 803
267 286
267 619
267 312
267 848
267 423
267 409
267 322
267 572
267 670
267 527
267 985
267 542
267 390
268 645
268 698
268 413
268 414
268 606
268 309
268 577
268 454
268 319
268 847
268 675
268 616
268 519
268 868
268 695
268 523
268 889
268 809
268 580
268 979
268 477
268 738
268 359
268 660
268 958
269 512
269 944
269 754
269 527
269 430
269 700
269 532
269 794
269 998
269 912
269 786
269 299
269 739
269 849
269 668
270 539
270 650
270 655
270 276
270 724
270 766
270 530
270 783
270 273
270 410
270 416
270 969
270 308
271 927
271 513
271 371
271 859
271 607
271 419
271 529
271 975
271 784
271 352
271 304
271 383
271 806
271 576
272 388
272 284
272 353
272 648
272 804
272 324
272 387
272 363
272 495
272 277
272 406
272 557
272 942
272 695
272 964
272 837
272 504
272 614
272 860
273 650
273 766
273 284
273 783
273 916
273 858
273 844
273 991
273 667
273 929
273 969
273 571
273 886
273 570
274 520
274 760
274 650
274 783
274 969
274 306
274 276
274 410
274 882
274 793
274 918
274 667
274 929
274 839
274 491
274 555
275 489
275 517
275 474
275 392
275 779
275 867
275 458
275 816
275 649
275 700
275 316
275 988
276 650
276 655
276 783
276 892
276 982
276 402
276 463
276 410
276 667
276 416
276 306
276 491
276 487
276 379
276 406
276 538
277 517
277 760
277 359
277 903
277 687
277 804
277 942
277 324
277 547
277 966
277 695
277 340
277 504
277 648
277 937
277 679
277 924
277 880
277 641
277 312
277 557
277 656
277 859
277 781
277 550
277 343
277 599
277 927
277 406
277 837
277 727
278 509
278 489
278 762
278 900
278 278
278 543
278 438
278 665
278 291
278 589
278 463
278 624
278 577
278 893
278 866
279 548
279 649
279 375
279 936
279 797
279 384
279 987
279 789
279 434
279 623
279 985
279 586
279 469
279 573
279 449
279 761
279 462
279 693
279 466
279 931
279 687
279 817
279 801
279 422
279 571
279 611
279 407
279 555
280 618
280 649
280 466
280 342
280 623
280 417
280 705
280 334
280 723
280 540
280 801
280 300
280 719
280 888
281 418
281 287
281 827
281 642
281 799
281 974
281 963
281 807
281 464
281 303
281 885
281 779
281 456
281 282
281 673
281 708
281 595
282 946
282 494
282 688
282 464
282 714
282 799
282 303
282 566
282 708
283 589
283 642
283 464
283 390
283 504
283 673
283 807
283 974
284 770
284 766
284 783
284 410
284 667
284 416
284 969
284 491
284 892
284 942
285 898
285 285
285 314
285 933
285 602
285 862
285 691
285 541
285 574
285 313
285 388
285 653
285 305
285 382
285 622
285 318
285 336
285 686
285 387
285 420
285 819
285 989
285 895
285 894
285 868
285 972
285 873
285 432
285 443
285 429
285 548
285 631
285 727
286 778
286 545
286 479
286 938
286 421
286 878
286 715
286 744
286 482
286 661
286 951
286 973
286 915
286 819
286 392
286 904
286 783
286 373
286 582
287 777
287 877
287 810
287 406
287 911
287 848
287 865
287 644
287 435
287 468
287 905
287 746
287 362
287 727
287 392
287 548
287 828
287 473
287 614
288 512
288 776
288 778
288 532
288 915
288 395
288 839
288 835
288 545
288 856
289 384
289 649
289 540
289 801
289 335
289 936
289 826
289 484
289 987
289 342
289 693
289 789
289 449
289 469
289 460
289 972
289 406
289 981
289 666
289 422
289 571
289 985
289 717
290 509
290 624
290 536
290 344
290 777
290 539
290 480
290 960
290 882
290 750
290 481
290 291
290 677
290 451
290 743
290 885
290 762
290 838
290 994
291 795
291 986
291 777
291 960
291 743
291 463
291 295
291 291
291 900
291 438
291 618
291 543
291 762
291 344
291 753
291 536
291 601
291 790
291 451
291 539
291 591
291 425
291 734
291 600
291 466
291 849
291 335
291 465
291 509
291 672
291 597
291 446
292 512
292 794
292 527
292 776
292 482
292 959
292 896
292 411
292 452
292 880
293 401
293 585
293 730
293 597
293 993
293 902
293 456
293 427
293 638
293 347
293 558
293 376
293 850
293 971
293 626
293 845
293 657
293 442
293 406
293 364
293 561
293 315
293 739
293 958
294 515
294 776
294 794
294 803
294 754
294 982
294 772
294 948
294 845
295 709
295 536
295 539
295 677
295 624
295 681
295 590
295 828
295 426
295 812
295 589
295 736
295 489
295 930
295 995
296 898
296 382
296 755
296 686
296 594
296 336
296 318
296 574
296 296
296 578
296 619
296 802
296 437
296 313
296 846
296 602
296 637
296 711
296 391
297 466
297 425
297 859
297 471
297 578
297 385
297 977
297 813
297 975
297 876
297 575
298 401
298 792
298 407
298 678
298 370
298 630
298 574
298 988
298 772
298 940
298 570
298 967
298 970
298 636
298 680
299 927
299 478
299 906
299 658
299 669
299 415
299 552
299 374
299 322
299 591
299 629
299 760
299 899
299 714
300 789
300 573
300 484
300 797
300 466
300 604
300 713
300 817
300 860
300 836
301 674
301 517
301 401
301 964
301 528
301 404
301 792
301 802
301 764
301 592
301 891
301 353
301 940
301 311
301 911
302 824
302 971
302 730
302 690
302 845
302 993
302 326
303 305
303 337
303 799
303 673
303 807
303 680
303 894
303 870
303 464
303 957
303 633
303 956
303 526
303 566
303 963
303 708
304 794
304 372
304 774
304 901
304 927
304 676
304 843
304 617
304 367
304 807
305 411
305 305
305 622
305 441
305 830
305 437
305 709
305 602
306 438
306 899
306 783
306 667
306 916
306 501
306 744
306 649
306 352
307 998
307 617
307 775
307 771
307 911
307 657
307 405
307 538
307 817
307 848
307 852
307 747
307 598
307 307
307 435
307 746
307 550
307 906
307 366
307 933
307 394
307 828
307 473
307 865
307 879
308 486
308 516
308 930
308 806
308 551
308 995
308 607
308 859
308 693
308 852
309 862
309 465
309 839
309 969
309 418
309 809
309 560
309 496
309 853
309 738
309 997
309 872
309 359
309 379
310 524
310 412
310 680
310 822
310 566
310 728
310 446
310 708
310 595
311 802
311 407
311 798
311 662
311 615
312 903
312 406
312 815
312 695
312 909
312 881
312 373
312 837
312 727
312 772
312 822
313 411
313 432
313 437
313 443
313 755
313 387
313 356
313 420
313 898
313 933
313 989
313 751
313 336
313 318
313 382
313 862
313 653
313 313
313 541
313 602
313 441
313 613
313 757
313 770
313 798
313 370
313 857
313 960
313 904
313 954
313 830
313 657
314 898
314 933
314 686
314 432
314 622
314 443
314 755
314 356
314 936
314 479
314 602
314 862
314 382
314 415
314 561
314 353
314 406
314 914
314 460
315 910
315 401
315 561
315 456
315 902
315 722
315 824
315 875
315 585
315 626
315 993
315 345
315 923
315 333
315 609
315 730
315 739
315 634
316 391
316 913
316 932
316 429
316 798
316 690
316 976
316 465
316 770
316 837
317 917
317 684
317 759
317 949
317 453
317 885
317 392
317 958
317 320
317 475
317 893
317 767
317 708
318 898
318 388
318 933
318 819
318 846
319 915
319 809
319 554
319 685
319 847
319 519
319 365
319 577
319 946
319 868
319 836
319 979
319 853
319 379
319 970
319 380
320 768
320 504
320 787
320 663
320 793
320 928
320 339
320 453
320 893
320 941
320 921
320 364
320 389
320 823
320 958
320 492
320 334
320 428
320 943
320 917
320 677
320 616
320 707
320 767
321 437
321 514
321 548
321 528
321 404
321 792
321 772
321 630
321 599
321 579
321 799
322 781
322 415
322 552
322 455
322 358
322 883
322 658
322 895
322 672
322 721
322 436
322 659
322 591
322 338
322 961
322 906
322 984
322 367
322 696
322 832
322 323
322 629
322 945
322 374
322 935
322 689
322 452
322 698
322 760
322 758
322 500
322 484
322 951
322 589
322 730
322 592
322 635
322 749
322 677
322 408
322 747
323 677
323 415
323 698
323 699
323 832
323 672
323 436
323 831
323 989
323 452
323 358
323 760
323 895
323 975
324 406
324 937
324 557
324 942
324 695
324 964
324 768
324 756
324 837
324 970
325 589
325 528
325 530
325 404
325 919
325 792
325 407
325 802
325 772
325 354
325 784
325 570
325 556
325 967
325 370
325 646
325 593
325 924
325 926
325 974
325 611
325 970
325 957
326 927
326 737
326 673
326 807
326 708
326 326
326 747
327 774
327 927
327 674
327 553
327 690
327 733
327 666
327 980
327 922
327 346
327 329
327 901
327 569
327 604
327 865
327 869
327 442
328 500
328 809
328 590
328 673
328 566
328 491
328 550
329 666
329 674
329 563
329 544
329 449
329 655
329 349
329 617
329 725
329 473
329 707
330 794
330 541
330 415
330 436
330 696
330 452
330 518
330 338
330 984
331 829
331 465
331 516
331 908
331 660
331 531
331 788
331 849
331 612
331 620
331 886
332 665
332 677
332 463
332 885
332 681
332 451
332 900
332 370
332 484
332 762
332 993
332 542
333 778
333 517
333 391
333 779
333 396
333 913
333 429
333 700
333 856
333 456
334 506
334 630
334 921
334 568
334 692
334 575
334 428
334 895
334 882
334 893
335 801
335 713
335 434
335 985
335 335
335 604
335 761
335 417
335 987
335 610
335 588
335 450
335 466
336 898
336 387
336 420
336 432
336 437
336 602
336 989
336 382
336 596
336 822
337 632
337 674
337 676
337 690
337 544
337 621
337 349
337 617
337 554
337 853
338 658
338 415
338 696
338 452
338 699
338 629
338 945
338 832
338 338
338 883
338 895
338 436
338 498
338 760
338 505
338 376
338 785
338 519
338 571
339 734
339 713
339 643
339 793
339 684
339 949
339 958
339 893
340 351
340 849
340 641
340 903
340 406
340 942
340 964
340 811
340 445
340 853
340 901
340 990
340 727
340 504
341 794
341 543
341 700
341 377
341 487
341 516
341 524
341 782
341 397
341 352
341 886
341 688
342 889
342 649
342 571
342 466
342 826
342 541
342 896
343 545
343 586
343 575
343 896
343 914
343 866
343 931
343 493
343 350
343 990
343 888
344 777
344 539
344 795
344 677
344 589
344 601
344 480
344 489
344 624
345 889
345 401
345 820
345 722
345 933
345 993
345 739
345 397
345 995
346 927
346 674
346 550
346 569
346 716
346 349
346 953
346 456
346 929
346 477
346 573
347 602
347 777
347 427
347 561
347 824
347 730
347 610
347 627
347 558
347 634
347 383
347 993
347 402
348 666
348 478
348 414
348 809
348 580
348 979
348 879
348 660
348 864
348 379
349 960
349 544
349 674
349 550
349 690
349 882
349 599
349 349
349 711
349 733
349 912
349 563
349 763
349 806
349 703
349 432
349 605
349 496
349 416
349 511
350 927
350 676
350 716
350 912
350 733
350 829
350 882
350 774
350 351
350 563
350 614
350 684
350 542
350 617
350 561
351 774
351 927
351 550
351 676
351 881
351 368
351 780
352 516
352 908
352 660
352 531
352 542
352 843
352 849
352 756
352 386
352 524
352 397
352 871
352 863
352 612
352 679
352 594
352 537
352 949
353 562
353 858
353 386
353 516
353 524
353 908
353 399
353 542
353 374
353 620
353 886
353 490
354 826
354 528
354 404
354 792
354 407
354 678
354 772
354 836
354 764
354 582
355 897
355 523
355 697
355 481
356 411
356 420
356 437
356 443
356 709
356 720
356 643
357 386
357 516
357 522
357 660
357 534
357 849
357 497
357 962
357 612
357 908
357 651
357 782
357 508
357 408
357 385
357 679
357 546
357 620
358 736
358 465
358 781
358 658
358 935
358 552
358 436
358 452
358 984
358 498
358 760
358 699
358 374
358 367
358 906
358 723
358 434
358 905
358 673
359 432
359 443
359 398
359 577
359 459
359 675
359 853
359 685
359 947
359 965
359 464
359 502
359 379
359 404
359 568
359 475
359 888
360 419
360 939
360 834
360 995
360 838
360 471
360 717
360 950
360 551
360 363
360 743
360 883
360 435
360 566
361 819
361 896
361 920
361 714
361 973
361 390
361 603
361 890
361 437
362 672
362 756
362 911
362 817
362 955
362 473
362 614
362 368
363 773
363 806
363 551
363 995
363 558
363 566
364 520
364 985
364 389
364 917
364 663
364 921
364 928
364 893
365 677
365 520
365 809
365 946
365 853
365 554
365 430
365 379
365 801
365 508
365 566
366 520
366 765
366 726
366 877
366 478
366 383
366 768
366 775
366 887
366 954
366 965
366 734
366 470
366 394
366 904
366 842
366 981
366 999
366 665
366 453
366 449
366 885
366 880
366 430
366 806
366 969
367 862
367 988
367 906
367 781
367 415
367 935
367 442
367 552
367 696
367 498
367 374
367 591
367 698
367 984
367 945
367 436
367 895
367 669
367 659
367 869
367 923
367 429
367 629
367 616
367 600
367 714
368 405
368 473
368 615
368 746
368 879
368 538
368 598
368 654
368 457
368 657
368 905
368 852
368 468
368 712
368 636
368 817
368 747
368 962
368 750
368 670
368 600
368 807
369 515
369 470
369 384
369 571
369 466
369 540
369 705
369 581
369 684
370 528
370 784
370 404
370 792
370 970
371 674
371 371
371 607
371 975
371 830
371 550
371 634
371 504
371 389
371 680
372 515
372 533
372 794
372 619
372 395
372 938
372 614
373 403
373 413
373 414
373 675
373 809
373 580
373 853
373 773
374 857
374 658
374 659
374 415
374 436
374 442
374 699
374 500
374 760
374 439
374 596
375 539
375 850
375 577
375 649
375 540
375 801
375 936
375 501
375 634
376 774
376 401
376 561
376 456
376 845
376 730
376 916
376 604
377 742
377 455
377 899
377 650
377 770
377 766
377 655
377 416
377 969
377 858
377 982
377 808
377 593
377 506
377 623
378 643
378 787
378 949
378 575
378 475
379 532
379 391
379 768
379 418
379 809
379 853
379 477
379 487
379 454
379 448
379 946
379 873
379 414
379 872
379 997
379 864
379 519
379 835
379 675
379 413
379 738
379 379
379 580
379 616
379 424
379 795
379 806
379 715
379 511
379 640
379 974
380 589
380 643
380 787
380 917
380 575
380 840
380 699
380 893
380 841
381 441
381 720
381 765
381 646
381 528
381 404
381 772
381 630
381 593
381 395
381 477
382 898
382 388
382 653
382 411
382 686
382 432
382 819
382 443
382 846
382 602
382 637
382 755
382 709
382 613
382 437
382 574
382 420
382 926
382 978
382 762
382 877
382 575
382 463
382 473
382 917
383 972
383 520
383 645
383 925
383 965
383 472
383 842
383 992
383 775
383 887
383 726
383 427
383 921
383 954
383 742
383 486
383 892
383 542
384 520
384 750
384 410
384 449
384 573
384 814
384 789
384 462
384 484
384 417
384 628
384 911
384 451
384 540
384 571
384 985
384 634
385 699
385 993
385 820
385 558
385 427
385 626
385 530
385 957
385 561
385 456
385 722
385 571
386 897
386 561
386 542
386 399
386 863
386 508
386 631
386 756
386 796
386 408
386 871
386 524
386 964
386 811
386 780
386 526
386 516
386 908
386 522
386 397
386 534
386 788
387 387
387 411
387 933
387 432
387 846
387 602
387 695
388 653
388 819
388 755
388 720
388 730
388 411
388 541
388 686
388 437
388 602
388 780
388 469
388 608
389 594
389 667
389 806
389 643
389 707
389 492
389 844
389 389
389 748
389 767
389 793
389 823
389 787
389 663
389 958
389 579
390 451
390 620
390 640
390 890
390 869
390 931
390 896
390 506
390 668
390 827
390 714
390 991
390 608
390 888
391 737
391 517
391 429
391 972
391 779
391 652
391 447
391 392
391 661
391 525
391 867
391 913
391 976
391 391
391 785
391 465
391 856
391 740
391 559
391 851
391 694
391 988
391 396
391 480
391 411
391 802
391 439
391 700
392 517
392 694
392 559
392 867
392 675
392 913
392 567
392 700
392 856
392 647
392 853
392 693
392 657
393 440
393 729
393 548
393 562
393 889
393 393
393 697
393 769
393 868
393 937
393 517
393 770
393 833
393 481
394 904
394 505
394 503
394 954
394 470
394 734
394 992
394 783
394 611
395 512
395 515
395 776
395 527
395 794
395 514
395 506
395 699
395 813
395 708
396 517
396 856
396 661
396 534
396 932
396 559
396 700
396 976
396 414
396 837
396 670
397 482
397 986
397 908
397 886
397 620
397 399
397 788
397 497
397 542
397 782
397 651
397 755
397 784
397 641
397 879
398 659
398 650
398 770
398 766
398 655
398 667
398 416
398 929
398 463
398 858
398 510
399 742
399 516
399 524
399 651
399 849
399 660
399 542
399 620
399 886
400 452
400 903
400 648
400 504
400 727
400 924
400 695
400 656
400 909
400 964
400 641
400 547
400 445
400 966
400 549
400 531
400 886
400 433
400 542
400 430
400 662
400 406
400 880
401 429
401 427
401 728
401 401
401 730
401 953
401 561
401 993
401 723
401 971
401 638
401 850
401 820
401 626
401 585
401 722
401 597
401 875
401 845
401 857
401 550
401 860
401 794
401 899
401 558
401 456
401 491
402 853
402 530
402 593
402 640
402 485
402 890
402 460
402 866
402 997
402 417
402 931
402 827
402 841
402 977
402 888
403 650
403 916
403 416
403 667
403 839
403 982
403 491
403 892
403 546
403 703
403 575
403 522
403 929
403 714
404 665
404 769
404 929
404 528
404 592
404 593
404 646
404 791
404 530
404 836
404 556
404 919
404 764
404 404
404 678
404 970
404 670
404 434
404 405
404 721
404 653
404 685
404 634
404 931
404 792
404 772
404 940
404 570
404 930
404 787
405 903
405 747
405 847
405 977
405 453
405 817
405 828
405 614
406 571
406 903
406 648
406 804
406 549
406 964
406 547
406 880
406 450
406 924
406 687
406 641
406 584
406 557
406 727
406 966
406 600
406 815
406 837
406 909
406 811
406 656
406 573
406 530
406 941
406 988
406 942
406 695
407 846
407 528
407 784
407 919
407 792
407 772
407 940
407 749
407 556
407 822
407 596
407 802
407 970
407 592
408 929
408 516
408 908
408 651
408 812
408 620
408 670
409 411
409 432
409 989
409 622
409 862
409 709
409 691
409 922
409 632
409 437
409 602
409 617
410 650
410 899
410 821
410 956
410 982
410 703
410 773
410 667
410 416
410 929
410 969
410 858
410 510
411 898
411 653
411 541
411 709
411 637
411 437
411 420
411 696
411 681
411 648
411 733
411 933
411 432
411 483
412 825
412 464
412 499
412 799
412 957
412 624
412 672
412 440
412 680
412 595
413 835
413 448
413 936
413 958
413 675
413 809
413 947
413 577
413 738
413 872
414 650
414 502
414 738
414 997
414 418
414 519
414 414
414 979
414 946
414 606
414 481
414 477
414 616
414 466
414 630
414 587
415 658
415 552
415 935
415 672
415 760
415 415
415 669
415 810
415 945
415 452
415 696
415 659
415 699
415 498
415 455
415 698
415 883
415 758
415 906
415 961
415 984
415 970
415 948
415 489
415 888
415 912
415 568
415 859
415 436
416 913
416 770
416 969
416 884
416 664
416 724
416 808
416 655
416 501
416 416
416 821
416 982
416 766
416 918
416 899
416 956
416 682
416 537
416 650
416 783
416 779
416 452
416 602
416 686
416 609
416 841
416 929
416 510
416 620
416 787
417 797
417 586
417 737
417 848
417 801
417 936
417 571
417 611
418 432
418 477
418 502
418 519
418 853
418 616
418 970
418 746
418 428
418 809
418 947
418 580
418 466
419 529
419 701
419 581
419 490
419 806
419 773
419 454
419 721
419 519
419 551
419 838
419 859
420 541
420 933
420 653
420 751
420 557
420 686
420 432
420 819
420 437
420 441
420 602
420 613
420 976
420 783
420 772
421 512
421 776
421 778
421 532
421 625
421 938
421 988
421 993
421 792
421 538
422 801
422 434
422 469
422 449
422 462
422 868
422 571
422 466
422 985
423 489
423 818
423 825
423 529
423 806
423 551
423 455
423 834
423 757
423 485
424 690
424 730
424 650
424 873
424 616
424 551
424 809
424 946
424 577
424 459
424 853
424 477
424 614
425 786
425 930
425 806
425 551
425 712
425 542
425 813
425 717
425 995
425 490
426 900
426 777
426 790
426 536
426 677
426 588
426 589
426 463
426 601
426 489
426 762
426 714
427 728
427 427
427 786
427 953
427 456
427 722
427 730
428 601
428 895
428 662
428 764
428 787
428 663
428 958
428 579
428 893
428 767
429 517
429 913
429 851
429 923
429 458
429 785
429 816
429 856
429 972
429 567
429 831
429 877
429 472
429 700
429 988
429 872
430 515
430 625
430 632
430 532
430 517
431 671
431 534
431 431
431 958
431 684
431 913
431 449
431 552
431 767
432 898
432 653
432 755
432 602
432 622
432 819
432 574
432 437
432 613
432 933
432 709
432 637
432 862
432 541
432 686
432 594
432 989
432 846
432 691
432 457
432 905
432 673
432 463
432 951
432 631
433 926
433 833
433 573
433 801
433 797
433 705
433 778
433 434
433 693
433 826
433 571
433 466
433 985
433 628
434 685
434 801
434 623
434 713
434 573
434 628
434 634
434 893
435 443
435 567
435 880
435 911
435 538
435 848
435 879
435 615
435 636
435 747
435 560
435 457
435 572
435 718
436 658
436 552
436 689
436 699
436 436
436 810
436 629
436 984
436 906
436 669
436 832
436 455
436 498
436 659
436 760
436 758
436 478
436 762
436 947
436 442
436 500
436 858
437 898
437 686
437 622
437 933
437 846
437 594
437 637
437 691
437 574
437 491
437 440
437 545
437 709
437 602
437 475
437 931
437 595
438 790
438 539
438 677
438 795
438 762
438 489
438 589
438 743
438 885
438 651
438 596
439 528
439 530
439 678
439 772
439 919
439 836
440 948
440 637
440 923
440 897
440 647
440 548
440 987
440 806
440 444
441 898
441 653
441 691
441 574
441 819
441 862
441 760
441 979
441 958
442 507
442 658
442 935
442 689
442 696
442 721
442 883
442 832
442 895
442 647
442 745
442 959
442 500
442 792
442 772
442 869
443 512
443 541
443 933
443 819
443 637
443 574
443 602
443 773
443 709
443 484
444 648
444 792
444 643
444 921
444 928
444 684
444 568
444 990
444 958
444 579
444 583
444 475
444 893
444 767
445 467
445 524
445 648
445 937
445 695
445 656
445 549
445 621
445 964
445 837
445 727
445 719
446 906
446 673
446 822
446 874
446 688
446 894
446 706
446 675
446 708
447 989
447 559
447 567
447 700
447 867
447 709
447 981
448 889
448 809
448 554
448 947
448 454
448 606
448 873
448 818
448 580
448 853
448 746
449 647
449 649
449 540
449 801
449 693
449 466
449 985
450 569
450 521
450 942
450 695
450 616
450 964
450 837
450 727
451 790
451 677
451 743
451 736
451 489
451 624
451 589
451 812
451 665
451 753
451 639
451 986
451 539
451 618
451 699
451 452
451 480
451 762
451 832
451 792
452 842
452 552
452 669
452 689
452 452
452 591
452 698
452 659
452 758
452 658
452 984
452 721
452 699
452 500
452 832
452 760
452 945
452 672
452 921
452 835
452 489
452 629
452 772
453 508
453 663
453 684
453 949
453 958
453 575
453 893
453 460
454 479
454 602
454 675
454 809
454 946
454 577
455 559
455 696
455 455
455 760
455 895
455 621
456 820
456 875
456 910
456 597
456 585
456 725
456 850
456 730
456 933
456 722
456 638
456 628
456 920
457 649
457 911
457 657
457 473
457 865
457 615
458 652
458 913
458 525
458 465
458 868
458 521
458 856
458 988
459 809
459 580
459 616
459 477
459 668
459 759
459 872
459 502
460 967
460 896
460 827
460 841
460 771
460 990
460 608
461 941
461 896
461 841
461 714
461 603
461 596
461 645
461 977
461 990
461 608
462 697
462 649
462 801
462 571
462 713
462 985
462 634
462 977
463 777
463 539
463 589
463 536
463 960
463 762
463 601
463 509
463 489
463 624
463 665
463 885
463 795
463 743
463 923
463 992
463 859
463 481
463 949
464 807
464 680
464 708
464 874
465 816
465 700
465 923
465 988
465 758
465 620
465 967
466 619
466 686
466 824
466 936
466 693
466 861
466 540
466 649
466 571
466 705
466 611
466 814
466 466
466 924
467 780
467 548
467 562
467 825
467 889
467 635
467 505
467 671
467 897
467 609
467 467
467 817
467 555
467 826
467 481
467 486
468 563
468 905
468 817
468 828
468 529
468 598
468 983
468 473
468 747
468 879
468 991
469 526
469 936
469 571
469 573
469 557
470 960
470 877
470 954
470 520
470 981
470 925
470 842
470 965
470 734
470 887
470 999
470 742
470 768
470 750
470 726
470 514
470 470
470 786
470 765
470 472
470 926
470 733
470 931
470 558
470 562
470 853
470 717
470 833
470 826
471 806
471 513
471 805
471 975
471 890
471 689
471 995
472 617
472 775
472 786
472 904
472 871
472 996
473 952
473 886
473 771
473 911
473 657
473 955
473 828
473 746
473 636
473 572
473 473
473 712
473 747
473 983
473 644
473 615
473 564
473 890
473 596
473 851
473 906
473 865
474 567
474 856
474 740
474 652
474 661
474 474
474 481
474 524
475 933
475 970
475 787
475 917
475 793
475 823
475 958
475 943
475 840
475 748
475 475
475 893
475 583
475 478
475 590
475 759
476 611
476 565
476 822
476 708
477 809
477 487
477 947
477 946
477 835
477 577
477 519
477 997
477 854
478 645
478 954
478 965
478 742
479 776
479 915
479 934
479 948
479 794
479 878
479 506
479 512
479 625
479 944
479 986
479 989
479 731
479 898
479 673
480 602
480 900
480 790
480 539
480 762
480 624
480 589
480 677
480 812
480 986
480 795
480 618
480 601
480 543
480 777
480 753
480 959
480 793
480 933
480 882
480 522
480 977
480 743
480 489
480 885
480 639
480 548
480 962
480 745
481 915
481 897
481 548
481 825
481 635
481 752
481 889
481 769
481 729
481 523
481 818
481 833
481 854
481 780
481 609
481 647
481 486
481 598
481 789
481 709
481 911
481 673
482 803
482 732
482 593
483 948
483 992
483 780
483 548
483 825
483 523
483 763
483 741
483 635
483 609
483 889
483 484
483 608
483 502
483 745
483 644
484 545
484 666
484 766
484 789
484 540
484 801
484 936
484 571
484 903
485 896
485 714
485 977
485 495
485 831
485 608
485 931
485 991
485 841
485 525
485 883
485 493
485 888
486 762
486 913
486 562
486 833
486 505
486 671
486 486
487 809
487 554
487 685
487 979
487 997
487 577
488 790
488 513
488 529
488 551
488 975
488 995
488 829
489 898
489 790
489 536
489 795
489 681
489 812
489 543
489 677
489 589
489 900
489 736
489 743
489 885
489 509
489 539
489 639
489 601
489 777
489 618
489 665
489 574
489 629
489 717
489 644
489 566
489 762
489 534
490 846
490 843
490 813
490 859
490 773
490 607
490 928
491 650
491 770
491 783
491 667
491 929
491 969
491 501
491 858
491 537
491 892
491 608
491 958
491 807
492 766
492 643
492 707
492 893
492 896
493 970
493 759
493 991
493 735
493 515
493 670
494 652
494 991
494 807
494 822
494 566
495 919
495 813
495 896
495 640
495 977
496 677
496 601
496 624
496 774
496 922
496 676
496 550
496 563
496 829
496 881
496 634
496 762
496 810
497 743
497 516
497 524
497 908
497 782
497 534
497 788
497 612
497 620
497 854
498 658
498 672
498 696
498 500
498 760
498 727
498 991
499 515
499 965
499 590
499 673
499 807
499 555
499 688
499 566
500 541
500 659
500 760
500 906
500 961
500 935
500 552
500 758
500 785
500 791
501 650
501 783
501 918
501 667
501 929
501 982
501 537
501 691
501 965
501 934
501 510
502 809
502 947
502 979
502 853
502 868
502 807
502 878
502 666
502 722
502 974
503 946
503 577
503 835
503 580
503 853
503 766
504 552
504 903
504 695
504 964
504 837
504 600
504 848
504 565
504 664
505 906
505 629
505 897
505 769
505 548
505 562
505 818
505 889
506 512
506 515
506 794
506 545
506 632
506 754
506 895
507 517
507 786
507 954
507 742
507 519
507 649
507 955
507 598
508 629
508 516
508 908
508 788
508 620
509 536
509 677
509 589
509 762
509 513
510 731
510 824
510 770
510 766
510 783
510 969
510 916
510 537
510 650
510 667
510 703
510 966
510 765
510 696
510 730
510 554
510 788
510 836
511 686
511 896
511 841
511 888
511 671
512 944
512 533
512 515
512 794
512 632
512 545
512 625
512 778
512 619
512 776
512 715
512 754
512 934
512 732
512 978
512 599
512 966
512 999
512 713
512 706
512 589
512 520
512 791
512 968
513 527
513 826
513 571
513 607
513 830
513 933
513 930
513 551
513 813
513 939
513 588
514 768
514 992
514 726
514 520
514 786
514 954
514 734
514 742
514 945
514 600
515 744
515 778
515 533
515 776
515 938
515 619
515 539
515 843
515 794
515 998
515 690
516 517
516 524
516 522
516 962
516 660
516 886
516 843
516 855
516 756
516 863
516 745
516 800
516 908
516 534
516 651
516 646
516 991
516 920
516 618
516 788
516 612
516 620
517 740
517 988
517 976
517 972
517 525
517 559
517 661
517 567
517 700
517 932
517 656
517 652
517 785
517 872
518 533
518 896
518 931
518 587
518 668
518 914
518 972
518 907
518 920
518 827
518 714
518 888
519 597
519 766
519 864
519 873
519 910
519 944
519 809
519 554
519 580
519 708
520 992
520 954
520 981
520 645
520 786
520 742
520 734
520 904
520 775
520 750
520 925
520 887
520 765
520 842
520 520
520 726
520 977
520 658
521 589
521 641
521 903
521 648
521 924
521 815
521 937
521 909
521 768
521 982
521 695
521 964
521 837
522 524
522 612
522 918
522 531
522 788
522 620
523 676
523 562
523 818
523 635
523 780
523 784
523 548
523 952
523 697
523 825
523 833
523 638
524 927
524 962
524 863
524 531
524 745
524 839
524 849
524 612
524 620
525 661
525 559
525 785
525 700
525 620
525 606
525 856
525 988
526 945
526 649
526 634
526 936
526 797
526 985
526 693
526 623
526 801
526 861
526 961
526 774
526 789
526 571
526 586
527 776
527 527
527 619
527 533
527 948
527 727
528 772
528 967
528 749
528 792
528 784
528 970
528 764
528 836
528 592
528 919
528 710
528 996
528 570
528 593
528 528
528 571
528 867
528 851
528 669
528 724
528 852
528 802
528 940
529 940
529 607
529 930
529 701
529 621
529 939
529 529
529 844
529 576
529 975
529 579
529 860
530 798
530 556
530 749
530 710
530 582
530 792
530 802
530 772
531 908
531 534
531 788
531 849
531 620
531 837
531 643
532 625
532 778
532 915
532 754
532 744
532 948
532 938
532 794
532 803
532 998
532 561
532 947
533 861
533 794
533 803
533 619
533 846
534 689
534 908
534 651
534 660
534 871
534 788
534 705
535 569
535 980
535 901
535 944
535 909
535 674
535 550
535 690
535 617
535 615
536 539
536 773
536 677
536 589
536 736
536 885
536 762
536 690
536 629
536 811
536 828
537 754
537 650
537 770
537 929
537 667
537 703
537 976
537 801
537 579
538 925
538 644
538 657
538 955
538 746
538 905
538 817
538 747
538 852
538 712
538 758
538 975
538 695
538 718
538 865
538 615
538 879
539 665
539 639
539 589
539 795
539 543
539 986
539 736
539 642
539 961
539 700
539 722
539 640
539 990
540 738
540 540
540 814
540 571
540 623
540 861
540 761
540 713
540 970
540 632
540 844
540 801
540 611
540 796
541 898
541 819
541 594
541 691
541 657
541 686
541 602
541 862
541 859
542 908
542 788
542 612
542 660
542 843
542 620
542 914
543 777
543 790
543 795
543 639
543 743
543 786
543 677
543 624
543 885
543 762
543 617
544 774
544 733
544 569
544 553
544 556
544 666
544 674
544 711
544 617
544 789
545 794
545 778
545 998
545 683
546 929
546 703
546 682
546 781
546 800
546 570
547 641
547 648
547 846
547 695
547 964
547 600
547 880
548 700
548 897
548 769
548 731
548 647
548 833
548 635
548 704
548 752
548 763
548 780
548 548
548 741
548 825
548 958
548 641
548 990
548 687
548 818
548 889
549 686
549 589
549 669
549 783
549 903
549 648
549 909
549 656
549 557
549 924
549 554
549 856
549 964
549 727
549 787
550 674
550 676
550 774
550 690
550 901
550 733
550 980
550 599
550 563
550 754
550 707
550 553
550 569
550 617
550 807
551 814
551 930
551 806
551 701
551 773
551 838
551 578
551 717
551 859
551 702
551 607
551 588
551 581
551 576
551 683
551 805
551 664
551 649
551 975
551 995
551 991
552 935
552 689
552 810
552 672
552 659
552 741
552 654
552 557
552 564
553 774
553 674
553 829
553 922
553 603
553 570
553 605
553 617
553 965
553 746
554 809
554 577
554 616
554 580
554 847
554 864
554 885
554 853
555 673
555 807
555 633
555 708
555 963
555 848
555 974
556 730
556 792
556 772
556 970
557 637
557 694
557 877
557 811
557 718
557 942
557 695
557 964
557 848
558 910
558 997
558 855
558 993
559 785
559 913
559 700
559 694
559 737
559 988
559 851
559 559
559 995
559 573
559 856
559 956
559 745
560 897
560 771
560 644
560 911
560 657
560 828
561 927
561 910
561 597
561 627
561 820
561 722
561 875
561 626
561 561
561 730
561 845
561 739
561 610
561 591
561 687
561 723
561 725
562 780
562 647
562 671
562 635
562 952
562 741
562 889
562 769
562 704
562 565
562 990
562 829
562 695
562 833
562 660
562 962
563 774
563 927
563 674
563 690
563 829
563 980
563 912
563 740
563 910
564 639
564 644
564 654
564 911
564 657
564 598
564 865
564 879
565 673
565 894
565 566
565 601
565 791
565 841
565 822
566 985
566 799
566 673
566 822
566 688
566 566
566 633
566 870
566 974
567 624
567 779
567 913
567 567
567 816
567 972
567 785
567 700
567 694
567 940
567 856
567 675
568 897
568 787
568 921
568 692
568 759
569 922
569 569
569 769
569 970
570 768
570 792
570 802
570 678
570 919
570 765
570 836
570 977
571 649
571 826
571 801
571 571
571 713
571 623
571 634
571 797
571 604
571 814
571 628
571 611
571 586
571 705
571 698
571 985
572 856
572 646
572 828
572 983
572 572
572 603
572 897
572 590
572 747
572 879
572 708
573 801
573 985
573 761
573 844
574 998
574 898
574 653
574 709
574 846
574 720
574 657
575 959
575 684
575 943
575 917
575 921
575 844
575 840
575 643
575 707
575 994
575 893
576 813
576 975
576 995
576 581
576 806
576 588
576 773
576 797
576 760
577 809
577 864
577 835
577 997
577 738
577 847
577 675
577 979
578 900
578 742
578 864
578 930
578 806
578 838
578 859
578 995
579 918
579 643
579 707
579 943
579 958
579 579
579 840
579 748
579 941
579 692
579 893
579 663
579 823
579 767
580 602
580 872
580 617
580 591
580 643
580 853
580 695
581 806
581 717
582 722
582 583
582 931
582 973
582 587
582 735
582 866
582 977
582 719
582 860
582 796
582 841
582 888
583 734
583 643
583 787
583 917
583 663
583 793
583 949
583 823
583 941
583 759
583 978
583 893
584 733
584 641
584 903
584 695
584 964
584 819
584 837
585 923
585 728
585 730
585 993
585 739
586 913
586 801
586 861
586 705
586 814
586 900
586 930
587 896
587 914
587 931
587 827
587 990
587 676
587 977
587 991
588 992
588 696
588 813
588 950
588 876
588 968
588 638
589 795
589 677
589 601
589 959
589 960
589 618
589 812
589 790
589 681
589 900
589 986
589 736
589 777
589 639
589 589
589 995
589 782
589 762
589 674
589 940
590 654
590 644
590 852
590 848
590 865
590 615
590 747
591 677
591 659
591 699
591 832
591 765
591 760
591 865
592 625
592 812
592 774
592 792
592 940
592 970
592 784
592 593
592 702
593 910
593 792
593 836
594 819
594 720
594 994
594 782
595 799
595 673
595 807
595 680
595 822
595 827
596 605
596 809
596 896
596 827
596 977
596 608
596 888
597 845
597 708
597 728
597 730
597 993
597 918
598 617
598 895
598 771
598 828
598 911
598 598
598 614
598 926
598 865
598 747
598 879
599 774
599 927
599 674
599 690
599 617
599 760
599 675
599 713
600 641
600 942
600 695
600 964
601 900
601 677
601 959
601 777
601 736
601 624
601 674
601 779
601 730
602 898
602 686
602 846
602 720
602 819
602 637
602 862
602 691
602 989
602 653
602 619
602 746
602 674
602 650
603 909
603 804
603 714
603 977
603 608
604 789
604 801
604 679
604 634
604 802
605 774
605 901
605 674
605 980
605 857
605 617
605 944
605 956
605 964
605 939
606 993
606 809
606 947
606 853
607 682
607 837
607 773
607 805
607 813
607 701
607 834
607 975
607 995
608 893
608 896
608 719
608 977
608 608
608 920
608 907
608 668
608 888
608 914
608 917
608 870
608 969
609 897
609 780
609 671
609 825
609 854
609 781
610 902
610 845
610 728
610 890
610 708
611 936
611 693
611 649
611 951
611 963
612 660
612 962
612 849
612 620
612 855
612 893
612 733
612 910
613 898
613 751
613 933
613 683
613 637
613 815
614 916
614 713
614 905
614 911
614 657
614 828
614 848
614 615
614 654
614 644
614 865
614 983
614 712
614 933
614 949
614 879
615 771
615 657
615 817
615 983
615 828
615 852
615 730
615 648
616 790
616 734
616 929
616 809
616 853
616 864
616 868
616 726
616 764
616 656
616 888
616 673
617 774
617 676
617 690
617 927
617 857
617 711
617 716
617 922
617 617
617 912
617 733
617 891
617 847
617 846
617 634
617 932
618 777
618 790
618 665
618 795
618 677
618 638
618 762
618 667
619 778
619 878
619 948
619 863
619 805
619 922
619 927
619 750
619 853
620 908
620 660
620 843
620 962
620 651
620 849
620 756
620 796
620 886
620 788
620 620
620 745
620 683
620 828
620 659
621 773
621 930
621 806
621 838
621 701
621 704
621 784
621 757
622 898
622 846
622 720
622 862
622 865
623 850
623 801
623 936
623 985
623 716
623 825
623 788
623 937
624 677
624 959
624 812
624 743
624 753
624 777
624 930
624 904
624 650
624 767
625 715
625 752
625 882
625 939
626 774
626 824
626 845
626 722
626 739
626 972
627 700
627 722
627 993
628 797
628 801
628 693
628 719
628 843
629 760
629 659
629 961
629 954
630 772
630 940
630 970
630 784
630 911
630 787
631 863
631 782
631 994
632 803
632 778
632 944
632 744
632 948
632 950
632 951
632 915
632 964
633 716
633 799
633 807
633 822
634 892
634 797
634 693
634 706
635 897
635 671
635 818
635 729
635 739
635 695
635 888
636 771
636 644
636 911
636 983
636 865
636 879
637 686
637 819
637 846
637 720
637 637
637 715
637 979
637 739
637 648
637 920
638 730
638 993
638 820
638 850
639 677
639 681
639 959
639 908
640 776
640 858
640 896
640 668
640 831
640 656
640 921
640 977
641 898
641 811
641 815
641 880
641 903
641 648
641 759
641 642
641 656
641 695
641 964
641 837
641 727
642 957
642 743
642 673
642 807
642 680
642 708
642 974
643 893
643 707
643 896
643 663
643 941
643 943
643 831
644 905
644 911
644 865
644 747
644 657
644 786
644 708
644 955
645 887
645 726
645 904
645 742
645 921
646 940
646 710
646 996
646 791
646 764
646 662
646 784
646 802
646 678
646 836
647 897
647 769
647 729
647 895
647 825
647 833
647 854
647 784
648 662
648 937
648 648
648 804
648 966
648 942
648 964
648 924
648 880
648 679
648 782
648 798
649 774
649 742
649 801
649 826
649 936
649 790
650 850
650 916
650 770
650 703
650 982
650 766
650 667
650 884
650 899
650 724
650 839
650 929
650 664
650 969
650 783
650 650
650 808
650 892
650 671
650 691
650 779
650 655
650 858
651 908
651 782
651 871
652 867
652 851
652 913
652 700
652 856
652 817
653 755
653 898
653 686
653 729
654 905
654 852
654 746
654 911
654 657
655 899
655 918
655 682
655 808
655 662
655 856
655 849
655 783
655 664
655 929
655 969
655 858
655 896
656 903
656 687
656 710
656 964
657 712
657 848
657 828
657 905
657 771
657 747
657 980
657 965
657 879
658 794
658 984
658 699
658 781
658 935
658 961
658 669
658 865
658 792
658 931
658 661
658 985
658 672
658 760
658 678
658 773
658 707
659 721
659 984
659 838
659 810
659 696
659 902
659 667
659 801
659 896
659 831
660 908
660 800
660 962
660 660
660 782
660 759
660 789
660 725
660 849
660 874
661 763
661 700
661 976
662 929
662 809
662 964
663 836
663 787
663 949
663 958
663 748
663 767
663 917
663 994
663 769
663 737
663 963
663 707
663 893
664 770
664 918
664 783
664 664
664 667
664 929
664 969
664 809
665 943
665 795
665 762
665 937
666 922
666 927
666 666
666 711
666 881
666 857
666 674
666 690
666 770
666 695
667 916
667 956
667 858
667 839
667 899
667 884
667 770
667 929
667 808
667 766
667 703
667 968
667 997
667 794
667 969
668 896
668 882
668 931
668 827
668 991
669 906
669 781
669 810
669 832
670 969
670 792
670 772
670 940
670 970
670 764
671 897
671 769
671 889
671 671
671 704
671 780
671 952
671 833
671 763
671 825
671 854
671 673
672 674
672 895
672 721
672 672
672 961
672 781
672 792
673 686
673 725
673 680
673 807
673 688
673 706
673 874
673 968
673 673
673 822
673 963
673 870
673 734
673 933
673 929
673 974
674 829
674 927
674 711
674 733
674 980
674 881
674 676
674 716
674 901
674 857
674 882
674 690
674 796
675 786
675 951
675 675
675 853
676 927
676 881
676 912
676 774
676 922
676 980
676 882
676 711
676 740
676 961
676 690
677 753
677 986
677 900
677 795
677 777
677 959
677 885
677 681
677 677
677 949
677 955
677 762
678 762
678 908
678 919
678 802
678 791
678 970
678 798
678 940
678 764
678 995
679 785
679 775
679 903
679 837
679 716
679 712
679 695
679 727
680 820
680 788
680 706
680 870
680 708
680 974
680 900
680 971
680 945
681 900
681 790
681 812
681 945
681 736
681 743
681 885
681 762
682 899
682 929
682 724
682 969
682 858
683 856
683 766
683 806
683 729
684 777
684 783
684 801
684 787
684 748
684 692
684 719
684 759
684 893
684 767
685 809
685 947
685 979
685 853
686 720
686 691
686 751
686 949
687 937
687 811
687 942
687 695
687 727
688 799
688 822
688 708
689 698
689 984
689 914
689 760
689 772
689 823
690 732
690 927
690 912
690 711
690 774
690 922
690 881
690 980
690 857
690 773
691 819
691 708
691 862
691 936
692 836
692 787
692 793
692 928
692 917
692 757
692 823
692 958
692 893
693 789
693 801
693 693
693 761
693 713
693 936
693 705
693 985
693 974
693 860
693 826
694 932
694 700
694 856
695 741
695 903
695 937
695 811
695 880
695 815
695 727
695 695
695 964
695 966
695 924
695 991
695 884
695 915
696 900
696 698
696 961
696 883
696 935
696 708
696 964
696 745
696 760
697 897
697 952
697 818
697 731
697 729
697 704
697 833
697 993
698 945
698 731
699 954
699 832
699 738
699 820
700 913
700 816
700 740
700 779
700 851
700 810
700 905
700 874
701 805
701 950
701 757
701 813
701 806
701 719
701 886
701 995
701 876
702 930
702 806
702 950
702 702
702 880
702 838
702 975
702 746
703 770
703 929
704 737
704 780
704 825
704 845
705 743
705 801
705 930
706 730
706 807
707 901
707 893
707 896
708 921
708 807
708 963
708 822
708 708
708 894
708 898
708 764
708 974
709 898
709 933
709 819
709 837
709 846
709 862
709 747
710 858
710 792
710 772
710 970
710 806
710 911
711 901
711 927
711 829
711 711
711 797
711 948
711 867
712 817
712 865
712 879
713 733
713 913
713 801
713 826
713 814
713 936
713 793
714 805
714 896
714 931
714 914
714 714
714 735
714 890
714 827
714 888
714 841
714 719
714 752
714 878
714 977
715 998
716 733
716 857
716 922
716 764
717 930
717 813
717 821
717 975
717 995
718 911
718 955
718 828
718 964
719 914
719 990
719 991
719 888
720 898
720 853
721 906
721 935
721 975
722 762
722 902
722 993
722 971
722 722
722 850
722 725
722 875
722 728
722 910
722 739
722 834
722 947
722 809
722 903
722 943
723 803
723 813
723 730
724 897
724 899
724 766
724 783
724 908
724 930
724 828
724 893
724 827
725 818
725 902
725 910
725 820
725 824
725 845
725 725
725 730
725 797
726 775
726 786
726 904
726 954
726 992
726 815
726 911
727 903
727 964
727 837
727 909
727 880
727 806
728 825
728 902
728 875
728 730
728 993
728 908
729 897
729 854
729 952
729 934
729 759
730 824
730 875
730 993
730 760
730 743
730 879
731 897
731 769
731 854
731 964
732 794
732 915
732 778
732 898
732 828
733 774
733 927
733 922
733 956
733 899
733 796
734 768
734 775
734 842
734 904
734 954
734 734
734 981
734 742
734 765
734 786
734 887
734 906
734 935
734 876
734 787
734 888
735 845
735 827
735 754
735 944
735 866
736 790
736 837
736 840
737 913
737 972
737 988
738 853
738 738
738 997
738 946
738 956
738 942
739 910
739 902
739 956
739 960
740 913
740 816
740 856
741 762
741 818
741 889
741 871
742 842
742 904
742 954
742 965
742 992
742 768
742 978
742 765
742 887
742 877
742 775
742 742
742 925
742 908
742 798
742 777
742 990
743 790
743 960
743 753
743 992
743 903
743 885
743 826
744 778
744 855
744 748
745 954
745 908
745 788
745 849
745 796
745 772
746 905
746 911
746 817
746 828
746 865
746 879
747 833
747 942
747 911
747 879
748 787
748 921
748 928
748 941
748 949
748 893
748 977
749 784
749 764
750 856
750 775
750 786
750 877
750 954
751 898
751 856
752 891
752 897
753 777
753 790
753 885
753 762
754 794
754 998
754 915
754 775
755 898
755 819
755 989
755 828
755 958
756 985
756 908
756 788
756 763
756 928
757 813
757 950
757 834
757 975
757 974
758 935
758 760
759 787
759 949
760 935
760 945
760 832
760 760
760 961
760 906
760 984
760 770
761 826
761 985
761 950
762 885
762 986
762 972
762 992
763 897
763 825
763 802
764 788
764 836
764 792
764 791
764 842
765 786
765 954
765 893
766 976
766 899
766 918
766 766
766 821
766 783
766 969
767 949
767 958
767 893
767 941
767 823
767 840
767 787
767 862
767 962
767 847
768 999
768 904
768 887
768 992
768 877
768 786
768 954
769 897
769 854
769 889
769 809
770 935
770 892
770 783
770 787
771 911
771 983
771 865
772 792
772 772
772 967
772 784
772 836
772 940
772 970
772 855
773 908
773 813
773 876
773 816
773 930
773 806
773 995
773 896
774 774
774 901
774 891
774 834
774 995
775 992
775 978
775 848
775 915
776 934
776 938
776 913
776 871
776 886
777 790
777 885
778 778
778 927
778 794
778 803
778 938
778 998
779 972
779 946
779 913
779 856
779 936
779 964
780 780
780 818
780 889
780 994
780 963
781 906
781 781
781 924
781 935
781 800
782 795
782 853
782 788
783 885
783 858
783 918
783 788
783 929
783 969
783 879
784 940
784 792
784 791
785 913
785 856
785 858
786 954
787 823
787 943
787 844
787 893
787 921
787 917
787 958
787 840
787 949
788 849
788 796
788 800
788 855
788 843
788 839
789 941
789 801
789 814
790 959
790 812
790 900
790 823
790 825
790 892
791 792
791 996
791 834
791 802
791 836
791 970
792 792
792 798
792 940
792 996
792 836
792 861
792 947
793 917
793 941
793 921
793 800
793 949
794 998
794 794
794 944
794 878
794 811
794 803
794 915
795 885
795 825
796 908
797 820
797 826
798 837
798 836
798 970
799 965
799 974
799 968
799 799
799 888
799 820
799 807
800 908
800 972
801 801
801 826
801 987
801 814
801 936
801 926
801 810
801 985
802 940
802 967
802 919
802 802
803 934
803 998
803 938
803 849
803 965
803 832
804 820
804 837
805 885
805 806
805 950
805 859
805 995
805 841
806 923
806 930
806 876
806 806
806 859
806 958
806 861
806 975
806 995
807 998
807 968
807 870
807 874
807 944
807 936
807 963
808 938
808 899
808 918
808 969
808 841
809 864
809 809
809 873
809 997
809 979
809 847
809 868
809 951
809 947
809 835
809 853
809 942
810 945
811 857
811 997
811 837
812 934
812 969
812 919
813 830
813 834
813 930
813 931
813 995
814 927
815 988
815 964
815 837
816 913
816 851
816 856
817 905
817 911
817 848
817 817
817 957
817 955
817 828
817 865
817 879
818 818
818 889
819 819
819 884
819 850
819 873
819 846
819 862
819 955
819 879
820 910
820 824
820 993
820 865
821 918
821 929
821 969
821 858
821 991
822 968
822 874
822 974
823 949
823 982
824 902
824 953
825 897
825 889
825 869
826 987
826 911
827 935
827 895
827 975
827 896
827 931
827 977
827 973
827 990
827 991
827 890
827 846
827 841
828 911
828 852
829 998
829 891
829 912
830 965
830 930
830 975
830 995
831 896
831 977
831 991
832 945
833 897
834 979
834 995
835 913
835 873
836 919
836 967
836 996
837 903
837 942
837 964
837 924
837 837
837 909
837 977
838 930
838 862
838 859
838 977
839 899
839 929
839 858
840 949
840 958
840 893
841 896
841 991
841 888
841 963
842 992
842 925
842 954
843 962
843 908
844 970
844 943
844 958
844 847
845 850
845 845
845 868
845 993
846 898
846 989
846 958
846 862
846 863
846 949
847 861
847 853
847 864
848 865
849 886
849 855
849 871
849 950
850 885
850 993
851 913
851 856
852 908
852 905
852 879
853 992
853 946
853 979
853 947
853 868
853 951
853 872
853 873
854 952
854 983
855 984
856 923
856 976
856 913
856 932
856 867
856 983
857 912
857 922
857 927
857 995
858 916
858 929
858 969
858 956
859 940
859 930
859 975
859 947
860 887
860 896
860 977
860 992
860 869
860 888
861 985
862 865
863 904
863 908
863 941
863 911
864 915
864 868
865 969
865 911
865 955
865 905
865 879
865 983
865 991
865 979
866 896
866 977
866 888
869 904
869 896
869 977
869 931
869 869
869 914
869 888
870 883
871 895
871 908
871 886
873 979
873 903
874 989
875 902
875 910
875 893
876 938
876 939
876 975
876 950
876 897
877 887
877 954
877 925
877 886
877 965
878 927
879 911
879 963
879 918
880 903
880 942
880 991
882 901
882 922
882 950
883 906
883 935
884 918
885 900
885 885
885 986
885 969
885 899
888 920
888 977
888 914
888 907
888 888
888 973
888 890
888 991
888 990
888 979
888 922
890 896
890 907
890 931
890 990
890 937
892 935
892 916
892 929
893 994
893 943
893 921
893 949
893 941
896 920
896 914
896 907
896 977
896 990
896 991
896 896
896 958
898 898
898 933
898 940
899 969
899 956
899 955
899 943
899 931
901 912
902 971
903 964
903 966
903 909
903 942
903 977
904 904
904 954
904 965
905 905
905 911
907 954
907 977
907 990
907 991
908 908
908 962
909 984
909 942
909 963
909 964
910 971
910 993
911 911
911 955
911 946
911 970
911 990
913 913
913 923
913 932
913 976
913 987
914 941
914 991
915 948
916 969
917 958
917 949
918 969
919 970
920 977
922 927
923 926
924 954
924 964
925 954
925 978
926 932
927 927
928 928
929 982
929 969
929 956
929 929
929 983
930 939
930 995
930 990
931 991
931 973
931 959
931 977
931 990
932 972
935 984
936 987
937 967
937 977
938 944
938 948
940 996
940 967
940 940
940 973
940 995
940 970
940 977
941 943
941 958
942 964
943 958
943 953
943 949
944 948
944 998
944 993
948 964
949 992
949 958
950 995
952 952
953 993
954 981
954 971
955 992
957 986
958 958
963 974
964 966
964 964
964 970
965 992
967 970
969 984
970 996
971 993
972 988
972 974
973 977
973 991
975 995
976 988
977 991
981 992
983 983
985 985
985 987
985 999
991 991
