0 95
0 73
0 857
0 629
0 169
0 942
0 767
0 312
0 100
1 267
1 898
1 69
1 249
1 179
1 904
1 80
1 227
1 385
1 679
1 136
1 546
2 674
2 520
2 146
2 468
2 434
2 967
2 291
2 909
2 349
2 752
2 837
2 731
2 114
2 727
2 419
2 673
3 7
3 751
3 382
3 981
3 750
3 696
3 833
3 848
3 514
3 522
3 688
3 484
3 951
3 126
3 589
3 592
3 635
3 749
3 677
3 106
3 150
3 306
3 831
3 989
3 435
3 127
3 806
3 267
3 448
3 768
3 524
3 341
3 344
3 81
3 576
3 545
3 134
3 368
3 872
3 398
3 763
3 395
3 493
3 43
3 95
3 248
3 548
3 864
4 898
4 39
4 899
4 696
4 463
4 767
4 250
4 776
4 955
4 863
4 486
4 483
4 969
4 241
4 822
4 205
4 419
4 293
4 226
4 306
4 662
4 347
4 935
4 96
4 655
4 937
4 297
4 647
4 391
4 904
4 760
4 401
4 24
4 501
4 853
4 487
4 357
4 745
4 792
4 802
4 70
4 673
5 998
5 37
5 62
5 73
5 200
5 624
5 869
5 286
5 595
5 693
5 516
5 397
5 143
5 822
5 708
6 18
6 938
6 285
6 885
6 926
6 554
6 685
6 543
6 741
6 127
6 914
6 343
6 603
6 854
6 637
6 168
6 951
6 849
6 107
7 404
7 276
7 760
7 520
7 16
7 223
7 194
7 564
7 342
7 32
7 733
7 652
7 254
7 293
7 537
7 487
7 571
7 22
7 579
8 136
8 130
8 578
8 696
8 825
8 395
8 313
8 22
8 100
8 327
8 221
8 93
8 969
8 477
8 487
8 365
8 540
8 572
8 614
8 974
9 532
9 601
9 137
9 299
9 452
9 902
9 401
9 993
9 928
9 691
9 469
9 531
9 879
9 787
9 949
10 948
10 162
10 463
10 617
10 202
10 832
10 274
10 114
10 612
11 677
11 980
11 465
11 854
11 809
11 620
11 293
11 352
11 509
11 294
11 535
11 112
11 153
11 489
11 930
11 46
11 796
11 204
11 98
11 469
11 562
11 17
11 682
11 636
11 777
11 325
12 539
12 73
12 818
12 154
12 466
12 701
12 228
12 691
12 965
12 630
12 911
12 977
13 720
13 790
13 677
13 62
13 666
13 249
13 906
13 153
13 491
13 112
13 466
13 648
13 406
13 549
13 325
13 271
13 119
13 893
13 977
13 990
13 807
14 482
14 166
14 819
14 73
14 517
14 902
14 804
14 719
14 210
14 271
14 35
14 323
14 760
14 647
14 739
14 985
14 792
14 865
14 245
14 888
15 790
15 681
15 463
15 961
15 377
15 73
15 518
15 220
15 403
15 826
15 473
16 267
16 31
16 637
16 500
16 215
16 839
16 279
16 836
16 708
17 619
17 411
17 285
17 420
17 68
17 989
17 602
17 384
17 90
17 256
17 534
17 697
17 204
17 393
17 488
17 686
17 789
17 564
17 995
17 971
17 192
17 755
17 860
17 597
17 40
17 568
17 438
17 519
17 543
17 598
17 472
17 251
17 409
17 200
17 416
17 695
18 820
18 417
18 341
18 962
18 976
18 598
18 114
18 348
18 788
18 648
18 926
18 276
18 835
18 376
18 969
18 727
18 968
18 917
18 748
18 307
18 495
18 409
18 256
18 447
18 722
18 622
18 86
18 829
18 633
18 955
18 380
18 961
18 52
18 302
18 80
18 198
18 541
18 795
18 624
18 191
18 155
18 358
18 562
18 850
18 418
18 368
19 790
19 567
19 458
19 204
19 436
19 261
19 301
19 146
19 155
19 561
19 359
19 772
19 468
19 446
20 513
20 98
20 108
20 200
20 144
20 126
20 602
20 246
20 739
20 151
20 790
20 509
20 674
20 346
20 897
20 48
20 722
20 893
20 461
21 515
21 77
21 252
21 639
21 829
21 73
21 882
21 466
21 362
21 388
21 505
21 620
22 286
22 182
22 637
22 666
22 61
22 906
22 367
22 355
22 725
22 648
22 954
22 45
22 188
22 952
22 471
22 29
22 261
22 601
22 346
22 368
22 57
22 807
22 210
23 509
23 66
23 358
23 467
23 854
23 153
23 934
23 668
23 398
23 627
23 287
23 276
23 942
23 631
23 441
23 328
23 394
23 947
23 250
24 480
24 927
24 196
24 73
24 429
24 694
24 954
24 204
24 136
24 494
24 134
24 848
24 652
24 27
24 144
24 86
24 983
24 535
24 846
24 981
24 596
24 541
24 722
24 778
24 924
24 859
24 408
24 467
24 516
24 568
24 47
24 935
24 673
24 605
24 142
24 792
24 70
24 230
24 218
24 135
24 616
24 148
24 445
24 893
25 31
25 777
25 624
25 346
25 561
25 721
25 719
25 196
25 408
25 780
25 352
25 814
25 494
25 281
25 306
25 484
25 136
25 582
25 79
25 117
25 745
25 790
25 353
25 442
25 824
25 456
25 571
25 473
26 182
26 295
26 191
26 814
26 511
26 263
26 287
26 227
26 371
26 557
26 431
26 804
26 530
26 535
26 375
26 566
26 762
26 348
26 178
26 279
26 730
26 783
26 81
26 386
26 64
27 62
27 327
27 856
27 474
27 54
27 693
27 153
27 850
27 667
27 432
27 454
27 756
27 412
27 343
27 105
27 235
27 245
27 767
27 72
28 349
28 179
28 322
28 215
28 401
28 618
28 997
28 166
28 56
28 659
28 794
28 968
28 554
28 718
28 223
28 265
28 744
28 958
28 601
28 87
28 379
28 619
28 939
28 972
28 695
28 865
29 230
29 686
29 252
29 273
29 567
29 569
29 502
29 435
29 940
29 195
29 181
29 251
29 413
29 116
29 774
29 415
29 650
29 969
29 224
29 985
29 813
29 307
29 461
29 99
29 888
30 938
30 754
30 520
30 106
30 121
30 539
30 740
30 804
30 416
30 985
30 74
30 648
30 942
30 828
30 368
30 59
31 552
31 528
31 498
31 891
31 126
31 456
31 770
31 975
31 757
31 630
31 489
31 591
31 379
31 71
31 139
31 266
31 414
31 130
31 518
31 861
31 896
31 780
31 756
31 764
31 422
31 66
31 829
31 617
31 151
31 383
31 978
31 101
31 377
31 809
31 571
31 815
32 846
32 900
32 291
32 618
32 624
32 783
32 189
32 39
32 45
32 193
32 262
32 723
32 936
32 517
32 48
32 81
32 580
32 847
32 325
32 608
32 303
33 512
33 420
33 819
33 166
33 260
33 822
33 585
33 580
33 887
33 904
33 221
33 940
33 614
33 389
34 762
34 599
34 179
34 366
34 322
34 121
34 465
34 158
34 732
34 658
34 589
34 234
34 99
34 361
35 942
35 61
35 920
35 93
35 363
35 820
35 987
35 160
35 933
35 865
35 103
35 313
35 539
35 528
35 151
35 842
35 742
35 201
35 81
35 491
35 107
35 896
35 402
36 732
36 594
36 356
36 995
36 175
36 971
36 240
36 371
36 171
36 367
36 224
36 269
36 910
36 48
36 809
36 997
36 908
36 612
36 701
36 490
36 72
37 972
37 206
37 873
37 205
37 742
37 587
37 52
37 743
37 774
37 260
37 155
37 993
37 491
37 693
37 399
37 836
37 555
38 387
38 296
38 202
38 541
38 865
38 935
38 169
38 104
38 934
38 936
38 943
38 103
38 513
38 544
38 563
38 191
38 358
38 671
38 929
38 217
38 714
38 461
39 362
39 444
39 330
39 657
39 500
39 210
39 658
39 82
39 190
39 73
39 670
39 573
39 730
39 275
39 679
39 141
39 557
39 208
39 428
39 162
39 85
39 988
39 121
39 274
39 217
39 811
39 621
39 911
39 893
39 185
40 998
40 754
40 291
40 106
40 925
40 221
40 163
40 770
40 495
40 637
40 730
40 379
40 620
40 615
41 479
41 846
41 697
41 809
41 397
41 508
41 557
41 312
41 125
41 88
41 819
42 709
42 959
42 145
42 221
42 48
42 641
42 168
42 793
42 927
42 885
42 651
42 174
43 602
43 690
43 396
43 567
43 61
43 204
43 540
43 872
43 855
43 73
43 279
43 886
43 594
43 814
43 99
43 237
43 956
43 942
43 874
43 275
43 614
43 84
43 190
43 811
43 338
43 91
43 673
44 73
44 496
44 567
44 184
44 146
44 452
44 760
44 548
44 118
44 740
44 440
44 981
44 920
44 904
44 516
44 481
44 396
44 166
44 552
44 278
44 761
44 94
44 241
44 991
44 807
45 230
45 432
45 520
45 750
45 403
45 951
45 112
45 81
45 792
45 879
45 663
46 420
46 774
46 272
46 586
46 826
46 53
46 134
46 947
46 897
46 153
46 456
46 929
46 809
46 152
46 964
46 600
46 91
46 320
46 990
47 532
47 545
47 915
47 172
47 986
47 913
47 429
47 672
47 853
47 526
47 791
47 325
47 287
47 583
48 479
48 263
48 432
48 790
48 539
48 781
48 322
48 825
48 220
48 916
48 103
48 402
48 448
48 641
48 536
48 508
48 954
48 505
48 465
48 703
48 751
48 462
48 669
48 871
48 478
48 433
48 599
48 219
48 540
48 846
48 598
48 473
49 532
49 825
49 561
49 160
49 447
49 383
49 182
49 355
49 554
49 571
49 787
50 948
50 676
50 191
50 700
50 777
50 873
50 110
50 978
50 809
50 892
50 594
50 309
50 837
50 511
50 411
50 930
50 129
50 793
50 77
50 822
50 992
50 298
50 226
50 446
50 112
51 294
51 619
51 948
51 411
51 674
51 106
51 131
51 235
51 978
51 310
51 220
51 667
51 96
51 237
51 805
51 346
51 81
51 83
51 217
51 908
51 400
51 325
51 579
52 527
52 959
52 350
52 429
52 146
52 116
52 466
52 782
52 169
52 549
52 848
53 778
53 938
53 489
53 824
53 826
53 269
53 126
53 577
53 279
53 417
53 792
53 608
54 396
54 775
54 742
54 481
54 853
54 300
54 693
54 604
54 620
54 790
54 485
54 703
54 164
54 177
54 498
54 643
54 513
55 938
55 97
55 447
55 244
55 458
55 322
55 108
55 907
55 273
55 571
55 641
55 277
56 479
56 709
56 206
56 170
56 73
56 463
56 496
56 281
56 622
56 314
56 970
56 106
56 948
56 489
56 888
56 912
56 568
56 859
56 796
56 552
56 804
56 662
56 148
56 793
56 802
56 924
56 406
56 964
56 544
56 675
56 801
56 484
56 908
56 865
56 767
57 430
57 601
57 550
57 349
57 293
57 501
57 985
57 386
57 143
57 347
57 736
57 895
57 826
57 299
57 325
57 743
57 879
57 734
57 837
57 231
57 357
57 381
57 527
57 650
57 301
57 478
57 994
57 284
57 81
57 754
57 523
58 313
58 775
58 221
58 452
58 201
58 153
58 200
58 236
58 277
58 896
59 512
59 118
59 432
59 480
59 391
59 954
59 456
59 739
59 501
59 930
59 551
59 100
59 637
59 154
59 401
59 755
59 883
59 498
59 756
59 124
59 634
59 178
59 639
59 698
59 660
59 123
59 200
59 162
59 764
59 569
59 928
59 382
59 943
59 132
59 393
59 573
59 293
59 314
59 287
59 114
59 276
59 530
59 98
59 941
59 988
60 257
60 532
60 285
60 622
60 954
60 202
60 445
60 560
60 995
60 451
60 315
60 309
60 788
60 970
60 630
60 588
60 583
60 185
60 673
61 432
61 291
61 847
61 79
61 362
61 327
61 830
61 187
61 326
61 369
61 590
61 821
61 323
61 198
61 879
61 962
61 958
61 908
61 234
61 115
61 923
61 578
61 390
61 328
61 503
61 740
61 968
61 192
61 905
61 956
61 895
61 993
61 580
61 224
61 837
62 182
62 173
62 984
62 578
62 856
62 302
62 197
62 464
62 756
62 999
62 472
62 920
62 970
62 86
62 93
62 179
62 496
62 323
62 591
62 949
62 213
62 365
62 889
62 224
62 727
62 880
62 551
63 127
63 904
63 146
63 111
63 682
63 186
63 742
63 81
63 527
63 788
63 521
63 678
63 970
63 579
63 991
64 421
64 470
64 416
64 527
64 781
64 66
64 862
64 942
64 888
64 873
64 644
64 817
64 181
64 448
64 826
64 549
64 649
64 651
64 971
64 352
64 499
64 183
64 666
64 542
64 848
64 805
64 604
64 874
64 621
64 194
64 961
64 629
64 819
64 221
64 702
64 332
64 266
64 267
65 676
65 391
65 137
65 548
65 744
65 718
65 559
65 613
65 629
65 805
65 780
65 798
65 685
65 100
65 190
65 799
66 411
66 574
66 677
66 589
66 599
66 607
66 835
66 486
66 416
66 713
66 987
66 842
66 455
66 993
66 81
66 620
66 970
66 529
67 128
67 388
67 819
67 690
67 202
67 734
67 832
67 760
67 797
67 227
67 802
68 527
68 430
68 819
68 592
68 301
68 198
68 152
68 674
68 391
68 221
68 845
68 115
68 903
68 767
69 933
69 729
69 654
69 306
69 112
69 180
69 513
69 548
69 365
69 577
69 649
69 973
69 336
69 764
69 408
69 923
69 879
69 699
69 477
69 197
69 553
69 116
69 818
69 752
69 218
69 185
69 631
69 915
69 785
69 734
69 322
69 338
69 671
69 833
69 558
69 376
69 158
69 192
70 285
70 711
70 954
70 548
70 187
70 655
70 542
70 772
70 251
70 500
70 706
71 336
71 429
71 738
71 277
71 837
71 528
71 550
71 535
71 449
71 678
71 319
71 287
71 879
72 512
72 124
72 432
72 211
72 382
72 676
72 337
72 694
72 414
72 958
72 475
72 931
72 553
72 603
72 873
72 154
73 998
73 942
73 916
73 129
73 326
73 416
73 530
73 848
73 284
73 632
73 182
73 582
73 281
73 594
73 498
73 302
73 783
73 644
73 537
73 709
73 103
73 754
73 707
73 875
73 814
73 976
73 426
73 145
73 219
73 904
73 266
73 964
73 791
74 794
74 436
74 505
74 88
74 902
74 571
74 393
74 175
74 232
74 599
74 412
74 860
74 183
75 437
75 733
75 349
75 391
75 559
75 447
75 520
75 202
75 359
75 88
75 809
75 279
75 449
75 217
75 516
75 620
75 995
76 512
76 263
76 382
76 897
76 218
76 758
76 759
76 311
76 695
76 802
76 911
76 983
76 767
77 593
77 742
77 111
77 381
77 719
77 433
77 754
77 682
77 936
77 479
77 168
77 734
77 992
77 760
77 671
77 597
77 352
77 745
77 975
77 888
77 566
78 388
78 777
78 617
78 700
78 204
78 722
78 993
78 502
78 203
78 308
79 751
79 913
79 883
79 224
79 81
79 552
79 790
80 128
80 898
80 653
80 574
80 601
80 617
80 465
80 734
80 245
80 302
80 818
80 826
80 277
80 210
81 819
81 857
81 106
81 598
81 204
81 994
81 476
81 195
81 993
81 964
81 822
81 949
81 592
81 572
81 989
81 675
81 144
81 870
81 149
81 792
81 670
81 576
81 91
81 122
82 265
82 686
82 437
82 480
82 774
82 200
82 620
82 792
82 759
82 888
83 421
83 686
83 314
83 329
83 652
83 202
83 249
83 345
83 147
83 342
83 448
83 266
83 669
83 622
83 295
83 145
83 927
83 188
83 617
83 735
83 530
83 908
83 107
83 620
83 614
84 267
84 619
84 372
84 944
84 914
84 295
84 426
84 815
84 681
84 135
84 288
84 644
84 413
84 303
84 383
84 202
84 347
84 650
84 273
84 149
84 226
85 286
85 545
85 182
85 709
85 291
85 677
85 676
85 567
85 474
85 478
85 415
85 153
85 724
85 185
85 827
86 263
86 722
86 521
86 996
86 497
86 162
86 359
86 762
86 373
86 172
86 187
86 296
86 696
86 858
86 816
86 131
86 328
86 559
86 201
86 393
86 104
86 268
86 528
86 241
86 475
86 767
87 388
87 541
87 819
87 774
87 733
87 470
87 416
87 180
87 580
87 212
87 404
87 193
87 490
87 200
87 628
87 895
87 460
87 621
87 189
88 512
88 313
88 539
88 960
88 922
88 153
88 495
88 369
88 264
88 900
88 411
88 514
88 481
88 185
88 952
88 915
88 476
88 137
88 407
88 470
88 233
88 985
88 727
89 776
89 230
89 140
89 762
89 716
89 714
89 902
89 952
90 265
90 120
90 824
90 491
90 379
90 955
90 536
90 395
91 545
91 249
91 652
91 415
91 121
91 602
91 907
91 847
91 678
91 175
91 762
91 941
91 505
91 691
91 369
91 378
92 128
92 479
92 754
92 296
92 550
92 992
92 730
92 611
92 484
92 107
92 142
92 780
92 748
92 491
92 893
93 482
93 327
93 470
93 439
93 726
93 122
93 224
93 806
93 551
93 615
94 479
94 443
94 602
94 155
94 742
94 187
94 910
94 730
94 985
94 516
94 964
94 566
95 974
95 960
95 930
95 709
95 691
95 190
95 655
95 338
95 368
95 563
95 787
95 753
95 301
95 324
95 413
95 843
95 985
95 848
95 100
95 994
95 646
95 342
95 554
95 758
95 981
95 904
95 909
95 568
95 162
95 406
95 893
95 501
95 96
95 117
95 262
95 293
95 546
95 602
95 706
95 291
95 534
95 285
95 318
95 677
95 489
95 676
95 980
95 517
95 436
95 609
95 505
95 561
95 398
95 529
95 99
96 594
96 602
96 223
96 572
96 281
96 421
96 204
96 552
96 752
96 274
96 416
96 107
96 406
96 312
96 911
96 840
96 185
96 708
97 506
97 896
97 233
97 882
97 601
97 689
97 281
97 743
97 489
97 676
97 204
97 436
97 467
97 650
97 942
97 772
98 335
98 577
98 179
98 628
98 961
98 184
98 774
98 622
98 978
98 244
98 910
98 310
98 314
99 127
99 290
99 589
99 463
99 249
99 146
99 293
99 626
99 695
99 271
99 236
99 879
99 782
99 444
99 637
99 219
99 947
99 262
99 861
99 642
99 872
99 941
99 436
99 597
99 356
99 929
99 122
100 533
100 898
100 409
100 347
100 416
100 524
100 494
100 577
100 333
100 640
100 346
100 561
100 203
100 581
100 792
100 777
100 748
100 367
100 301
100 667
100 964
100 949
100 334
100 990
101 257
101 387
101 437
101 690
101 337
101 184
101 954
101 470
101 637
101 852
101 686
101 850
101 835
101 571
101 143
101 216
101 710
102 411
102 602
102 251
102 553
102 779
102 629
102 230
102 199
102 368
102 461
102 987
102 149
102 637
102 682
102 320
102 216
102 695
102 192
102 236
102 888
103 382
103 156
103 290
103 589
103 619
103 971
103 634
103 632
103 777
103 367
103 416
103 969
103 930
103 490
103 828
104 349
104 567
104 856
104 750
104 481
104 742
104 259
104 439
104 789
104 825
104 716
104 771
104 370
104 272
104 488
104 594
104 682
104 619
104 676
104 756
104 484
104 620
104 837
104 317
104 222
104 493
104 673
104 566
105 934
105 396
105 366
105 692
105 688
105 832
105 436
105 598
105 892
105 414
105 571
105 357
105 620
105 995
106 803
106 489
106 856
106 411
106 277
106 536
106 415
106 760
106 483
106 730
106 571
106 600
106 125
106 977
107 388
107 691
107 676
107 191
107 261
107 481
107 650
107 487
107 790
107 917
107 364
107 559
107 605
107 666
107 168
107 309
107 213
107 270
107 302
107 739
107 323
107 771
107 253
107 470
107 641
107 695
107 727
107 940
107 890
108 545
108 913
108 923
108 429
108 436
108 467
108 215
108 650
108 929
108 501
108 406
108 600
109 794
109 313
109 730
109 510
109 155
109 660
109 844
109 991
109 558
109 352
109 612
109 806
109 663
110 613
110 645
110 947
110 738
110 649
110 828
110 210
110 862
110 207
111 803
111 437
111 720
111 211
111 262
111 423
111 844
111 142
111 954
111 293
111 379
111 450
111 212
111 893
112 230
112 140
112 589
112 429
112 768
112 470
112 442
112 322
112 500
112 660
112 641
112 473
112 707
112 182
112 144
112 747
112 236
113 263
113 602
113 677
113 885
113 674
113 467
113 224
113 788
114 200
114 470
114 164
114 845
114 652
114 300
114 804
114 438
114 668
114 920
114 931
114 359
114 567
114 565
114 717
114 751
114 816
114 681
114 574
114 809
114 801
114 620
114 772
114 813
115 267
115 285
115 437
115 569
115 249
115 472
115 565
115 701
115 467
115 918
115 714
115 547
115 612
115 404
115 836
115 615
115 608
116 432
116 539
116 762
116 976
116 515
116 563
116 406
116 590
116 134
116 642
116 957
116 326
116 588
116 646
116 828
116 819
116 387
116 931
116 408
116 136
116 723
116 610
116 899
116 592
117 291
117 589
117 249
117 785
117 974
117 966
117 422
118 866
118 138
118 977
118 859
118 865
118 703
118 959
118 896
118 774
118 982
118 772
118 702
118 528
118 231
118 620
118 191
118 747
118 818
118 722
118 789
118 910
118 263
118 960
118 463
118 563
118 202
118 629
118 401
118 730
118 379
118 466
118 152
118 806
118 307
118 949
118 680
119 539
119 617
119 189
119 393
119 818
119 650
119 259
119 806
119 633
119 918
119 655
119 856
119 207
119 261
120 489
120 977
120 406
120 384
120 510
120 239
120 888
120 548
120 481
120 858
120 809
120 853
120 419
120 747
120 579
121 545
121 332
121 601
121 262
121 164
121 232
121 749
121 239
121 945
121 556
121 866
121 681
121 389
121 311
121 965
121 881
121 785
121 280
121 745
121 959
121 327
121 199
121 533
121 517
121 602
121 442
121 281
121 236
121 738
121 395
121 385
121 444
121 125
121 518
121 451
121 824
121 650
121 929
121 608
122 948
122 755
122 959
122 489
122 674
122 659
122 984
122 671
122 940
122 222
122 209
122 284
122 838
122 973
123 794
123 622
123 617
123 415
123 276
123 969
123 384
123 571
123 193
124 933
124 691
124 903
124 215
124 895
124 683
124 987
124 771
124 141
124 168
124 575
124 249
124 908
124 279
124 962
124 789
124 409
124 594
124 382
124 959
124 762
124 137
124 436
124 993
124 911
124 473
124 185
125 512
125 127
125 506
125 637
125 779
125 498
125 438
125 890
125 152
126 776
126 140
126 637
126 382
126 451
126 605
126 617
126 137
126 696
126 215
126 404
126 590
126 403
126 189
126 410
126 801
126 581
126 514
126 226
126 638
126 222
126 679
126 594
126 306
126 537
126 582
126 977
126 799
127 989
127 328
127 459
127 360
127 693
127 260
127 719
127 807
127 973
127 243
127 690
127 781
127 612
127 497
127 229
128 904
128 280
128 612
128 961
128 608
128 860
128 378
128 346
128 739
128 713
128 974
128 756
128 804
128 248
128 845
128 942
128 409
128 176
128 638
128 466
128 863
128 720
128 676
128 569
128 452
128 897
128 889
128 620
128 141
128 930
128 575
129 632
129 482
129 296
129 184
129 231
129 725
129 279
129 847
129 859
129 879
129 475
130 178
130 732
130 489
130 479
130 982
130 295
130 792
130 617
130 520
130 992
130 696
130 323
130 452
130 548
130 505
130 501
130 630
130 608
131 267
131 898
131 846
131 862
131 308
131 595
131 188
131 909
131 415
131 254
131 298
131 218
131 136
131 907
131 419
131 357
131 375
131 914
131 696
131 483
131 561
131 216
131 695
131 227
131 570
131 995
131 911
131 977
131 869
131 799
131 673
132 960
132 463
132 520
132 202
132 208
132 664
132 410
132 546
132 217
132 597
132 579
132 309
132 226
132 914
133 645
133 478
133 519
133 442
133 381
133 659
133 394
133 362
133 293
133 638
133 398
133 942
133 836
133 405
133 840
134 938
134 432
134 550
134 617
134 179
134 147
134 729
134 491
134 886
134 584
134 454
134 977
134 680
135 774
135 559
135 366
135 609
135 329
135 272
135 776
135 437
135 608
135 485
135 420
135 324
135 797
135 913
135 792
135 889
135 701
135 837
135 918
135 295
135 383
135 617
135 648
135 227
135 551
135 621
136 805
136 927
136 212
136 641
136 173
136 554
136 206
136 596
136 849
136 752
136 592
136 507
136 832
136 952
136 879
136 446
137 618
137 885
137 674
137 690
137 582
137 745
137 822
137 356
137 279
137 832
137 755
137 556
137 250
137 397
137 727
137 572
137 216
137 683
137 751
137 288
137 983
137 235
137 346
137 749
137 314
137 199
137 538
137 821
137 669
137 236
137 244
137 393
137 562
137 379
137 849
137 528
137 865
138 700
138 988
138 261
138 520
138 742
138 483
138 357
138 277
138 371
139 533
139 286
139 388
139 819
139 313
139 720
139 304
139 261
139 248
139 591
139 647
139 315
139 693
139 811
139 630
139 931
140 794
140 392
140 206
140 585
140 915
140 729
140 547
140 308
140 402
140 156
140 249
140 146
140 650
140 167
140 526
140 836
140 334
141 228
141 898
141 332
141 700
141 516
141 934
141 630
141 370
141 341
141 593
141 506
141 783
141 282
141 790
141 592
141 746
141 235
141 896
142 776
142 532
142 344
142 350
142 547
142 233
142 815
142 856
142 421
142 367
142 158
142 681
142 945
142 467
142 386
142 334
143 451
143 567
143 199
143 954
143 658
143 779
143 452
143 189
143 349
143 602
143 686
143 609
143 841
143 649
143 312
143 198
143 504
143 893
144 762
144 394
144 993
144 244
144 218
144 193
144 236
144 235
144 979
145 411
145 959
145 704
145 326
145 652
145 711
145 201
145 197
145 340
145 701
145 728
145 413
145 235
145 280
145 684
145 234
145 972
145 951
145 242
145 570
145 323
145 629
145 760
145 902
145 456
145 577
145 660
145 942
145 905
145 865
146 776
146 220
146 189
146 320
146 379
146 442
146 684
146 576
146 405
146 321
146 659
146 552
146 696
146 638
146 416
146 853
146 384
146 497
146 838
146 680
147 296
147 172
147 327
147 479
147 958
147 278
147 397
147 781
147 714
147 573
147 169
147 941
147 593
147 597
147 572
147 175
147 643
147 613
147 521
147 646
147 500
147 860
147 586
147 747
147 676
147 544
147 447
147 353
147 939
147 695
147 679
147 848
147 322
147 306
147 975
147 787
148 443
148 736
148 442
148 491
148 722
148 157
148 230
148 918
148 996
148 254
148 614
148 224
148 954
148 297
148 249
149 356
149 156
149 496
149 465
149 204
149 906
149 440
149 238
149 693
149 858
149 989
149 225
149 353
149 549
149 613
149 946
149 982
149 259
149 897
149 338
149 975
149 350
149 643
149 390
149 485
149 680
150 489
150 700
150 358
150 393
150 650
150 801
150 344
150 397
150 720
150 309
150 427
151 395
151 318
151 825
151 262
151 240
151 954
151 645
151 562
151 620
151 727
151 389
151 896
151 990
152 527
152 944
152 923
152 415
152 897
152 824
152 948
152 727
152 734
152 493
152 286
152 356
152 217
152 906
152 717
152 431
152 577
152 205
152 204
152 679
152 942
152 792
153 409
153 862
153 751
153 743
153 762
153 517
153 969
153 909
153 855
153 495
153 274
153 970
153 668
153 757
153 908
153 439
153 428
153 188
153 383
153 747
153 959
153 949
153 434
153 939
153 284
153 275
153 649
153 279
153 871
153 540
153 258
153 170
153 185
153 190
153 365
153 332
153 331
153 956
153 224
153 534
153 772
154 228
154 691
154 349
154 929
154 443
154 267
154 821
154 588
154 743
154 332
154 816
154 408
154 405
154 753
154 290
154 451
154 599
154 193
154 185
155 291
155 895
155 510
155 287
155 891
155 752
155 996
155 349
155 451
155 741
155 195
155 432
155 543
155 998
155 829
155 318
155 936
155 442
155 853
155 214
155 469
155 417
155 987
155 968
155 225
155 748
155 591
155 281
155 676
155 314
155 605
155 789
155 574
155 383
155 204
155 415
155 467
155 770
155 929
155 896
156 377
156 943
156 404
156 528
156 287
156 493
156 525
156 867
156 182
156 530
156 173
156 711
156 552
156 929
156 357
156 400
156 974
157 743
157 774
157 179
157 739
157 667
157 268
157 477
157 528
157 792
157 802
157 806
157 995
158 251
158 734
158 215
158 502
158 866
158 733
159 372
159 589
159 206
159 351
159 856
159 877
159 760
159 854
159 568
159 802
159 859
159 738
159 271
159 657
159 235
159 974
160 242
160 278
160 624
160 562
160 401
160 993
160 404
160 320
160 977
161 794
161 463
161 674
161 690
161 658
161 650
161 224
161 528
161 574
161 292
161 427
161 584
161 487
161 662
161 788
161 316
162 619
162 948
162 924
162 522
162 285
162 950
162 236
162 216
162 400
162 233
162 741
162 567
162 359
162 659
162 766
162 163
162 938
162 851
162 293
162 650
162 974
163 794
163 732
163 166
163 690
163 517
163 935
163 315
163 929
163 623
163 695
163 792
163 791
163 325
163 930
163 551
163 714
163 608
163 888
163 566
163 207
164 715
164 230
164 665
164 885
164 548
164 515
164 420
164 341
164 580
164 243
164 611
164 635
164 819
164 312
164 792
164 746
164 766
164 648
164 529
164 598
164 475
165 898
165 653
165 382
165 790
165 674
165 235
165 507
165 277
165 393
165 718
165 798
165 486
165 635
165 985
165 970
165 473
165 389
166 288
166 545
166 451
166 245
166 414
166 824
166 707
166 530
166 585
166 195
166 518
166 407
166 225
166 516
166 855
166 721
166 773
166 341
166 389
166 992
166 931
166 687
166 951
166 168
166 236
166 905
166 275
166 762
166 391
166 825
166 650
166 477
166 406
166 727
166 813
166 787
167 862
167 960
167 733
167 525
167 842
167 677
167 871
167 943
167 880
167 991
168 625
168 182
168 438
168 922
168 196
168 452
168 758
168 215
168 315
168 969
168 224
168 985
168 437
168 908
168 738
168 958
168 896
168 185
169 263
169 885
169 913
169 696
169 801
169 243
169 722
169 306
169 473
169 258
169 726
169 282
169 918
169 633
169 176
169 643
169 695
170 291
170 389
170 425
170 408
170 853
170 363
170 584
170 517
170 204
170 627
171 794
171 479
171 846
171 536
171 676
171 567
171 765
171 436
171 573
171 911
171 663
172 267
172 421
172 350
172 360
172 551
172 902
172 327
172 567
172 394
172 244
172 858
172 554
172 324
172 813
172 673
173 432
173 774
173 366
173 775
173 380
173 788
173 272
173 787
173 320
174 898
174 618
174 885
174 922
174 816
174 865
174 792
174 931
174 661
174 985
174 518
174 552
174 703
174 611
174 722
174 268
174 516
174 357
174 841
175 594
175 356
175 543
175 322
175 726
175 398
175 762
175 402
175 703
175 416
175 491
175 524
175 684
176 265
176 762
176 927
176 856
176 202
176 338
176 895
176 667
176 379
176 384
176 549
176 792
176 911
176 185
177 602
177 509
177 474
177 981
177 415
177 730
177 319
177 727
178 409
178 432
178 650
178 969
178 585
178 433
178 983
178 683
178 702
178 472
178 402
178 807
178 865
178 888
178 963
179 711
179 286
179 675
179 419
179 884
179 575
179 877
179 384
179 759
179 904
179 876
179 589
179 601
179 946
179 470
179 649
179 578
179 813
179 194
179 254
179 534
179 204
179 922
179 790
179 352
179 907
179 221
179 843
179 529
179 448
179 620
179 606
179 725
179 319
179 547
179 625
179 689
179 202
179 494
179 795
179 390
179 355
179 472
179 658
179 672
179 322
179 562
179 481
179 510
179 797
179 551
179 490
179 893
180 527
180 625
180 395
180 263
180 677
180 857
180 895
180 922
180 372
180 225
180 536
180 623
180 695
180 827
181 998
181 313
181 622
181 391
181 734
181 568
181 775
181 941
181 679
181 912
181 545
181 952
181 604
181 349
181 467
181 845
181 743
181 486
181 907
181 911
181 699
181 466
181 727
181 975
181 368
181 990
182 288
182 915
182 506
182 870
182 431
182 940
182 987
182 584
182 801
182 457
182 905
182 673
182 463
182 951
182 631
182 359
182 418
182 333
182 833
182 708
182 415
182 284
182 206
182 517
182 458
182 507
182 664
182 929
182 868
183 700
183 458
183 200
183 374
183 760
183 486
183 772
183 950
183 905
183 865
183 600
183 719
183 442
183 615
184 350
184 586
184 751
184 289
184 311
184 629
184 746
184 696
184 297
184 254
184 656
184 299
184 393
184 929
184 404
184 271
185 755
185 220
185 275
185 833
185 577
185 497
185 196
185 439
185 893
185 564
185 597
185 661
185 905
185 648
185 763
185 999
185 249
185 879
185 260
185 458
185 380
185 923
185 414
185 712
185 747
185 441
185 272
185 502
185 423
185 954
185 331
185 515
185 883
185 851
185 807
186 437
186 613
186 790
186 825
186 293
186 466
186 875
186 274
187 512
187 285
187 694
187 520
187 783
187 979
187 224
187 657
187 572
187 598
188 515
188 574
188 211
188 480
188 205
188 558
188 250
188 661
188 442
188 487
188 217
188 964
188 584
188 802
188 836
188 970
188 551
188 460
189 625
189 898
189 411
189 285
189 927
189 803
189 542
189 793
189 322
189 647
189 481
189 730
189 335
189 325
190 288
190 249
190 429
190 904
190 528
190 940
190 995
190 683
190 716
190 492
191 421
191 926
191 734
191 355
191 750
191 430
191 283
191 602
191 601
191 216
191 796
191 371
191 391
191 429
191 976
191 322
191 675
191 502
191 620
191 551
191 575
192 992
192 225
192 750
192 322
192 769
192 728
192 253
192 319
192 695
192 966
192 212
192 792
192 813
192 193
192 815
192 485
192 406
192 285
192 210
192 389
193 479
193 720
193 637
193 812
193 349
193 818
193 526
193 433
193 528
193 940
193 535
193 688
193 926
193 659
193 365
193 684
193 220
193 810
193 492
193 482
193 949
193 222
194 803
194 314
194 846
194 382
194 249
194 652
194 470
194 984
194 802
194 235
194 841
195 619
195 948
195 613
195 589
195 301
195 672
195 441
195 261
195 742
195 481
195 540
195 695
195 975
195 911
196 395
196 933
196 200
196 310
196 232
196 987
196 415
196 787
197 619
197 952
197 481
197 667
197 331
198 709
198 589
198 658
198 812
199 263
199 437
199 313
199 637
199 677
199 901
199 586
199 776
199 763
199 276
199 756
199 279
199 380
199 328
199 499
199 800
199 699
199 213
199 929
199 540
199 662
199 598
200 267
200 998
200 305
200 790
200 246
200 730
200 398
200 737
200 890
200 577
200 789
200 988
200 949
200 552
200 467
200 271
200 538
200 572
200 236
201 263
201 959
201 723
201 685
201 979
201 634
201 788
202 512
202 409
202 313
202 550
202 622
202 269
202 425
202 675
202 820
202 480
202 235
202 388
202 391
202 585
202 234
202 421
202 800
202 531
202 879
202 852
202 778
202 595
202 632
202 730
202 863
202 796
202 913
202 280
202 831
202 581
202 880
202 299
202 445
202 628
202 426
202 810
202 323
202 770
202 501
202 809
202 580
203 230
203 819
203 954
203 280
203 216
203 554
203 519
203 836
203 485
204 290
204 367
204 716
204 847
204 527
204 788
204 577
204 773
204 241
204 808
204 426
204 771
204 485
204 543
204 719
204 256
204 295
204 963
204 967
204 277
204 413
204 265
204 438
204 816
204 780
204 513
204 910
204 837
204 746
204 254
204 673
204 419
204 699
204 696
204 357
204 787
204 714
205 732
205 432
205 480
205 624
205 978
205 422
205 970
205 911
205 657
206 263
206 253
206 658
206 355
206 678
206 429
206 972
206 374
206 377
206 224
206 386
206 473
207 395
207 387
207 539
207 543
207 674
207 810
207 452
207 730
207 549
207 695
207 393
207 242
207 552
207 718
207 255
207 950
207 663
207 913
207 451
207 413
207 236
207 567
207 625
208 372
208 786
208 834
208 281
208 925
208 534
208 687
208 827
208 892
208 770
208 427
208 480
208 260
208 722
208 899
208 353
208 911
208 368
209 430
209 285
209 443
209 856
209 786
209 742
209 562
209 697
209 766
209 969
209 747
209 949
209 827
210 677
210 856
210 768
210 671
210 739
210 289
210 675
210 939
210 917
210 740
210 709
210 531
211 646
211 376
211 799
211 260
211 275
211 433
211 561
211 679
211 589
211 785
211 722
211 416
212 927
212 394
212 734
212 832
212 853
212 878
212 532
212 361
212 792
212 551
213 430
213 432
213 720
213 637
213 775
213 877
213 647
213 554
213 853
213 837
213 921
214 267
214 803
214 263
214 676
214 474
214 470
214 742
214 322
214 421
214 487
214 728
214 414
214 540
214 796
214 695
214 893
214 896
215 563
215 733
215 758
215 392
215 489
215 526
215 514
215 343
215 585
215 317
215 903
215 289
215 360
215 534
215 698
215 810
215 914
215 661
215 639
215 727
215 965
215 465
215 322
215 835
215 985
215 736
215 844
215 288
215 561
215 273
215 600
215 368
216 512
216 632
216 774
216 760
216 889
216 724
216 853
216 571
216 363
216 344
216 505
216 873
216 485
216 964
216 837
216 528
217 249
217 679
217 660
217 459
217 882
217 430
217 284
217 581
217 862
217 804
217 607
217 791
217 998
217 828
217 663
217 708
218 470
218 322
218 897
218 931
218 814
218 601
218 740
218 670
218 297
218 298
218 999
218 475
218 516
218 663
218 893
219 228
219 290
219 474
219 645
219 696
219 358
219 667
219 853
219 534
219 406
220 512
220 421
220 819
220 936
220 798
220 253
220 396
220 896
220 533
220 305
220 422
220 279
220 249
220 366
220 750
220 548
220 597
220 345
220 667
220 942
220 911
221 632
221 715
221 711
221 700
221 792
221 585
221 251
221 701
221 362
221 423
221 667
221 301
221 690
221 894
221 274
221 669
221 591
221 562
221 385
221 820
221 722
221 723
221 502
221 908
221 406
221 772
221 911
221 746
222 691
222 895
222 635
222 345
222 638
222 809
222 873
222 571
222 351
222 289
223 257
223 794
223 898
223 743
223 509
223 972
223 512
223 751
223 467
223 577
223 787
223 990
224 898
224 336
224 639
224 671
224 965
224 897
224 605
224 869
224 381
224 960
224 329
224 363
224 300
224 522
224 733
224 510
224 466
224 258
224 346
224 816
224 393
224 970
224 471
224 305
224 988
224 708
224 409
224 721
224 315
224 700
224 977
224 565
224 923
224 333
224 609
224 865
224 444
225 915
225 388
225 602
225 725
225 304
225 924
225 651
225 722
225 876
225 955
225 793
225 579
226 948
226 313
226 743
226 398
226 649
226 528
226 243
226 779
226 848
226 845
226 369
226 668
226 661
226 662
226 965
226 964
226 814
226 498
226 895
226 618
226 817
226 860
226 958
227 285
227 260
227 559
227 713
227 639
227 381
228 690
228 883
228 563
228 965
228 994
228 342
228 882
228 795
228 812
228 700
228 474
228 366
228 415
228 763
228 725
228 424
228 809
228 399
228 538
228 991
229 437
229 544
229 350
229 685
229 788
229 538
229 241
229 759
229 827
229 855
230 348
230 281
230 954
230 897
230 647
230 492
230 827
230 777
230 620
230 829
230 261
230 478
230 322
230 722
230 592
231 267
231 624
231 251
231 442
231 268
231 643
231 622
231 739
231 586
231 352
231 727
231 792
231 570
231 405
231 575
232 506
232 438
232 544
232 676
232 716
232 444
232 777
232 758
232 341
232 878
232 742
232 385
232 352
232 837
232 235
232 608
233 944
233 862
233 356
233 451
233 954
233 470
233 635
233 910
233 462
233 660
233 528
233 579
234 532
234 774
234 525
234 693
235 432
235 726
235 455
235 818
235 385
235 664
235 571
235 792
235 259
235 920
235 308
235 531
235 618
235 510
235 542
235 427
235 941
235 579
235 462
235 925
235 733
235 239
235 686
235 953
235 689
235 839
235 310
235 445
235 474
235 263
235 466
235 293
235 684
236 318
236 392
236 559
236 442
236 273
236 539
236 617
236 536
236 404
236 285
236 256
236 733
236 247
236 646
236 991
236 249
236 579
236 708
237 550
237 327
237 559
237 520
237 366
237 470
237 293
237 969
237 600
237 630
237 977
238 998
238 411
238 900
238 567
238 892
238 278
238 791
238 547
238 845
238 404
238 970
239 267
239 754
239 290
239 332
239 624
239 690
239 816
239 734
239 992
239 456
239 655
239 702
239 581
239 977
240 541
240 489
240 367
240 427
240 270
240 660
240 620
240 903
240 695
240 961
240 890
240 412
240 807
241 794
241 742
241 696
241 467
241 802
241 773
241 652
242 347
242 746
242 570
242 765
242 246
242 874
242 447
242 499
242 431
242 366
242 408
242 333
242 442
242 627
242 614
242 893
242 708
243 803
243 388
243 618
243 569
243 567
243 415
243 330
243 416
243 546
243 620
243 903
243 368
243 245
243 990
244 285
244 336
244 781
244 671
244 416
244 649
244 571
244 708
245 515
245 318
245 617
245 396
245 316
245 889
245 722
245 908
245 607
245 817
245 285
245 408
245 632
245 407
245 566
246 372
246 296
246 853
246 524
246 691
246 955
246 828
247 463
247 988
247 383
247 478
247 498
247 647
247 849
247 955
247 614
247 827
247 595
248 420
248 762
248 711
248 349
248 913
248 273
248 586
248 920
248 671
248 254
249 846
249 480
249 814
249 368
249 343
249 404
249 727
249 699
249 691
249 923
249 950
249 431
249 905
249 946
249 260
249 524
249 894
249 939
249 515
249 612
249 250
249 589
249 564
249 530
249 633
249 936
249 621
249 303
249 735
249 694
249 398
249 561
249 815
249 333
249 658
249 693
249 534
249 772
249 767
249 680
250 285
250 716
250 678
250 292
250 888
251 911
251 370
251 442
251 421
251 852
251 277
251 383
251 436
251 650
251 892
251 577
251 623
251 397
251 888
251 673
252 932
252 275
252 574
252 423
252 629
252 717
253 878
253 690
253 350
253 913
253 775
253 659
253 714
253 423
253 877
253 665
253 908
253 344
253 519
253 651
253 840
253 298
253 259
253 960
253 593
253 264
253 528
253 404
254 515
254 589
254 434
254 638
254 964
254 405
254 958
254 673
255 619
255 625
255 709
255 307
255 707
255 683
255 639
255 914
255 354
255 768
255 415
255 401
255 792
255 896
255 841
256 552
256 641
256 376
256 614
256 835
256 526
256 768
256 360
256 763
256 695
256 772
256 991
257 844
257 643
257 980
257 919
257 824
257 989
257 560
257 737
257 291
257 500
257 993
257 276
257 724
257 340
258 602
258 613
258 790
258 674
258 465
258 763
258 315
258 501
258 373
258 406
258 964
258 806
258 566
259 512
259 898
259 686
259 613
259 881
259 470
259 415
259 700
259 576
259 936
259 444
259 648
259 407
259 565
260 637
260 395
260 871
260 707
260 668
260 806
260 590
260 859
260 907
260 742
260 415
260 993
260 379
260 955
260 828
261 291
261 535
261 711
261 837
261 639
261 798
261 365
261 443
261 589
261 641
261 960
261 811
261 265
261 562
261 483
261 561
261 600
262 286
262 430
262 313
262 553
262 617
262 465
262 864
262 503
262 528
263 267
263 479
263 844
263 327
263 480
263 967
263 833
263 772
263 483
263 977
263 891
263 756
263 914
263 518
263 726
263 750
263 315
263 809
263 801
263 277
264 778
264 878
264 432
264 790
264 617
264 383
264 624
264 379
264 294
264 655
264 620
264 886
264 508
264 802
264 949
265 469
265 520
265 505
265 603
265 872
265 743
265 674
265 458
265 792
265 678
265 970
265 799
265 807
266 574
266 774
266 993
266 783
266 920
266 837
267 320
267 571
267 640
267 709
267 583
267 642
267 748
267 983
267 958
267 736
267 756
267 875
267 469
267 913
267 489
267 490
267 559
267 333
267 927
267 557
267 719
267 774
267 721
267 771
267 563
267 780
267 842
267 682
267 717
267 287
267 596
267 801
267 777
267 901
267 322
267 745
267 837
267 407
267 538
267 712
268 349
268 954
268 507
268 401
268 852
268 346
268 464
268 542
268 321
268 374
268 891
268 759
268 757
268 656
268 711
268 339
268 796
268 609
268 406
268 917
269 829
269 726
269 964
269 897
269 562
269 988
269 480
269 971
269 881
269 574
269 913
269 854
269 414
269 379
269 801
269 693
269 531
269 612
269 528
269 308
269 287
269 475
269 893
269 963
270 938
270 795
270 567
270 366
270 347
270 359
270 409
270 412
271 515
271 432
271 451
271 690
271 856
271 507
271 577
271 931
271 687
271 817
271 537
271 506
271 657
271 368
271 991
272 653
272 296
272 935
272 629
272 671
272 864
272 660
272 634
272 383
272 325
272 995
272 767
272 888
273 597
273 728
273 465
273 325
273 911
273 657
273 714
274 775
274 954
274 965
274 561
274 613
274 747
274 697
274 466
274 312
274 307
275 794
275 307
275 847
275 846
275 634
275 720
275 770
275 296
275 984
275 402
276 420
276 933
276 443
276 313
276 885
276 507
276 562
276 433
276 503
276 586
276 908
276 772
276 970
277 489
277 470
277 338
277 358
277 635
277 293
277 561
277 319
277 505
277 765
277 696
277 730
277 758
277 372
277 675
277 552
277 421
277 595
277 809
277 699
277 622
277 629
277 755
277 951
277 664
277 617
277 930
277 616
277 735
277 430
277 940
277 911
278 432
278 307
278 688
278 663
278 541
278 766
278 861
278 684
278 287
278 347
278 649
278 322
278 671
278 727
279 933
279 686
279 539
279 451
279 452
279 610
279 383
279 295
279 765
279 758
279 339
279 926
279 837
279 606
279 553
279 963
279 868
279 418
279 538
279 982
279 621
280 512
280 426
280 509
280 496
280 567
280 366
280 809
280 477
280 772
280 911
280 473
281 512
281 515
281 474
281 783
281 809
281 660
281 557
281 615
281 460
282 819
282 760
282 548
282 466
282 516
282 695
282 966
282 977
283 438
283 480
283 734
283 406
283 678
283 371
283 967
284 292
284 906
284 561
284 730
284 395
284 660
284 648
284 400
284 657
284 917
284 714
284 807
285 696
285 681
285 648
285 292
285 733
285 304
285 893
285 306
285 624
285 525
285 718
285 837
285 935
285 649
285 497
285 359
285 922
285 632
285 431
285 608
285 887
285 642
285 352
285 479
285 595
285 448
285 806
285 990
285 737
285 470
285 742
285 481
285 610
285 484
285 620
285 714
286 320
286 405
286 315
286 669
286 957
286 895
286 640
286 899
286 391
286 432
286 314
286 716
286 605
286 700
286 992
286 906
286 401
286 979
286 611
286 524
286 528
286 940
286 793
286 708
287 976
287 472
287 647
287 467
287 899
287 379
287 772
287 979
287 625
287 393
287 953
287 900
287 343
287 462
287 646
287 431
288 891
288 775
288 945
288 903
288 838
288 657
288 796
288 325
288 741
288 338
288 491
288 466
288 474
288 935
288 401
288 614
288 673
289 515
289 421
289 463
289 658
289 726
289 615
289 853
289 895
289 786
289 880
289 984
289 725
289 332
289 716
289 818
289 512
289 607
289 636
289 972
289 700
290 862
290 923
290 646
290 375
290 483
290 533
290 826
290 861
290 967
290 845
290 663
290 553
290 980
290 925
290 452
290 667
290 623
290 903
290 648
290 303
291 382
291 782
291 798
291 865
291 628
291 786
291 341
291 742
291 424
291 626
291 751
291 772
291 369
291 343
291 378
291 675
291 991
291 822
291 528
291 437
291 616
291 686
291 945
291 400
291 882
291 750
291 481
291 564
291 407
291 634
291 591
291 704
291 864
291 379
291 714
292 658
292 681
292 583
292 548
292 378
292 649
292 585
292 351
292 496
292 316
292 910
292 456
293 938
293 992
293 436
293 548
293 889
293 633
293 962
293 304
293 869
293 923
293 429
293 367
293 755
293 400
293 669
293 746
293 937
293 883
293 607
293 783
293 528
293 930
294 647
294 759
294 868
294 698
294 661
294 951
294 973
294 517
294 489
294 992
294 897
294 675
294 359
294 516
295 602
295 493
295 701
295 672
295 868
295 687
295 562
295 698
295 695
295 893
296 802
296 820
296 943
296 509
296 480
296 444
296 419
296 475
296 861
296 520
296 492
296 617
296 559
296 422
296 903
296 551
296 308
296 950
297 686
297 432
297 313
297 690
297 849
297 630
297 828
297 640
298 776
298 901
298 366
298 401
298 414
298 801
298 745
299 774
299 690
299 391
299 366
299 315
299 923
299 519
299 538
299 830
299 448
299 844
299 997
299 314
299 693
299 573
299 802
299 975
299 361
300 536
300 624
300 885
300 762
300 859
300 367
300 983
300 397
300 641
300 538
300 817
300 746
301 420
301 438
301 601
301 489
301 666
301 932
301 775
301 561
301 650
301 783
301 858
301 414
301 571
301 516
301 557
301 473
302 536
302 451
302 463
302 391
302 760
302 563
302 777
302 475
302 893
303 395
303 441
303 563
303 856
303 401
303 329
303 554
303 661
303 764
303 983
303 857
303 948
303 973
304 803
304 395
304 689
304 867
304 616
304 619
304 913
304 926
304 442
304 760
304 824
304 379
304 708
304 974
305 944
305 973
305 939
305 731
305 785
305 673
305 511
305 549
305 466
305 480
305 752
305 853
305 353
305 612
305 678
306 674
306 954
306 470
306 358
306 728
306 308
306 885
306 406
306 371
306 990
306 673
307 512
307 744
307 913
307 925
307 699
307 760
307 467
307 481
307 695
307 592
307 309
307 629
307 977
307 844
307 350
307 728
307 539
307 389
307 582
308 539
308 458
308 734
308 889
308 510
308 598
308 879
309 755
309 539
309 383
309 965
309 401
309 739
309 388
309 400
309 849
309 620
309 784
309 950
310 776
310 812
310 972
310 366
310 436
310 610
310 979
310 853
310 404
310 792
310 852
311 900
311 690
311 383
311 659
311 548
312 532
312 781
312 658
312 403
312 839
312 643
312 353
312 948
312 697
312 651
312 893
313 588
313 323
313 958
313 453
313 316
313 666
313 978
313 881
313 920
313 682
313 512
313 560
313 783
313 973
313 367
313 782
313 859
313 478
313 491
313 440
313 545
313 321
313 888
313 727
313 912
313 824
313 747
313 953
313 525
313 698
313 452
313 897
313 427
313 809
313 865
313 793
313 827
314 747
314 354
314 803
314 876
314 884
314 361
314 850
314 873
314 708
314 843
314 429
314 481
314 315
314 835
314 606
314 695
314 767
315 350
315 696
315 981
315 583
315 706
315 805
315 582
315 330
315 386
315 560
315 568
315 724
315 929
315 942
315 964
315 865
315 823
315 555
316 489
316 617
316 866
316 386
316 353
316 786
316 322
316 401
316 667
316 491
316 580
316 335
316 802
316 325
316 995
316 827
317 803
317 898
317 617
317 335
317 873
317 783
317 370
317 333
317 571
318 744
318 984
318 980
318 609
318 965
318 743
318 762
318 672
318 467
318 381
318 888
319 732
319 992
319 895
319 411
319 586
319 540
319 680
319 792
319 370
319 989
319 811
319 592
319 945
320 933
320 618
320 932
320 851
320 993
320 853
320 600
320 557
320 827
320 447
320 332
320 434
320 489
320 510
320 623
320 839
320 764
320 680
320 609
320 719
320 348
320 581
320 914
320 888
321 420
321 610
321 450
321 958
321 928
321 654
321 459
321 811
321 717
321 575
321 896
321 485
321 493
322 778
322 532
322 451
322 674
322 854
322 712
322 808
322 440
322 966
322 564
322 718
322 770
322 976
322 547
322 673
322 331
322 826
322 589
322 496
322 407
322 651
322 708
322 837
322 715
322 576
322 536
322 950
322 402
322 804
322 383
322 665
322 746
322 700
322 724
322 937
322 581
322 958
322 977
322 990
323 509
323 394
323 908
323 971
323 543
323 516
323 788
324 885
324 762
324 366
324 918
324 667
324 777
324 461
324 941
324 715
324 991
325 443
325 589
325 480
325 350
325 452
325 826
325 963
325 872
325 567
325 379
325 666
325 716
325 927
325 359
325 851
325 890
325 831
325 462
325 685
326 690
326 517
326 918
326 522
326 940
326 970
326 615
327 463
327 615
327 675
327 848
327 937
327 502
327 717
327 614
327 681
327 742
327 783
327 411
327 366
328 482
328 790
328 601
328 954
328 427
328 908
328 964
328 828
329 409
329 420
329 523
329 740
329 961
329 588
329 355
329 412
329 567
329 925
329 379
329 612
330 803
330 430
330 618
330 700
330 387
330 691
330 801
331 632
331 602
331 349
331 617
331 383
331 507
331 966
331 389
331 787
332 541
332 622
332 700
332 627
332 818
332 580
332 894
332 907
332 343
332 678
332 575
332 349
332 540
332 886
332 648
333 608
333 901
333 898
333 761
333 520
333 895
333 561
333 456
333 722
333 872
333 571
333 908
333 404
333 678
333 970
333 551
333 911
334 625
334 506
334 350
334 742
334 452
334 942
334 529
334 562
334 480
334 857
334 349
334 592
334 888
335 677
335 463
335 489
335 509
335 429
335 884
335 798
335 511
335 681
335 737
335 516
335 787
335 760
335 648
335 964
336 512
336 631
336 886
336 641
336 638
336 916
336 901
336 520
336 853
336 964
336 806
336 888
337 934
337 715
337 441
337 755
337 558
337 415
337 765
337 540
337 908
337 964
337 404
338 676
338 992
338 875
338 445
338 396
338 686
338 394
338 953
338 614
338 418
338 912
338 431
338 707
338 731
338 468
338 387
338 763
338 514
338 568
338 451
338 766
338 636
338 730
338 384
338 407
338 657
339 794
339 619
339 432
339 690
339 605
339 954
339 629
339 783
339 801
339 538
339 828
340 539
340 391
340 567
340 650
340 918
340 849
340 394
340 519
340 643
340 818
340 677
340 893
340 991
341 794
341 803
341 356
341 520
341 877
341 954
341 837
341 772
341 371
341 977
342 762
342 737
342 405
342 862
342 879
342 828
343 878
343 421
343 391
343 913
343 745
343 905
343 680
344 484
344 807
344 770
344 908
344 553
344 393
344 748
344 400
344 733
344 366
344 415
344 452
344 650
344 801
344 958
345 933
345 617
345 552
345 523
345 979
345 788
345 667
345 787
345 807
346 533
346 437
346 536
346 424
346 773
346 515
346 487
346 612
346 620
346 964
346 970
346 538
346 572
347 619
347 605
347 697
347 776
347 644
347 928
347 547
347 785
347 671
347 416
347 516
347 879
347 896
348 432
348 677
348 690
348 965
348 442
348 500
348 758
348 824
348 491
348 353
349 512
349 719
349 557
349 709
349 729
349 773
349 642
349 892
349 700
349 530
349 552
349 561
349 755
349 595
349 437
349 581
349 874
349 483
349 723
349 808
350 794
350 482
350 709
350 582
350 450
350 945
350 951
350 776
350 517
350 851
350 401
350 477
350 538
351 754
351 388
351 819
351 989
351 791
351 993
351 979
351 775
351 985
351 972
351 722
351 667
351 858
351 389
351 827
352 774
352 520
352 833
352 766
352 724
352 583
352 676
352 933
352 356
352 403
352 898
352 563
352 867
352 834
352 722
352 847
352 866
352 994
352 701
352 949
353 617
353 658
353 758
353 626
353 858
353 951
353 676
353 989
353 842
353 538
353 993
353 677
353 648
353 368
353 991
354 613
354 658
354 548
354 997
354 954
354 699
354 516
354 861
354 644
355 915
355 360
355 413
355 638
355 400
355 657
355 475
356 512
356 948
356 870
356 390
356 780
356 429
356 795
356 816
356 856
356 491
356 693
356 620
356 950
356 817
357 411
357 751
357 665
357 980
357 897
357 833
357 929
357 481
357 598
357 607
357 642
357 861
357 802
357 407
357 443
357 957
357 725
357 744
357 841
358 794
358 489
358 885
358 383
358 456
358 466
358 463
358 382
358 578
358 542
358 396
358 836
358 485
358 393
358 518
358 538
358 896
358 873
358 841
358 502
358 929
358 903
358 837
358 995
358 657
359 846
359 478
359 850
359 615
359 906
359 426
359 749
359 479
359 500
359 641
359 817
360 532
360 533
360 794
360 790
360 674
360 442
360 897
360 729
360 956
360 738
360 542
360 679
360 370
360 958
360 974
361 411
361 624
361 470
361 591
361 729
361 809
361 444
362 704
362 454
362 497
362 903
362 399
362 714
363 661
363 559
363 954
363 734
363 521
363 400
363 931
363 890
364 480
364 954
364 552
364 783
364 577
364 806
364 702
364 712
364 807
365 480
365 913
365 965
365 629
365 926
365 517
365 893
365 714
366 778
366 432
366 547
366 629
366 798
366 690
366 770
366 534
366 733
366 709
366 612
366 551
366 426
366 539
366 986
366 614
366 855
366 868
366 521
366 700
366 789
366 684
366 431
366 994
366 922
366 443
366 704
366 672
366 548
366 379
366 620
367 637
367 927
367 882
367 465
367 734
367 510
367 652
367 964
367 995
367 382
367 605
367 931
367 505
367 516
367 840
367 962
367 965
367 794
367 855
367 613
367 926
367 733
367 369
367 620
367 772
367 836
367 630
367 905
368 774
368 391
368 786
368 436
368 481
368 730
368 764
368 813
368 414
368 453
368 587
368 489
368 726
368 913
368 709
368 450
368 670
368 935
368 808
368 728
368 678
369 778
369 613
369 396
369 734
369 997
370 506
370 602
370 463
370 700
370 649
370 941
370 995
370 888
371 676
371 935
371 722
371 916
371 929
371 959
372 931
372 444
372 723
372 849
372 965
372 832
372 602
372 881
372 465
372 883
372 500
372 899
372 403
372 908
372 549
372 576
373 409
373 846
373 927
373 988
373 523
373 820
373 425
373 466
373 516
373 381
373 759
374 915
374 762
374 676
374 517
374 705
374 634
374 481
374 969
374 386
374 767
375 432
375 795
375 972
375 760
375 952
375 376
375 510
375 379
375 788
375 600
375 473
376 803
376 674
376 617
376 700
376 696
376 403
376 416
376 970
376 513
376 983
376 714
377 819
377 622
377 765
377 832
377 769
377 401
377 826
377 751
377 943
377 428
377 417
377 717
377 815
377 544
377 571
377 620
377 473
377 673
378 918
378 700
378 757
378 644
378 962
378 974
379 677
379 489
379 559
379 415
379 993
379 623
379 650
379 524
379 673
379 708
379 716
379 919
379 409
379 865
379 639
379 543
379 933
379 995
379 772
379 537
379 515
379 546
379 989
379 879
379 952
379 709
379 917
379 881
379 822
379 985
380 463
380 480
380 567
380 650
380 783
380 477
380 616
380 598
380 827
381 862
381 674
381 980
381 548
381 835
381 936
381 497
381 964
381 779
381 382
381 473
381 825
381 945
381 767
382 954
382 942
382 767
382 777
382 826
382 500
382 915
382 782
382 700
382 422
382 383
382 479
382 890
382 801
382 470
382 851
382 757
382 436
382 925
382 453
382 561
382 926
382 978
382 762
382 743
382 783
382 416
382 946
382 528
382 792
383 488
383 673
383 976
383 880
383 924
383 420
383 766
383 794
383 397
383 944
383 818
383 494
383 809
383 947
383 407
383 879
383 707
383 460
384 794
384 862
384 474
384 965
384 393
384 626
384 650
384 596
384 487
384 770
384 757
384 516
384 397
384 876
384 575
384 446
385 632
385 388
385 857
385 391
385 856
385 629
385 608
385 904
385 676
385 461
385 418
385 422
385 942
385 529
385 657
385 787
385 977
385 555
386 685
386 477
386 502
386 967
386 633
386 402
386 463
386 950
386 724
386 943
386 467
386 562
386 709
386 879
387 643
387 938
387 744
387 628
387 581
387 481
387 730
387 473
387 890
388 562
388 840
388 607
388 784
388 487
388 743
388 674
388 561
388 845
388 828
389 862
389 788
389 995
389 594
389 755
389 924
389 727
389 969
389 944
389 415
390 589
390 785
390 742
390 466
390 813
391 607
391 750
391 520
391 859
391 982
391 626
391 614
391 684
391 542
391 945
391 528
391 721
391 739
391 547
391 527
391 970
391 648
391 406
391 595
391 914
391 448
391 580
391 964
391 495
391 436
391 763
391 806
391 703
391 432
391 510
391 667
391 606
391 903
391 974
392 653
392 790
392 536
392 859
392 573
392 906
392 722
392 727
392 404
392 621
392 823
393 411
393 438
393 552
393 910
393 439
393 619
393 922
393 563
393 713
393 401
393 993
393 809
393 966
394 737
394 618
394 903
394 948
394 988
394 452
394 667
394 649
394 484
394 450
394 657
394 473
395 964
395 514
395 524
395 452
395 561
395 685
395 897
395 597
395 853
395 620
395 570
396 512
396 589
396 575
396 760
396 908
396 863
396 903
397 998
397 489
397 725
397 650
397 839
397 724
397 907
397 450
397 992
397 846
397 806
397 841
397 977
398 411
398 562
398 668
398 472
398 733
398 624
398 577
398 936
398 828
399 432
399 624
399 927
399 452
399 769
399 845
399 739
399 639
399 429
399 955
400 776
400 677
400 910
400 730
400 571
400 718
400 782
400 702
400 780
400 866
400 643
400 737
400 930
400 882
400 518
400 490
401 898
401 867
401 765
401 527
401 930
401 896
401 481
401 981
401 897
401 717
401 888
401 779
401 568
401 678
401 780
401 854
401 497
401 452
401 790
401 869
401 614
401 919
401 925
401 669
401 758
401 505
401 785
401 519
401 629
401 508
401 454
401 801
401 648
402 776
402 520
402 854
402 801
402 880
402 404
402 975
402 490
402 472
402 741
403 602
403 674
403 707
403 545
403 603
403 952
403 944
403 910
403 763
403 649
403 693
403 588
404 672
404 456
404 863
404 612
404 644
404 850
404 771
404 520
404 619
404 720
404 782
404 773
404 565
404 600
404 496
404 522
404 583
404 879
404 660
404 877
404 868
404 852
404 690
404 617
404 856
404 966
404 808
404 834
404 849
404 610
404 995
404 787
405 601
405 690
405 906
405 406
405 635
405 874
405 990
405 566
405 446
406 480
406 416
406 577
406 757
406 639
406 502
406 922
406 778
406 541
406 949
406 777
406 819
406 898
406 486
406 669
406 902
406 878
406 532
406 650
406 910
406 944
406 589
406 431
406 597
406 483
406 424
406 593
406 748
406 550
406 916
406 917
406 523
406 975
406 893
406 963
407 989
407 925
407 658
407 858
407 445
407 707
407 969
407 647
407 906
407 787
407 888
408 479
408 986
408 617
408 976
408 825
409 532
409 744
409 754
409 451
409 501
409 782
409 674
409 789
409 857
409 470
409 936
409 863
409 886
410 972
410 427
410 927
410 432
410 817
410 555
410 826
410 445
410 850
410 532
410 627
410 527
410 871
410 851
410 620
410 695
410 813
410 598
411 711
411 948
411 693
411 796
411 681
411 556
411 661
411 778
411 727
411 548
411 845
411 843
411 559
411 816
411 929
411 649
411 620
411 940
411 806
411 747
412 904
412 658
412 500
412 728
412 650
412 947
412 738
412 879
413 803
413 559
413 567
413 734
413 772
413 970
414 624
414 567
414 415
414 463
414 659
414 682
414 857
414 550
414 860
414 713
414 964
414 828
415 980
415 525
415 474
415 677
415 736
415 819
415 538
415 806
415 480
415 625
415 613
415 717
415 904
415 561
415 554
415 582
415 987
415 804
415 574
415 802
415 636
415 421
415 969
415 765
415 448
415 667
415 809
416 465
416 697
416 709
416 761
416 634
416 712
416 854
416 891
416 497
416 996
416 833
416 507
416 866
416 714
416 420
416 862
416 820
416 459
416 874
416 879
416 850
416 435
416 541
416 822
416 419
416 457
416 971
416 819
416 542
416 637
416 577
416 528
416 841
416 807
417 432
417 463
417 700
417 993
418 754
418 552
418 452
418 562
418 794
418 899
418 828
418 714
418 912
418 777
418 767
418 435
418 604
418 729
418 904
418 506
418 964
418 792
419 489
419 762
419 837
419 727
419 760
419 911
419 896
420 716
420 475
420 518
420 492
420 570
420 669
420 618
420 736
420 611
421 884
421 843
421 795
421 620
421 851
421 624
421 496
421 913
421 835
421 540
421 660
422 506
422 722
422 818
422 503
422 865
422 615
422 888
423 532
423 544
423 899
423 770
423 911
424 790
424 885
424 760
424 434
424 812
424 501
424 526
424 713
424 911
425 915
425 677
425 932
425 452
425 814
425 482
425 888
425 673
426 428
426 908
426 833
426 783
426 823
426 458
426 890
426 737
426 550
426 447
426 724
426 695
426 551
426 865
426 767
426 869
427 948
427 589
427 992
427 742
427 548
427 825
427 814
427 729
427 785
427 526
427 936
427 623
427 964
427 876
427 657
428 794
428 489
428 913
428 734
428 561
428 969
428 801
428 557
428 990
428 555
429 677
429 865
429 570
429 469
429 482
429 907
429 758
429 510
429 735
429 593
429 582
429 994
429 795
429 514
429 772
429 787
429 827
430 826
430 440
430 563
430 837
430 437
430 980
430 742
430 993
430 580
430 792
430 940
430 673
431 541
431 509
431 976
431 730
431 969
431 995
431 757
432 578
432 619
432 802
432 947
432 880
432 439
432 917
432 812
432 765
432 692
432 882
432 922
432 887
432 761
432 712
432 618
432 895
432 803
432 902
432 467
432 753
432 703
432 740
432 553
432 774
432 610
432 617
432 972
432 452
432 883
432 888
433 489
433 856
433 500
433 590
433 950
433 673
434 785
434 520
434 965
434 561
434 845
434 969
434 733
434 542
434 964
434 828
435 794
435 846
435 618
435 742
435 739
435 764
435 551
435 887
435 807
435 594
435 610
435 588
435 450
436 715
436 921
436 453
436 533
436 838
436 744
436 625
436 578
436 972
436 497
436 751
436 840
436 849
436 976
436 648
436 813
437 459
437 737
437 471
437 718
437 889
437 450
437 623
437 896
437 584
437 707
437 871
437 757
437 625
437 790
437 627
437 475
437 640
437 577
437 764
437 719
437 624
437 438
437 978
437 770
437 524
437 745
437 641
437 695
438 479
438 459
438 718
438 916
438 452
438 727
439 846
439 559
439 816
439 935
439 878
439 666
440 482
440 637
440 856
440 460
440 849
440 508
441 830
441 482
441 589
441 893
441 587
441 795
441 780
441 999
441 504
441 520
441 561
441 528
441 608
442 512
442 602
442 601
442 881
442 737
442 745
442 907
442 889
442 527
442 708
442 687
442 729
442 577
442 973
443 515
443 899
443 896
443 704
443 998
443 919
443 962
443 460
443 851
443 514
443 542
443 598
443 480
443 690
443 733
443 567
443 783
443 473
443 583
444 690
444 470
444 516
445 730
445 655
445 620
445 664
445 955
445 576
445 990
446 762
446 548
446 920
446 828
446 539
446 488
446 562
446 469
446 846
446 603
446 940
447 900
447 898
447 553
447 590
447 703
447 922
447 711
447 500
447 606
447 521
447 837
448 489
448 569
448 524
448 940
449 617
449 470
449 742
449 722
449 821
449 616
449 671
449 510
449 691
449 779
449 557
449 964
450 981
450 667
450 908
450 692
450 680
451 515
451 682
451 590
451 828
451 765
451 827
451 791
451 640
451 945
451 962
451 588
451 654
451 817
451 759
451 934
451 922
451 772
451 970
451 896
452 589
452 470
452 569
452 886
452 678
452 917
452 705
452 479
452 997
452 726
452 890
452 461
452 534
452 821
452 762
452 618
452 915
452 598
452 844
452 577
452 822
452 708
453 605
453 742
453 516
453 474
453 620
453 714
454 998
454 751
454 639
454 856
454 697
454 850
455 463
455 624
455 768
455 954
455 521
455 631
455 869
455 646
455 886
455 893
456 776
456 677
456 743
456 774
456 605
456 742
456 569
456 508
456 634
456 800
456 488
456 831
456 660
456 765
456 868
456 671
456 477
456 772
456 970
456 529
456 473
457 900
457 474
457 946
457 616
457 557
457 592
458 743
458 872
458 536
458 833
458 611
458 954
458 467
459 594
459 897
459 891
459 587
459 814
459 804
459 473
459 958
459 708
460 846
460 932
460 588
460 473
460 658
460 602
460 708
461 927
461 520
461 730
461 762
461 621
461 946
461 978
461 613
461 759
462 794
462 650
462 510
462 508
462 916
462 766
462 906
462 608
462 549
463 696
463 626
463 901
463 750
463 697
463 991
463 603
463 951
463 523
463 706
463 745
463 838
463 877
463 801
463 507
463 899
463 667
463 929
463 620
463 508
463 888
463 673
464 512
464 776
464 709
464 849
464 964
464 940
465 686
465 677
465 827
465 997
465 625
465 634
465 906
465 732
465 713
465 789
465 766
465 612
465 641
465 727
465 841
466 632
466 677
466 912
466 483
466 666
466 514
466 787
466 613
466 593
466 470
466 748
466 621
466 916
466 519
466 492
466 683
466 832
466 647
466 996
466 935
466 886
466 644
467 489
467 525
467 830
467 942
467 907
467 637
467 654
467 504
467 984
467 993
467 650
467 759
467 714
468 819
468 733
468 559
468 972
468 561
468 524
468 971
468 802
468 823
469 653
469 862
469 500
469 697
469 910
469 993
469 959
469 970
469 813
469 663
470 959
470 589
470 651
470 960
470 624
470 942
470 931
470 710
470 674
470 845
470 644
470 855
470 510
470 617
470 591
470 495
470 632
470 723
470 761
470 471
470 805
470 985
470 746
470 607
470 996
470 907
470 807
470 850
470 935
470 481
470 516
470 538
471 694
471 993
471 908
471 903
471 784
471 673
472 632
472 605
472 856
472 867
472 557
472 886
472 580
472 772
473 602
473 829
473 661
473 520
473 650
473 929
473 892
473 745
473 807
473 951
473 476
473 716
473 825
473 800
473 581
473 985
473 719
473 501
473 714
473 974
474 938
474 998
474 855
474 514
474 492
474 617
474 645
474 929
474 970
475 602
475 913
475 925
475 992
475 993
475 650
475 975
475 828
475 972
475 577
475 631
475 644
475 891
475 561
475 726
476 846
476 722
476 809
476 572
476 767
477 515
477 539
477 976
477 717
477 726
477 992
477 700
477 843
477 732
477 590
477 773
477 822
477 933
477 814
477 652
477 591
477 634
477 687
477 865
478 898
478 829
478 863
478 983
478 791
478 810
478 483
478 865
478 747
478 958
478 893
479 492
479 636
479 997
479 922
479 989
479 988
479 945
479 555
479 808
479 876
479 834
479 517
479 979
479 493
480 751
480 512
480 995
480 782
480 549
480 521
480 784
480 655
480 855
480 731
480 966
480 585
480 844
480 557
480 994
480 832
480 778
480 642
480 493
480 535
480 559
480 700
480 742
480 758
480 739
480 766
480 504
480 931
481 938
481 732
481 754
481 922
481 999
481 994
481 990
481 705
481 713
481 899
481 838
481 628
481 584
481 856
481 812
481 975
481 849
481 500
481 661
481 625
481 626
481 764
481 969
481 501
481 685
481 516
481 843
481 648
481 930
481 799
482 617
482 912
482 484
482 907
482 483
482 988
482 742
482 671
482 551
483 589
483 760
483 942
483 970
483 873
483 977
483 762
483 947
483 782
483 956
483 993
483 730
483 638
483 738
483 955
483 931
484 527
484 878
484 762
484 690
484 929
484 684
484 977
485 891
485 742
485 984
485 811
485 836
485 686
485 993
485 649
485 695
486 512
486 927
486 599
486 525
486 734
486 684
486 667
486 595
486 538
486 708
486 964
486 588
486 745
486 944
486 902
486 936
487 635
487 884
487 589
487 660
487 727
488 539
488 913
488 929
488 792
488 896
489 512
489 496
489 957
489 940
489 559
489 837
489 982
489 846
489 731
489 687
489 490
489 825
489 732
489 806
489 751
489 916
489 896
489 569
489 679
489 802
489 663
489 740
489 925
489 556
489 910
489 969
489 534
489 684
490 686
490 989
490 724
490 522
490 903
490 902
490 770
490 723
490 498
491 898
491 726
491 635
491 640
491 529
491 819
491 799
491 523
491 805
491 768
491 817
491 903
492 744
492 711
492 850
492 638
492 598
493 515
493 736
494 998
494 763
494 929
494 893
495 720
495 989
495 961
495 853
495 834
495 817
495 746
495 747
496 677
496 624
496 687
496 641
496 801
496 791
496 640
496 875
496 785
496 779
496 830
496 983
496 559
496 783
496 837
496 893
497 536
497 753
497 857
497 695
497 785
497 903
498 931
498 558
498 562
498 853
498 717
498 833
498 824
498 504
498 792
498 827
499 778
499 794
499 589
499 867
499 992
499 699
499 647
499 825
499 540
499 583
500 602
500 954
500 648
500 998
500 821
500 562
500 710
500 593
500 519
500 900
500 940
500 958
501 898
501 765
501 824
501 746
501 564
501 883
501 695
501 977
502 819
502 812
502 624
502 760
502 902
502 722
502 929
502 734
502 978
502 881
502 646
502 582
503 674
503 867
503 659
503 832
503 834
503 539
503 813
503 556
504 512
504 898
504 885
504 913
504 650
504 853
504 666
504 901
504 866
504 948
504 686
504 668
504 759
504 861
504 673
505 676
505 659
505 760
505 615
505 610
505 616
505 828
505 822
506 537
506 517
506 768
506 895
506 510
506 709
506 614
506 740
506 790
506 611
506 981
506 734
506 853
506 660
506 612
506 893
507 617
507 531
507 946
507 584
507 614
507 705
507 820
507 516
507 549
507 592
507 663
508 733
508 935
508 693
508 896
508 942
508 608
508 807
509 644
509 566
509 638
509 760
509 979
510 674
510 563
510 540
510 538
510 707
510 753
510 547
510 578
510 575
510 997
510 788
510 964
511 777
511 516
511 695
511 836
511 967
511 995
511 790
512 525
512 613
512 616
512 988
512 956
512 965
512 855
512 555
512 994
512 788
512 917
512 991
512 949
512 514
512 885
512 775
512 895
512 730
512 892
512 940
513 777
513 986
513 837
513 644
513 657
514 715
514 691
514 927
514 936
514 650
514 792
515 663
515 978
515 599
515 966
515 999
515 713
515 706
515 829
515 799
515 700
515 988
515 969
515 695
515 673
516 762
516 932
516 635
516 685
516 757
516 823
516 575
516 841
516 926
516 934
516 589
516 976
516 801
516 700
516 632
516 773
516 604
516 911
516 787
517 803
517 857
517 844
517 744
517 786
517 542
517 736
517 572
517 590
517 811
517 959
517 952
517 956
517 584
517 713
517 919
517 821
517 971
517 606
517 611
517 695
517 772
517 538
517 708
518 602
518 660
518 588
518 975
519 891
519 723
519 858
519 612
519 990
520 962
520 594
520 956
520 759
520 850
520 624
520 696
520 637
520 987
520 913
520 718
520 867
520 905
520 918
520 730
520 650
520 859
521 533
521 927
521 674
521 829
521 561
521 858
521 527
521 887
522 624
522 932
522 775
522 586
522 587
522 940
523 545
523 619
523 700
523 972
523 784
523 554
523 618
523 561
523 649
523 936
523 549
524 690
524 851
524 726
524 902
524 872
524 623
524 769
524 944
524 744
525 544
525 842
525 935
525 895
525 667
525 956
525 764
526 543
526 561
526 601
526 706
526 760
526 556
526 743
526 879
526 747
526 849
526 592
526 614
527 996
527 592
527 796
527 631
527 645
527 598
527 666
527 958
528 853
528 571
528 623
528 652
528 834
528 566
528 997
528 669
528 909
528 691
528 971
528 767
528 917
528 579
528 546
528 704
528 781
528 746
529 898
529 755
529 618
529 716
529 559
529 696
529 900
529 761
529 723
529 858
529 643
530 915
530 743
530 699
530 809
530 847
530 997
530 985
530 662
530 930
530 995
531 992
531 845
531 738
531 877
531 746
531 673
531 688
532 550
532 926
532 848
532 572
532 670
532 611
532 975
532 603
532 913
532 906
532 854
532 929
532 580
532 606
532 826
532 837
532 836
533 700
533 986
533 852
533 862
533 577
533 788
533 893
534 824
534 537
534 883
534 640
534 654
534 717
534 566
535 812
535 969
535 805
535 783
535 899
535 850
535 978
535 647
535 644
536 669
536 938
536 691
536 605
536 925
536 552
536 815
536 608
536 708
537 885
537 671
537 728
537 986
537 677
537 964
538 929
538 873
538 695
538 565
538 781
538 844
538 930
538 599
539 778
539 754
539 823
539 616
539 646
539 856
539 770
539 773
539 975
539 666
539 786
539 877
539 828
539 714
540 559
540 700
540 809
540 742
540 791
540 697
540 944
540 606
540 660
540 787
540 579
541 736
541 928
541 923
541 998
541 896
541 855
541 932
541 664
541 787
541 616
541 828
542 774
542 569
542 853
542 776
542 653
542 584
542 673
543 794
543 954
543 553
543 668
543 887
543 694
543 927
543 671
543 649
543 903
543 598
543 983
544 653
544 928
544 636
544 953
544 546
544 703
544 745
544 630
544 991
545 784
545 911
545 706
545 722
545 740
545 662
546 778
546 677
546 695
546 834
546 893
547 632
547 898
547 686
547 762
547 972
547 729
547 650
548 632
548 877
548 654
548 891
548 551
548 910
548 594
548 981
548 812
548 630
548 815
548 924
548 823
548 585
548 997
548 800
548 782
548 737
548 779
548 669
548 954
548 903
548 601
548 819
548 751
548 777
548 980
548 904
548 567
548 577
549 927
549 562
549 611
549 889
549 766
549 962
549 851
549 978
549 747
550 863
550 947
550 916
550 713
550 703
550 768
550 740
550 619
550 851
550 551
550 928
550 769
550 632
550 920
550 906
550 810
550 911
550 896
550 680
551 778
551 677
551 760
551 942
551 811
551 738
551 725
551 820
551 731
551 737
551 848
551 720
551 742
551 723
551 749
551 944
551 874
551 799
552 915
552 752
552 934
552 789
552 651
552 729
552 820
552 849
553 944
553 948
553 565
553 594
553 845
553 786
553 699
553 993
553 849
553 955
553 977
554 574
554 986
554 774
554 881
554 704
554 906
554 964
554 780
554 753
554 571
554 708
555 754
555 699
555 969
555 936
555 964
555 977
556 690
556 809
557 637
557 978
557 794
557 957
557 670
557 722
557 970
557 746
557 730
557 828
557 865
557 896
558 637
558 700
558 988
558 775
558 762
558 724
558 571
558 828
559 900
559 614
559 646
559 743
559 635
559 846
559 687
559 810
559 999
559 624
559 887
559 931
559 991
560 794
560 819
560 795
560 736
560 562
560 969
560 837
561 690
561 925
561 692
561 576
561 599
561 827
561 598
561 871
561 687
561 933
561 571
562 954
562 578
562 742
562 838
562 620
562 880
562 932
562 766
562 956
562 641
562 811
562 678
562 663
563 668
563 921
563 967
563 603
563 836
563 726
563 935
563 655
563 801
563 571
563 849
563 890
564 938
564 720
564 927
564 923
564 858
564 979
564 784
564 566
565 933
565 857
565 723
565 626
565 930
565 837
566 632
566 690
566 592
566 848
566 921
566 615
566 945
566 924
566 700
566 582
566 767
566 718
566 958
567 601
567 774
567 782
567 870
567 937
567 696
567 850
567 730
567 938
567 617
567 940
567 992
567 698
567 729
567 902
567 845
567 942
567 727
568 613
568 589
568 912
568 829
568 760
569 944
569 593
569 721
569 584
569 648
569 658
569 763
569 993
569 650
569 817
570 676
570 716
570 722
570 766
570 610
570 677
570 944
570 827
571 632
571 881
571 946
571 974
571 926
571 931
571 992
571 682
571 827
571 701
571 742
571 683
571 766
571 755
571 864
571 764
571 802
571 862
571 903
571 572
571 787
571 708
572 878
572 809
572 630
572 688
573 898
573 768
573 954
573 961
573 783
573 606
573 948
573 596
573 616
573 621
574 744
574 820
574 975
574 826
574 974
575 686
575 900
575 741
575 655
575 849
575 785
575 749
575 829
575 932
576 837
576 792
576 610
576 802
576 981
576 944
576 764
577 768
577 784
577 730
577 657
577 605
577 664
577 786
577 992
578 960
578 769
578 820
578 648
578 792
579 948
579 677
579 762
579 913
579 954
579 623
579 733
579 639
579 671
579 972
579 781
579 725
579 970
579 822
579 977
579 858
579 600
579 924
580 751
580 658
580 762
580 590
580 690
580 752
580 995
581 713
581 908
581 695
581 879
581 977
582 778
582 677
582 913
582 722
582 947
582 837
582 845
583 862
583 988
583 629
583 833
583 792
583 752
583 649
584 809
584 802
584 747
585 913
585 856
585 772
586 825
586 853
586 868
586 620
586 644
586 828
587 944
587 842
587 760
587 693
587 911
587 807
588 686
588 618
588 617
588 760
588 650
588 977
589 625
589 629
589 604
589 651
589 864
589 683
589 938
589 966
589 692
589 964
589 847
589 902
589 658
589 699
589 981
589 669
589 675
589 850
589 674
589 628
589 742
589 750
589 899
589 792
590 639
590 690
590 904
590 792
590 930
590 990
591 900
591 677
591 853
591 849
591 880
591 673
592 674
592 993
592 989
592 799
592 821
593 794
593 998
593 981
593 889
593 663
593 823
593 977
594 731
594 804
594 861
594 739
594 926
594 762
594 879
594 949
594 991
595 927
595 666
595 695
595 836
595 600
595 603
596 986
596 779
596 638
596 695
596 964
596 859
596 712
596 614
597 794
597 934
597 819
597 977
597 874
597 982
597 646
597 636
598 913
598 671
598 929
598 830
599 837
599 866
599 974
599 700
599 942
599 838
599 991
599 608
599 680
600 795
600 677
600 918
600 782
600 931
600 919
600 688
601 811
601 663
601 844
601 827
601 952
601 998
601 734
601 949
602 812
602 763
602 853
602 976
602 683
602 757
602 770
602 798
602 857
602 960
602 904
602 927
602 837
602 661
602 690
602 863
602 829
602 626
602 886
602 771
602 713
602 678
602 615
603 622
603 716
603 775
603 908
603 727
603 701
603 787
604 885
604 617
604 658
604 699
605 838
605 926
605 921
605 635
605 929
605 809
605 936
606 934
606 826
606 630
606 950
607 898
607 885
607 690
607 985
608 609
608 929
608 620
608 648
608 695
608 838
608 768
608 982
608 795
608 995
608 687
608 883
608 829
608 840
609 877
609 742
609 744
609 913
609 969
609 911
610 774
610 693
610 958
610 808
610 911
610 817
611 913
611 856
611 941
611 788
611 879
612 833
612 677
612 664
612 662
612 983
612 616
612 802
612 781
612 964
613 794
613 731
613 673
614 969
614 985
614 964
614 863
614 811
614 780
614 984
614 730
614 963
614 950
614 798
614 787
615 862
615 762
615 768
615 929
615 649
615 662
615 964
615 893
615 620
615 863
615 841
615 861
616 927
616 652
616 629
616 731
616 625
616 814
616 734
616 770
616 704
616 735
616 888
616 673
617 819
617 910
617 943
617 797
617 948
617 920
617 865
617 869
617 848
617 893
617 783
617 655
617 652
617 851
617 678
617 806
617 750
617 786
617 849
617 903
617 964
617 880
618 845
618 721
618 758
618 766
618 867
618 964
618 813
619 918
619 839
619 835
619 796
619 751
619 665
619 856
619 865
619 974
620 989
620 801
620 876
620 835
620 656
620 686
620 797
620 670
620 812
620 865
620 766
620 858
620 803
620 948
620 977
621 803
621 998
621 999
621 802
621 974
621 860
621 865
622 633
622 787
622 860
622 900
622 801
622 908
622 974
623 819
623 882
623 793
623 958
623 664
623 714
623 708
624 701
624 933
624 998
624 793
624 882
624 977
624 909
624 969
624 995
624 659
624 809
624 713
624 849
624 930
625 847
625 891
625 689
625 721
625 918
625 913
626 674
626 882
626 858
626 815
626 990
626 829
626 695
626 693
626 787
627 877
627 742
627 689
627 629
627 843
627 930
627 841
628 639
628 774
628 700
628 954
628 906
628 635
628 730
628 929
628 784
629 934
629 790
629 849
629 846
629 876
629 730
629 806
629 977
629 673
630 720
630 885
630 754
630 697
630 930
630 896
631 904
631 658
631 667
631 809
631 685
631 735
631 938
631 714
632 677
632 860
632 892
632 736
632 700
632 645
632 659
632 728
632 809
632 836
632 806
632 840
633 933
633 988
633 833
633 801
634 913
634 700
634 906
634 672
634 933
634 671
634 668
634 762
634 908
634 869
635 715
635 672
635 795
635 927
635 892
635 801
635 869
635 708
636 856
636 689
636 820
636 766
636 929
636 969
637 721
637 825
637 984
637 683
637 787
637 779
637 877
637 689
637 715
637 979
637 739
637 849
637 836
638 709
638 898
638 975
638 874
638 922
638 681
638 773
638 888
638 708
639 915
639 931
639 803
639 871
639 839
639 894
639 700
639 844
639 820
639 883
639 897
639 809
639 836
639 893
639 869
640 954
640 908
640 648
640 836
640 967
640 790
641 898
641 739
641 956
641 890
642 795
642 825
642 993
642 849
642 977
643 779
643 781
643 825
643 763
643 880
643 733
643 981
644 948
644 695
644 782
644 743
645 663
645 805
645 698
645 657
645 991
646 726
646 765
646 984
646 952
646 730
647 913
647 844
647 661
647 788
647 650
647 859
648 988
648 785
648 710
648 877
648 993
648 721
648 697
648 657
648 732
648 766
648 777
648 663
649 674
649 700
649 897
649 817
649 790
649 762
649 691
649 871
649 787
649 793
649 990
650 794
650 913
650 870
650 689
650 752
650 962
650 785
650 658
650 933
650 798
650 976
650 958
650 994
650 700
651 690
651 856
652 691
652 699
652 679
652 872
652 747
653 948
653 762
653 754
653 746
653 730
653 788
653 665
653 833
653 667
653 903
654 927
654 954
654 763
654 722
654 993
654 853
654 826
654 903
654 942
655 694
655 831
655 940
655 995
655 942
655 999
655 908
655 680
656 794
656 915
656 674
656 932
656 672
656 801
657 674
657 766
657 873
657 806
657 737
657 693
657 668
657 666
657 820
657 698
657 814
658 965
658 953
658 741
658 962
658 875
658 994
658 914
658 839
659 715
659 911
659 714
659 888
660 989
660 929
660 875
660 877
660 982
660 988
660 663
660 725
660 680
660 994
660 695
660 793
660 893
661 904
661 946
661 825
662 929
662 985
663 819
663 838
663 789
663 725
663 802
664 677
664 762
664 829
664 856
664 775
664 964
664 702
665 866
665 988
665 744
665 934
665 742
665 893
665 708
666 677
666 937
666 889
666 715
666 915
666 686
666 809
666 734
666 825
666 695
666 975
666 859
667 742
667 697
667 949
667 687
667 998
667 853
667 752
667 684
667 691
667 680
667 848
667 775
667 934
667 759
667 781
667 994
667 964
667 977
668 720
668 969
668 695
669 898
669 949
669 897
669 929
669 808
669 979
669 886
669 942
669 792
669 970
670 913
670 724
670 760
671 998
671 819
671 677
671 688
671 862
671 887
671 928
671 762
671 736
671 684
671 938
671 967
671 996
671 993
671 714
672 768
672 674
672 805
672 706
673 730
673 770
673 836
673 771
673 972
673 886
673 920
673 736
673 846
673 692
673 811
673 992
673 989
674 797
674 766
674 738
674 885
674 987
674 806
674 944
674 909
674 831
674 800
674 686
674 775
674 958
675 778
675 977
675 803
675 798
676 751
676 678
676 998
676 939
676 785
676 855
676 936
676 913
676 786
676 742
676 837
677 730
677 842
677 722
677 981
677 887
677 817
677 987
677 809
677 701
677 995
677 755
677 734
677 849
677 945
677 699
677 764
677 975
678 846
678 927
678 877
678 947
678 780
678 930
678 865
678 991
679 694
679 969
679 853
679 983
680 697
680 724
680 864
680 865
680 935
680 798
680 773
680 964
680 859
680 781
681 882
681 682
681 849
681 937
681 886
681 785
681 904
681 757
682 846
682 925
682 729
683 802
683 841
684 927
684 993
684 747
684 727
684 705
684 977
685 715
685 759
686 770
686 702
686 915
686 884
686 914
686 792
686 837
686 756
686 973
686 891
686 988
686 765
686 743
687 862
687 779
687 867
687 739
687 977
688 948
689 742
689 970
689 741
690 988
690 855
690 800
690 958
690 734
690 780
690 944
690 872
690 781
690 845
690 806
691 771
691 936
691 913
691 742
691 806
691 767
692 938
692 965
692 853
692 695
692 837
693 847
693 990
693 747
693 728
693 874
693 969
694 809
694 788
695 794
695 894
695 928
695 761
695 819
695 723
695 703
695 864
695 738
695 852
695 977
696 753
696 774
696 726
696 806
696 987
696 730
696 918
696 767
697 998
697 759
697 965
697 810
697 722
697 738
697 888
698 965
698 711
698 924
698 772
698 827
699 938
699 972
699 830
699 799
699 925
699 864
700 720
700 936
700 780
700 742
700 828
700 775
700 918
700 907
700 822
700 831
700 984
701 898
701 913
701 809
701 908
701 911
701 893
702 819
702 969
702 985
702 833
702 911
702 977
703 938
703 750
703 964
703 995
703 787
703 799
704 758
704 792
704 738
705 753
705 762
705 901
705 999
705 997
705 827
705 841
706 755
706 733
706 886
706 865
707 933
707 775
707 899
707 837
708 862
708 954
708 946
708 911
708 856
708 716
708 712
708 821
708 920
708 811
708 835
709 788
709 971
709 794
709 821
709 943
709 929
709 886
710 989
710 883
710 969
710 795
710 806
710 888
711 819
711 996
711 715
711 725
711 768
711 952
711 855
711 913
711 897
711 745
712 993
712 918
713 885
713 730
713 833
714 743
714 854
714 763
714 955
714 776
714 994
714 948
715 889
715 868
715 967
715 865
716 898
716 900
716 877
716 859
716 818
716 913
716 843
716 984
716 897
716 908
716 970
716 787
717 723
717 739
717 792
718 878
718 774
718 809
718 964
718 837
718 802
718 767
719 901
719 889
719 783
719 946
719 837
720 747
720 923
720 965
720 726
720 981
720 787
720 793
720 993
720 847
720 930
720 995
720 828
721 790
721 970
722 922
722 896
722 819
722 870
722 927
722 895
722 770
722 996
722 949
722 916
722 801
722 964
722 970
722 958
722 860
722 869
723 825
723 784
724 957
724 962
724 974
725 927
725 761
725 753
725 769
725 729
725 985
725 936
725 826
725 918
725 827
726 882
726 991
726 905
726 797
726 790
726 861
726 772
727 898
727 773
727 939
727 809
728 816
728 793
728 781
728 837
728 770
728 896
729 883
729 907
729 730
729 969
729 858
730 982
730 925
730 973
730 990
730 770
730 972
730 922
731 944
731 998
731 857
731 735
731 820
731 949
732 747
732 864
732 965
732 984
732 849
732 974
733 740
733 879
733 964
733 767
733 896
733 977
734 833
734 885
734 790
734 880
734 875
734 797
734 996
734 916
734 947
734 968
735 774
736 915
736 887
736 954
736 755
736 786
736 903
737 777
737 831
737 877
738 885
738 932
738 907
738 969
738 987
738 926
738 897
738 937
738 893
739 790
739 990
739 756
740 846
740 820
740 876
741 922
742 846
742 864
742 885
742 880
742 806
742 860
742 756
742 928
742 810
742 830
742 956
742 921
742 985
743 862
743 977
743 859
743 923
743 992
743 747
743 991
744 807
744 967
744 976
744 953
744 921
744 801
744 853
744 942
745 768
745 809
745 930
746 908
746 954
746 978
746 754
747 908
747 892
747 873
747 870
747 784
747 925
748 754
748 936
749 867
749 954
749 918
749 809
750 794
750 878
750 984
750 903
750 970
750 879
751 790
751 952
751 854
752 762
752 797
752 783
752 977
753 931
753 761
753 992
753 903
753 827
754 760
754 961
754 855
754 775
754 970
755 943
755 865
755 885
755 899
755 787
756 819
756 848
757 801
758 939
758 962
758 783
758 807
759 777
759 972
760 865
760 864
760 941
760 877
760 853
760 955
760 949
760 948
760 805
760 788
760 929
760 809
761 897
761 809
761 865
761 991
762 776
762 974
762 871
762 972
762 898
762 784
762 913
763 790
763 885
763 995
763 873
764 934
764 819
764 842
764 847
764 828
764 958
764 936
764 832
765 988
765 863
765 833
765 811
765 966
765 802
766 988
766 826
766 850
766 857
766 865
767 911
767 800
767 887
767 934
768 885
768 995
768 890
768 825
768 817
769 908
769 798
769 777
769 839
769 964
770 824
770 971
770 790
770 795
770 987
770 861
771 868
772 803
772 818
772 826
772 994
772 824
772 941
772 936
772 859
772 951
772 931
773 846
773 849
773 871
774 976
774 900
774 930
774 858
774 806
774 817
775 848
775 837
775 955
775 929
775 991
775 888
776 865
776 908
776 931
777 878
777 822
777 938
777 875
777 927
777 893
777 991
778 843
778 940
778 846
778 995
779 944
779 780
779 837
779 893
780 858
780 853
780 869
781 957
781 914
781 800
781 988
781 893
783 854
783 845
783 798
783 819
783 806
783 784
783 977
783 888
784 787
784 911
785 915
785 878
785 895
785 954
785 802
785 879
785 807
786 846
786 891
786 824
786 801
786 827
787 918
787 870
787 803
787 867
787 845
787 968
788 801
788 830
788 945
788 900
788 909
788 829
788 947
788 832
788 968
789 881
789 993
789 929
790 933
790 832
790 864
790 884
791 856
791 877
791 889
792 906
792 929
792 854
792 846
792 955
792 793
792 888
792 916
792 928
792 818
792 811
793 816
793 856
793 916
793 892
793 828
793 977
794 953
794 882
794 854
794 866
794 847
795 993
795 961
795 856
795 929
796 806
798 944
798 896
799 989
799 969
799 896
799 862
799 995
799 938
800 915
800 904
800 985
800 807
801 897
801 969
801 899
801 850
801 914
801 918
801 956
801 960
801 905
801 976
801 928
801 811
801 807
802 816
802 959
802 963
802 894
802 991
803 912
803 965
803 828
803 843
803 837
803 880
803 811
803 984
803 969
803 853
803 836
804 934
804 889
804 864
805 824
805 979
805 853
806 856
806 992
806 989
806 911
806 970
806 844
807 858
807 938
807 879
807 987
807 840
807 950
807 862
808 898
808 972
809 885
809 933
809 810
809 899
809 943
809 891
809 908
809 877
810 913
810 877
810 819
810 897
810 931
811 827
812 816
812 853
812 958
812 896
813 816
813 953
813 929
813 992
813 863
813 988
815 989
815 980
816 918
816 822
817 862
817 891
817 943
817 837
818 933
818 846
818 892
818 992
818 916
818 953
819 845
819 886
820 997
820 903
821 938
822 836
822 873
822 921
823 870
824 919
824 860
825 856
825 857
825 836
825 933
825 881
826 899
826 908
826 964
827 958
827 873
827 845
827 842
827 911
828 833
828 942
828 924
828 896
828 841
829 835
829 930
829 858
829 954
830 915
830 879
831 965
831 935
832 967
833 856
833 842
833 992
833 890
833 899
833 879
834 929
834 963
835 910
835 953
835 855
835 903
836 854
836 875
836 913
836 895
837 940
837 992
837 947
837 865
837 896
838 998
838 911
839 979
839 963
839 904
839 888
840 992
840 993
840 969
842 989
842 980
842 858
842 995
842 879
843 898
843 897
844 972
844 856
845 998
845 952
845 880
845 879
845 969
845 940
846 915
846 892
846 932
846 945
846 856
846 985
846 863
846 921
846 893
847 901
849 997
849 985
849 856
849 972
849 883
849 911
850 877
850 915
851 968
851 942
851 930
852 999
853 952
853 901
853 966
853 948
853 909
853 965
853 908
853 905
854 868
854 878
855 898
855 982
855 903
855 893
856 898
856 885
856 952
856 903
856 911
856 950
856 895
856 985
857 999
857 877
857 944
858 992
858 988
858 928
858 980
858 987
858 940
858 948
859 970
859 890
859 910
859 896
860 937
861 898
861 912
862 891
862 867
862 994
863 972
863 985
864 903
865 887
865 956
865 888
866 899
867 886
867 958
868 933
868 883
868 975
869 893
869 934
870 904
870 886
870 964
870 940
871 986
871 919
871 984
871 990
872 889
872 933
872 954
873 977
874 969
874 911
875 913
875 911
876 964
876 941
876 922
877 900
877 919
877 966
877 936
877 879
878 904
878 896
879 890
879 919
879 888
880 954
881 957
881 959
881 911
881 893
882 941
882 975
882 972
882 889
882 940
883 963
883 947
884 984
884 959
884 903
885 998
885 893
885 897
885 935
885 934
885 992
885 908
885 964
885 888
886 954
887 974
887 929
888 992
888 899
888 960
888 988
888 966
888 963
889 965
889 933
889 908
890 897
890 960
891 985
892 913
893 950
893 911
893 896
894 933
894 988
894 935
894 995
895 933
895 991
895 994
896 898
896 921
896 910
896 971
896 928
896 962
896 903
896 946
897 913
897 992
897 947
897 906
897 903
897 916
897 982
897 921
898 923
898 952
898 940
898 986
899 995
901 935
901 905
901 911
902 956
902 931
903 935
903 993
903 960
904 940
904 994
904 905
905 982
907 969
908 938
908 927
908 954
908 929
908 961
909 988
910 921
910 961
911 970
911 921
911 980
911 930
912 998
912 925
913 953
913 943
913 934
913 954
915 994
915 968
915 967
915 925
916 934
916 979
917 934
917 935
918 997
919 997
920 923
921 974
922 972
922 992
923 995
923 982
924 954
924 992
926 927
926 991
927 943
927 960
927 995
928 991
929 946
929 983
929 974
930 988
930 978
930 989
931 996
932 947
932 983
932 999
932 942
934 950
934 970
935 954
935 946
935 963
936 937
936 973
937 971
937 958
938 951
938 963
938 991
940 965
940 959
940 948
941 965
942 999
942 957
943 993
947 991
948 999
948 991
949 992
949 978
950 955
952 953
954 985
954 977
955 959
956 991
957 964
958 989
958 960
958 964
958 988
958 966
958 968
959 985
961 992
967 974
970 974
970 975
970 999
972 975
972 983
974 990
975 979
975 981
978 986
986 998
988 991
988 995
989 998
993 997
