0 149
0 967
0 234
0 404
0 311
0 321
0 23
0 546
0 22
0 792
0 43
0 772
0 940
0 970
0 592
1 896
1 190
1 461
1 596
1 668
1 827
1 841
1 493
1 495
1 914
1 587
1 95
1 920
1 931
1 719
1 977
1 860
1 991
1 608
1 281
2 952
2 102
2 244
2 302
2 597
2 30
2 850
2 845
2 626
2 67
2 610
2 24
2 3
2 15
2 401
2 153
2 293
2 48
2 722
2 730
2 104
2 638
2 583
3 856
3 385
3 725
3 845
3 626
3 376
3 875
3 820
3 993
3 971
3 627
3 722
3 850
3 345
3 105
3 728
3 427
3 910
3 175
3 456
3 164
3 739
3 730
3 302
3 597
3 561
3 15
3 67
3 104
3 953
3 585
3 610
3 401
3 153
3 3
3 824
3 30
3 63
3 315
3 347
3 723
3 770
3 757
3 123
3 987
3 146
3 293
4 901
4 550
4 891
4 195
4 857
4 346
4 563
4 617
4 329
4 36
4 569
4 553
4 32
4 676
4 304
4 496
4 337
4 881
4 170
4 249
4 350
4 674
4 912
4 774
4 922
4 937
4 147
4 502
4 927
4 73
4 760
5 323
5 51
5 173
5 6
5 374
5 832
5 669
5 591
5 215
5 415
5 672
5 552
5 322
5 452
5 367
5 760
5 908
6 51
6 895
6 672
6 721
6 436
6 659
6 591
6 338
6 961
6 906
6 984
6 415
6 367
6 696
6 832
6 931
6 408
6 299
6 945
6 442
6 322
6 911
6 235
7 898
7 388
7 653
7 37
7 382
7 356
7 691
7 720
7 97
7 637
7 357
7 140
7 411
7 285
7 420
7 166
7 686
7 432
7 305
7 819
7 443
7 954
8 639
8 156
8 589
8 795
8 463
8 665
8 33
8 344
8 173
8 777
8 291
8 62
8 69
8 220
8 480
8 489
8 618
8 560
9 519
9 738
9 835
9 979
9 606
9 580
9 359
9 459
9 503
9 382
9 268
9 418
9 675
9 809
9 477
9 224
9 504
10 665
10 500
10 730
10 970
10 378
10 320
10 748
10 479
10 787
10 663
10 943
10 949
10 575
10 579
10 475
11 641
11 903
11 557
11 804
11 679
11 964
11 11
11 648
11 34
11 272
11 687
11 445
11 815
11 727
11 662
11 340
11 148
11 521
11 966
11 924
11 198
11 125
11 78
11 237
11 400
11 277
11 44
11 54
11 695
11 837
11 600
11 504
12 648
12 521
12 880
12 641
12 687
12 924
12 277
12 662
12 649
12 148
12 406
12 44
12 557
12 695
12 964
12 727
13 135
13 268
13 13
13 115
13 868
13 738
13 951
13 348
13 163
13 414
13 418
13 809
13 224
13 379
13 466
14 768
14 261
14 775
14 520
14 225
14 147
14 887
14 726
14 877
14 146
14 103
14 921
14 61
14 842
14 366
14 145
14 202
14 204
14 470
14 992
15 820
15 244
15 315
15 722
15 347
15 553
15 153
15 293
15 302
15 48
15 561
15 993
15 739
15 104
15 638
16 898
16 129
16 386
16 132
16 516
16 908
16 522
16 399
16 660
16 152
16 788
16 28
16 216
16 357
16 871
16 620
16 171
17 291
17 391
17 396
17 652
17 913
17 851
17 179
17 694
17 66
17 517
17 316
17 25
17 465
17 155
17 700
17 932
17 35
17 96
17 923
17 458
17 785
17 816
17 333
17 856
17 232
17 972
17 567
17 184
17 189
17 988
17 499
17 749
17 618
17 165
18 257
18 267
18 269
18 527
18 944
18 95
18 803
18 732
18 545
18 430
18 136
18 934
18 619
18 532
18 632
18 754
18 230
18 794
18 124
18 265
18 294
18 372
18 292
18 715
18 288
18 625
18 778
18 421
18 915
18 744
18 948
18 128
18 938
18 379
18 71
18 139
18 266
18 940
18 126
18 957
18 446
19 647
19 215
19 481
19 671
19 818
19 238
19 505
19 101
19 349
19 548
19 562
19 56
19 833
19 486
19 116
19 340
19 806
20 512
20 267
20 269
20 778
20 532
20 228
20 515
20 998
20 230
20 413
20 794
20 31
20 95
20 124
20 128
20 938
20 479
21 768
21 514
21 842
21 103
21 786
21 887
21 726
21 26
21 478
21 276
21 27
21 29
21 61
21 366
21 383
21 904
21 147
21 954
21 202
21 204
21 221
21 992
21 742
21 105
22 528
22 404
22 798
22 593
22 298
22 325
22 407
22 996
22 764
22 149
22 239
22 530
22 784
22 23
22 678
22 381
22 321
22 749
22 405
22 946
22 792
22 772
22 967
22 970
22 98
22 317
23 221
23 528
23 530
23 149
23 792
23 23
23 791
23 439
23 749
23 570
23 593
23 321
23 802
23 666
23 818
23 670
23 678
23 43
23 772
23 325
24 899
24 650
24 270
24 783
24 416
24 839
24 510
24 956
24 114
24 276
24 918
24 703
24 88
24 724
24 181
24 306
24 403
24 655
24 892
24 398
24 83
24 664
24 24
24 65
24 284
24 858
24 501
24 667
24 49
24 410
24 274
24 377
24 770
24 167
24 948
24 697
24 651
24 203
24 929
24 969
24 81
24 863
25 391
25 785
25 913
25 429
25 46
25 737
25 25
25 926
25 465
25 458
25 199
25 816
25 988
25 165
25 740
25 189
25 559
25 179
25 447
25 263
25 287
25 184
25 235
26 520
26 204
26 366
26 26
26 726
26 61
26 472
26 645
26 742
26 904
26 29
26 394
26 200
26 734
26 221
26 887
26 595
26 624
26 131
26 137
26 145
26 202
26 470
26 992
27 775
27 394
27 383
27 734
27 978
27 999
27 992
27 204
27 750
27 904
27 470
27 221
27 168
27 29
27 61
27 877
27 366
27 131
27 137
27 147
27 954
27 965
27 202
27 592
27 764
28 256
28 524
28 863
28 612
28 800
28 397
28 522
28 143
28 357
28 159
28 497
28 266
28 28
28 660
28 353
28 331
28 631
28 908
28 169
28 508
28 262
28 62
28 352
28 745
28 620
29 732
29 887
29 978
29 204
29 768
29 221
29 765
29 145
29 514
29 775
29 877
29 312
29 61
29 366
29 137
29 954
29 470
29 734
29 742
29 121
29 505
29 956
29 985
30 479
30 910
30 401
30 153
30 730
30 276
30 427
30 48
30 561
30 456
30 597
30 993
30 739
31 512
31 527
31 794
31 269
31 288
31 803
31 421
31 430
31 228
31 915
31 395
31 95
31 257
31 532
31 31
31 776
31 506
31 778
31 128
31 230
31 934
31 482
31 998
31 533
31 918
31 334
31 180
31 292
31 576
32 774
32 912
32 674
32 676
32 188
32 666
32 249
32 553
32 891
32 563
32 496
32 36
32 75
32 191
32 196
32 73
32 349
32 605
32 617
32 122
33 156
33 252
33 509
33 69
33 251
33 601
33 228
33 291
33 162
33 677
33 426
33 463
33 480
33 489
33 624
33 762
34 641
34 648
34 909
34 656
34 277
34 406
34 687
34 227
34 272
34 225
34 811
34 942
34 695
34 312
34 964
34 727
34 600
34 791
35 517
35 391
35 392
35 913
35 155
35 275
35 447
35 232
35 333
35 779
35 525
35 465
35 851
35 632
35 932
35 559
35 179
35 567
35 700
35 856
35 988
35 55
36 774
36 73
36 829
36 666
36 711
36 544
36 891
36 563
36 733
36 134
36 716
36 980
36 617
36 249
36 946
37 898
37 140
37 285
37 541
37 933
37 443
37 882
37 686
37 432
37 819
37 182
37 313
37 602
37 829
37 516
38 777
38 278
38 790
38 291
38 451
38 900
38 206
38 62
38 589
38 509
38 601
38 156
38 959
38 748
38 480
38 743
38 489
38 624
38 885
38 762
38 901
38 293
38 449
38 555
39 898
39 411
39 409
39 285
39 933
39 686
39 388
39 755
39 387
39 622
39 819
39 437
39 602
39 296
39 420
39 166
39 574
39 613
39 314
39 242
39 286
39 553
39 182
39 846
39 500
39 406
40 769
40 647
40 671
40 548
40 174
40 818
40 45
40 486
40 116
40 609
40 216
40 833
40 215
40 121
40 71
41 467
41 406
41 551
41 91
41 950
41 830
41 194
41 488
41 683
41 975
41 689
41 939
41 193
41 71
41 859
41 226
41 371
42 424
42 886
42 683
42 673
42 680
42 283
42 822
42 974
42 112
42 282
42 894
42 191
42 59
42 446
42 708
42 633
43 155
43 528
43 792
43 919
43 772
43 678
43 407
43 970
43 570
43 798
43 439
43 321
43 186
43 670
43 791
43 354
43 178
43 784
43 646
43 556
43 381
43 76
43 499
43 328
43 325
43 708
44 903
44 521
44 909
44 400
44 277
44 406
44 557
44 662
44 198
44 804
44 695
44 54
44 549
44 324
44 584
44 148
44 727
44 641
44 377
44 402
44 942
44 964
44 837
44 970
45 786
45 897
45 133
45 780
45 671
45 548
45 957
45 562
45 467
45 731
45 481
45 889
46 409
46 517
46 391
46 525
46 275
46 913
46 155
46 165
46 559
46 179
46 700
46 66
47 617
47 902
47 153
47 164
47 456
47 104
47 561
47 56
47 315
47 845
47 722
47 730
47 258
48 902
48 153
48 401
48 164
48 102
48 728
48 971
48 725
48 293
48 48
48 638
48 730
48 820
48 558
48 244
48 739
48 67
48 993
48 376
48 63
48 610
48 585
48 845
48 302
48 626
48 722
48 345
48 374
48 709
48 206
48 561
48 824
48 315
48 456
49 51
49 899
49 650
49 667
49 416
49 929
49 565
49 81
49 491
49 510
50 624
50 906
50 658
50 669
50 415
50 689
50 984
50 696
50 591
50 264
50 51
50 323
50 299
50 93
50 455
50 322
50 883
50 50
50 521
50 523
50 442
50 500
50 81
50 809
51 781
51 415
51 672
51 552
51 299
51 80
51 758
51 832
51 760
51 961
51 500
51 51
51 322
51 452
51 338
51 367
51 849
51 287
52 674
52 276
52 528
52 404
52 940
52 370
52 325
52 570
52 678
52 609
52 970
52 245
53 899
53 276
53 664
53 667
53 929
53 770
53 918
53 952
53 88
53 858
53 114
53 253
53 141
53 168
54 520
54 401
54 427
54 756
54 648
54 406
54 549
54 557
54 942
54 246
54 198
54 324
54 837
54 276
54 634
54 695
54 964
54 446
55 548
55 174
55 562
55 671
55 647
55 635
55 56
55 697
55 440
55 215
55 121
56 128
56 133
56 647
56 671
56 548
56 174
56 562
56 952
56 481
56 523
56 355
56 483
56 238
56 467
56 440
56 635
56 486
56 214
56 208
56 769
56 763
56 187
56 729
56 697
56 383
56 617
56 723
56 121
56 889
57 552
57 571
57 896
57 511
57 185
57 587
57 890
57 361
57 735
57 461
57 827
57 57
57 596
57 390
57 866
57 914
57 222
57 603
57 990
57 495
57 190
57 888
57 640
57 138
57 991
57 907
57 402
57 841
57 616
57 386
57 192
57 977
57 608
58 649
58 789
58 280
58 801
58 693
58 571
58 58
58 705
58 713
58 469
58 342
58 217
59 62
59 413
59 813
59 642
59 673
59 807
59 680
59 303
59 688
59 566
59 595
59 870
59 177
59 161
59 183
59 207
59 282
59 82
59 633
59 157
59 281
59 72
59 565
59 874
59 89
59 968
59 446
59 283
59 412
59 122
59 706
59 229
59 310
59 708
59 799
59 963
59 494
59 894
59 210
59 476
59 500
59 314
59 331
59 171
59 347
60 313
60 897
60 671
60 548
60 818
60 825
60 187
60 752
60 889
60 179
60 704
60 833
60 121
60 116
60 940
61 514
61 225
61 734
61 877
61 750
61 842
61 383
61 145
61 221
61 470
61 131
61 981
61 61
61 137
61 200
61 992
61 204
61 965
61 472
61 106
61 742
61 366
61 978
61 726
61 987
61 344
61 804
61 904
61 147
61 954
61 202
62 900
62 777
62 278
62 790
62 539
62 677
62 463
62 62
62 509
62 295
62 812
62 601
62 68
62 438
62 639
62 489
62 290
62 536
62 960
62 855
62 731
62 451
62 69
62 480
62 624
62 885
63 201
63 385
63 401
63 153
63 626
63 725
63 112
63 456
63 722
63 730
63 993
63 104
63 371
64 307
64 643
64 663
64 928
64 943
64 431
64 568
64 958
64 126
64 844
64 793
64 994
64 684
64 941
64 334
64 893
64 378
64 94
64 492
64 320
64 748
64 949
64 475
64 70
64 453
64 245
64 380
64 428
64 707
64 64
64 583
64 917
64 364
64 389
64 827
64 437
64 166
64 146
64 608
64 183
65 650
65 766
65 273
65 274
65 916
65 403
65 416
65 929
65 306
65 724
65 346
65 969
65 88
65 858
66 305
66 391
66 525
66 913
66 559
66 567
66 447
66 165
66 96
66 184
66 82
66 856
67 385
67 401
67 153
67 293
67 561
67 820
67 75
67 722
67 102
68 118
68 602
68 777
68 790
68 291
68 295
68 496
68 332
68 589
68 463
68 480
68 639
69 539
69 291
69 677
69 959
69 451
69 665
69 332
69 426
69 278
69 295
69 220
69 536
69 601
69 681
69 438
69 762
69 624
69 589
69 812
69 251
69 69
69 986
69 150
69 679
69 846
69 480
69 743
69 489
70 700
70 695
70 643
70 389
70 787
70 823
70 444
70 317
70 958
70 575
70 320
70 579
70 583
70 87
70 475
70 245
70 893
70 767
71 930
71 551
71 193
71 701
71 717
71 158
71 271
71 975
71 805
72 412
72 807
72 680
72 565
72 822
72 799
72 499
72 706
72 957
72 113
72 673
72 207
72 476
72 894
72 446
72 725
72 630
72 229
73 915
73 774
73 550
73 73
73 733
73 912
73 346
73 563
73 337
73 329
73 151
73 111
73 676
73 980
73 86
73 553
73 901
73 857
73 349
73 617
73 544
73 927
73 170
73 535
73 195
73 711
73 716
73 599
73 922
73 350
73 211
73 117
73 390
73 434
73 249
73 692
73 888
74 129
74 516
74 524
74 522
74 266
74 399
74 531
74 534
74 788
74 331
74 849
74 709
74 612
74 620
75 913
75 401
75 293
75 561
75 953
75 993
75 800
75 722
75 554
76 526
76 417
76 801
76 936
76 826
76 571
76 713
76 197
77 388
77 140
77 409
77 285
77 166
77 432
77 443
77 691
77 653
77 313
77 898
77 153
77 862
77 202
77 404
77 813
78 517
78 961
78 771
78 262
78 139
78 287
78 163
78 817
78 828
78 473
78 865
78 100
78 615
78 747
78 236
78 235
78 368
79 528
79 530
79 792
79 407
79 772
79 178
79 836
79 970
79 995
80 672
80 935
80 436
80 442
80 322
80 500
80 264
80 323
80 93
80 659
80 815
80 358
80 760
80 895
81 650
81 918
81 410
81 416
81 929
81 892
81 655
81 899
81 884
81 398
81 403
81 916
81 83
81 667
81 491
81 724
81 284
81 253
81 766
81 81
81 872
81 855
81 377
82 717
82 475
82 282
82 157
82 673
82 207
83 650
83 770
83 783
83 274
83 416
83 929
83 306
83 969
83 655
83 284
83 724
83 537
83 839
83 398
83 270
83 918
83 546
83 703
83 341
83 280
83 88
83 491
83 556
83 389
84 901
84 922
84 674
84 690
84 829
84 711
84 733
84 535
84 857
84 329
84 84
84 86
84 598
84 617
84 496
85 930
85 419
85 551
85 683
85 813
85 576
85 425
85 333
85 995
85 490
86 774
86 927
86 674
86 676
86 690
86 563
86 191
86 327
86 716
86 170
86 711
86 569
86 351
86 881
86 249
86 185
86 296
86 349
86 617
86 452
86 760
86 964
86 566
87 215
87 929
87 917
87 663
87 958
87 575
87 579
87 317
87 684
87 893
87 126
87 380
87 334
87 378
87 247
87 941
87 787
87 327
87 934
87 767
88 650
88 770
88 783
88 410
88 416
88 929
88 969
88 306
88 821
88 918
88 273
88 501
88 892
88 167
88 655
88 916
88 451
88 221
88 114
88 888
89 573
89 893
89 281
89 282
89 799
89 673
89 303
89 708
89 974
90 958
90 673
90 161
90 807
90 680
90 822
90 210
90 633
90 652
91 507
91 508
91 648
91 148
91 529
91 930
91 806
91 551
91 193
91 975
91 859
91 717
91 158
91 950
91 581
91 134
91 911
91 995
91 126
92 801
92 903
92 648
92 277
92 406
92 942
92 815
92 695
92 312
92 964
92 837
92 521
92 400
92 822
92 504
93 781
93 658
93 810
93 452
93 338
93 591
93 504
93 760
93 895
94 520
94 403
94 389
94 787
94 320
94 579
94 334
94 893
95 512
95 267
95 532
95 794
95 286
95 506
95 294
95 124
95 619
95 482
95 288
95 228
95 776
95 269
95 778
95 265
95 545
95 944
95 128
95 878
95 95
95 230
95 744
95 372
95 533
95 948
95 127
95 715
95 421
95 430
95 257
95 395
95 292
95 803
95 151
95 524
95 452
95 207
95 625
95 118
95 136
95 915
95 479
95 264
95 325
96 286
96 443
96 517
96 391
96 661
96 155
96 429
96 559
96 179
96 700
96 856
96 474
96 993
96 783
96 284
97 230
97 411
97 409
97 285
97 166
97 432
97 437
97 443
97 313
97 862
97 382
97 99
98 528
98 149
98 792
98 802
98 678
98 772
98 219
98 354
98 630
98 749
98 404
98 593
98 239
98 175
99 896
99 185
99 714
99 991
99 596
99 860
99 640
99 668
99 343
99 99
99 582
99 511
99 920
99 888
99 977
99 973
99 402
99 831
99 827
99 461
99 931
99 587
99 719
99 735
99 123
99 222
99 500
99 951
99 485
100 989
100 213
100 644
100 654
100 538
100 828
100 572
100 590
100 468
100 598
100 119
100 817
100 747
100 865
100 250
100 241
100 848
100 614
100 712
100 905
100 718
100 852
100 835
100 285
100 816
100 236
100 879
101 647
101 523
101 548
101 174
101 176
101 562
101 952
101 825
101 833
101 481
101 483
101 121
101 722
102 441
102 401
102 153
102 164
102 293
102 315
102 845
102 730
102 722
102 427
102 561
102 395
102 104
103 768
103 775
103 786
103 146
103 248
103 925
103 394
103 507
103 992
103 404
103 366
103 131
103 645
103 904
103 954
103 965
103 202
103 204
103 470
104 153
104 164
104 293
104 456
104 850
104 730
104 910
104 104
104 902
104 845
104 638
104 401
104 244
104 366
104 309
105 910
105 401
105 153
105 293
105 561
105 824
105 845
106 451
106 768
106 775
106 520
106 786
106 221
106 742
106 261
106 137
106 656
106 366
106 383
106 904
106 145
106 202
106 204
106 658
106 557
107 386
107 516
107 908
107 152
107 169
107 849
107 216
107 788
107 107
107 631
107 508
107 871
107 660
107 796
107 397
107 962
107 266
107 542
107 855
107 620
107 331
107 129
107 399
107 782
107 524
107 784
107 563
107 356
107 756
108 896
108 640
108 402
108 920
108 931
108 185
108 582
108 714
108 973
108 977
108 343
108 990
108 361
108 888
109 789
109 279
109 801
109 289
109 434
109 571
109 335
109 466
109 985
109 217
109 623
110 313
110 169
110 679
110 643
110 389
110 787
110 317
110 958
110 840
110 747
110 893
111 819
111 182
111 544
111 674
111 676
111 690
111 188
111 711
111 716
111 350
111 351
111 700
112 388
112 477
112 320
112 283
112 673
112 822
112 183
112 708
112 974
112 229
112 157
112 957
112 595
112 282
112 112
112 207
112 499
112 578
112 380
113 585
113 283
113 673
113 303
113 822
113 708
113 922
113 122
114 935
114 650
114 770
114 655
114 667
114 416
114 929
114 181
114 491
114 537
114 274
114 284
114 884
114 273
114 956
114 982
114 703
114 913
114 632
114 404
115 730
115 259
115 418
115 675
115 946
115 853
115 224
115 873
115 616
115 459
115 379
115 413
115 877
115 502
115 209
115 841
116 897
116 548
116 562
116 467
116 481
116 121
116 704
116 133
116 215
116 825
116 752
116 833
116 116
116 486
116 238
116 483
116 780
116 333
116 932
116 579
117 605
117 671
117 548
117 952
117 697
117 825
117 215
117 486
117 121
118 267
118 527
118 532
118 625
118 430
118 744
118 948
118 482
118 512
118 257
118 127
118 776
118 128
118 803
118 934
118 288
118 294
118 794
118 632
118 209
118 124
118 479
118 230
118 456
119 169
119 194
119 262
119 905
119 139
119 163
119 955
119 828
119 598
119 473
119 865
119 746
119 235
119 879
119 368
119 241
120 260
120 391
120 275
120 155
120 932
120 429
120 567
120 199
120 856
121 897
121 818
121 952
121 825
121 483
121 609
121 741
121 697
121 215
121 548
121 752
121 238
121 355
121 187
121 854
121 635
121 121
121 231
121 505
121 704
121 731
121 467
121 647
121 133
121 440
121 729
121 174
121 161
121 466
121 258
122 202
122 283
122 161
122 566
122 963
122 708
122 122
122 412
122 799
122 894
122 282
122 303
122 876
123 553
123 896
123 185
123 827
123 990
123 888
123 956
124 512
124 515
124 286
124 938
124 776
124 482
124 269
124 715
124 619
124 532
124 395
124 635
124 685
124 400
124 859
125 846
125 312
125 581
125 258
125 911
125 405
125 538
125 307
125 955
125 848
125 614
125 235
125 893
126 671
126 682
126 384
126 928
126 684
126 949
126 823
126 958
126 320
126 579
126 475
126 245
126 893
126 492
126 126
126 643
126 334
126 431
126 941
126 237
126 844
126 378
126 364
126 286
127 512
127 257
127 515
127 265
127 545
127 803
127 732
127 794
127 632
127 286
127 163
127 938
127 639
127 859
128 512
128 776
128 778
128 267
128 794
128 230
128 292
128 128
128 944
128 515
128 948
128 372
128 421
128 288
128 257
128 632
128 171
128 136
128 479
128 376
129 136
129 256
129 908
129 620
129 353
129 397
129 788
129 563
129 516
129 651
129 782
129 660
129 534
129 542
129 169
129 143
129 352
129 357
129 903
130 898
130 933
130 420
130 336
130 819
130 387
130 305
130 318
130 214
130 263
130 411
130 409
130 432
130 437
130 720
130 989
130 862
130 382
130 943
131 515
131 768
131 775
131 520
131 877
131 366
131 383
131 204
131 200
131 394
131 981
131 965
131 742
131 147
131 718
131 770
131 904
131 142
131 954
131 470
131 734
132 341
132 843
132 962
132 612
132 331
132 782
132 353
132 522
132 756
132 159
132 846
132 516
132 908
132 660
132 531
132 788
132 542
132 169
132 357
132 745
132 620
132 886
132 518
133 609
133 486
133 174
133 393
133 741
133 155
133 671
133 548
133 952
133 697
133 467
133 854
133 215
133 729
133 481
133 504
134 184
134 445
134 749
134 710
134 149
134 919
134 970
134 298
134 556
134 219
134 592
134 670
134 311
134 769
134 528
134 784
134 404
134 792
134 802
134 772
134 940
134 325
135 502
135 224
135 519
135 379
135 946
135 414
135 477
135 853
135 418
135 738
135 319
135 606
135 233
135 868
135 809
135 872
135 503
135 487
135 947
135 616
135 835
135 941
135 544
136 512
136 515
136 286
136 395
136 944
136 136
136 294
136 998
136 641
136 406
136 706
137 762
137 768
137 261
137 775
137 520
137 366
137 383
137 726
137 394
137 204
137 145
137 514
137 221
137 478
137 750
137 225
137 842
137 981
137 645
137 992
137 742
137 904
137 954
137 887
137 999
137 142
137 146
137 461
137 534
137 821
137 965
137 202
137 470
137 734
138 270
138 896
138 603
138 920
138 719
138 511
138 190
138 230
138 714
138 977
138 990
139 738
139 258
139 262
139 718
139 250
139 590
139 495
139 911
139 538
139 817
139 307
139 473
139 865
139 614
139 566
140 387
140 388
140 653
140 263
140 140
140 432
140 989
140 718
140 296
140 182
140 314
140 709
140 846
140 720
140 602
140 382
140 575
141 803
141 224
141 903
141 648
141 662
141 277
141 203
141 942
141 924
141 324
141 687
141 804
141 150
141 400
141 340
141 169
141 272
141 148
141 406
141 679
141 695
141 964
141 727
141 504
142 786
142 366
142 225
142 142
142 146
142 472
142 768
142 842
142 470
142 432
142 145
142 147
142 925
142 954
142 965
142 202
142 204
142 734
142 992
142 742
142 507
143 667
143 416
143 386
143 516
143 908
143 788
143 159
143 962
143 353
143 612
143 782
143 331
143 651
143 654
143 232
143 357
143 620
143 600
143 848
143 642
144 872
144 896
144 907
144 197
144 596
144 144
144 888
144 390
144 461
144 222
144 906
144 185
144 714
144 587
144 977
144 991
144 485
145 775
145 366
145 904
145 520
145 202
145 221
145 734
145 999
145 261
145 992
145 225
145 877
145 383
145 245
145 302
145 954
145 204
145 470
145 742
145 548
145 537
146 261
146 520
146 366
146 768
146 147
146 992
146 887
146 472
146 146
146 875
146 912
146 954
146 204
146 470
147 877
147 394
147 742
147 999
147 954
147 248
147 520
147 202
147 981
147 925
147 221
147 842
147 965
147 734
147 887
147 225
147 147
147 768
147 750
147 726
147 204
147 277
147 396
147 836
147 470
147 992
148 903
148 648
148 964
148 837
148 340
148 942
148 445
148 312
148 148
148 656
148 811
148 162
148 277
148 406
148 937
148 557
148 695
148 212
148 727
149 646
149 528
149 404
149 802
149 592
149 791
149 670
149 940
149 178
149 239
149 530
149 710
149 298
149 970
149 407
149 749
149 798
149 354
149 627
149 672
149 673
149 792
149 301
149 772
149 836
150 658
150 641
150 903
150 406
150 687
150 656
150 584
150 521
150 547
150 465
150 549
150 942
150 837
150 212
150 572
150 157
151 927
151 674
151 676
151 617
151 716
151 236
151 249
152 291
152 256
152 386
152 516
152 908
152 397
152 660
152 796
152 152
152 399
152 159
152 886
152 651
152 331
152 843
152 782
152 169
152 756
152 488
152 865
152 788
152 849
152 216
152 353
152 612
152 620
152 551
153 401
153 626
153 385
153 820
153 164
153 585
153 627
153 730
153 850
153 610
153 902
153 175
153 345
153 875
153 739
153 347
153 597
153 953
153 302
153 728
153 244
153 153
153 558
153 993
153 293
153 910
153 376
153 624
153 424
153 602
153 227
153 414
153 638
153 695
154 649
154 526
154 300
154 604
154 289
154 861
154 422
154 623
154 826
154 814
154 573
154 243
154 213
154 611
154 789
154 384
154 453
154 233
154 160
154 801
154 693
154 466
154 985
154 628
154 788
155 260
155 517
155 391
155 275
155 913
155 155
155 816
155 458
155 567
155 199
155 972
155 232
155 392
155 785
155 474
155 184
155 700
155 694
155 447
155 661
155 923
155 652
155 779
155 559
155 429
155 333
155 821
155 323
155 198
155 179
155 976
155 842
155 828
156 206
156 220
156 451
156 762
156 736
156 332
156 812
156 960
156 618
156 601
156 753
156 202
156 291
156 677
156 589
156 480
156 489
156 885
156 808
156 656
157 249
157 554
157 281
157 968
157 870
157 282
157 412
157 673
157 161
157 807
157 303
157 822
157 566
157 326
157 210
158 463
158 216
158 271
158 529
158 194
158 588
158 371
158 423
158 293
158 419
158 806
158 551
158 168
158 425
158 813
158 308
158 701
158 193
158 226
158 360
158 490
159 954
159 577
159 908
159 397
159 534
159 788
159 531
159 782
159 160
159 352
159 745
159 620
159 614
160 613
160 861
160 985
160 335
160 797
160 571
160 592
160 936
160 300
160 814
160 693
160 469
160 623
160 368
161 642
161 412
161 673
161 446
161 680
161 281
161 968
161 177
161 161
161 773
161 922
161 566
161 310
161 963
161 708
161 207
162 777
162 278
162 665
162 291
162 762
162 489
162 426
162 539
162 463
162 601
162 438
162 681
162 220
162 172
162 252
162 960
162 753
162 477
162 197
162 677
162 451
162 589
162 480
162 885
162 592
163 436
163 217
163 911
163 657
163 538
163 362
163 852
163 564
163 192
163 775
163 307
163 590
163 473
163 865
163 614
163 747
163 236
164 948
164 401
164 725
164 302
164 244
164 824
164 850
164 993
164 638
164 627
164 427
164 514
164 787
164 315
164 456
164 962
165 517
165 391
165 913
165 465
165 525
165 255
165 458
165 539
165 429
165 179
165 700
165 991
166 898
166 409
166 285
166 541
166 420
166 653
166 755
166 602
166 211
166 622
166 819
166 336
166 411
166 166
166 574
166 437
166 613
166 387
166 933
166 709
166 637
166 936
166 222
166 652
166 432
166 182
166 313
166 196
166 379
166 460
167 899
167 650
167 770
167 766
167 918
167 416
167 510
167 678
167 181
167 377
167 253
167 807
168 803
168 526
168 357
168 513
168 773
168 271
168 529
168 806
168 471
168 363
168 297
168 950
168 995
168 168
168 194
168 975
168 221
168 813
168 588
168 226
168 360
169 516
169 908
169 399
169 788
169 497
169 256
169 408
169 962
169 843
169 651
169 341
169 855
169 331
169 620
170 774
170 676
170 553
170 544
170 829
170 304
170 423
170 690
170 563
170 351
170 349
170 249
171 319
171 419
171 806
171 551
171 813
171 717
171 226
171 995
171 828
172 900
172 790
172 290
172 677
172 451
172 252
172 493
172 463
172 743
172 489
172 624
172 762
172 562
173 781
173 658
173 415
173 552
173 330
173 954
173 442
173 699
173 322
173 452
173 367
173 500
173 760
173 325
174 221
174 897
174 548
174 214
174 704
174 440
174 647
174 208
174 680
174 697
174 825
174 854
174 481
174 571
174 911
175 818
175 401
175 347
175 730
175 824
175 820
175 597
175 610
175 685
175 456
175 722
175 993
175 739
175 638
175 695
176 465
176 897
176 769
176 548
176 481
176 562
176 472
176 208
176 854
176 215
176 483
176 486
176 641
176 643
177 314
177 564
177 492
177 281
177 673
177 807
177 504
177 822
177 963
177 708
177 207
178 784
178 792
178 791
178 802
178 678
178 593
178 670
178 528
178 836
178 311
178 868
178 570
178 970
179 260
179 391
179 779
179 275
179 923
179 316
179 429
179 559
179 926
179 976
179 913
179 694
179 932
179 785
179 567
179 392
179 816
179 189
179 474
179 525
179 851
179 333
179 740
179 652
179 232
179 458
179 179
179 867
179 972
179 988
179 661
179 199
179 465
179 737
179 856
179 728
179 413
179 235
179 280
179 684
179 447
179 685
179 905
180 414
180 809
180 519
180 454
180 309
180 418
180 319
180 577
180 997
180 359
180 847
180 503
180 535
180 459
180 979
180 853
180 348
180 872
180 616
180 379
180 911
181 261
181 899
181 650
181 403
181 667
181 416
181 929
181 398
181 273
181 276
181 918
181 410
181 510
181 270
181 537
181 969
181 546
181 975
181 350
181 491
181 279
182 898
182 388
182 263
182 541
182 933
182 989
182 862
182 653
182 751
182 285
182 313
182 242
182 387
182 437
182 382
182 296
182 602
182 443
182 336
182 356
182 812
182 763
182 390
183 951
183 281
183 673
183 807
183 303
183 183
183 207
183 446
183 464
183 283
183 706
183 494
183 622
183 210
184 517
184 391
184 785
184 275
184 913
184 559
184 567
184 333
184 740
184 988
184 700
184 856
185 672
185 490
185 896
185 914
185 402
185 907
185 222
185 608
185 197
185 827
185 596
185 869
185 888
185 977
185 991
185 460
185 831
185 587
185 640
185 719
185 361
185 890
185 841
185 668
185 582
185 511
185 185
185 495
185 931
185 866
185 518
185 920
185 190
185 973
185 724
185 347
185 313
185 610
185 543
186 313
186 528
186 784
186 404
186 792
186 678
186 772
186 897
186 325
186 592
186 764
187 913
187 367
187 769
187 393
187 671
187 548
187 562
187 833
187 215
187 729
187 731
187 481
187 853
187 352
188 432
188 927
188 674
188 676
188 553
188 398
188 196
188 617
188 415
188 969
188 307
189 744
189 260
189 391
189 652
189 913
189 567
189 700
189 640
189 972
189 377
189 417
190 617
190 896
190 907
190 914
190 931
190 827
190 205
190 495
190 990
190 890
190 225
190 461
190 977
190 860
190 991
191 535
191 666
191 674
191 550
191 690
191 553
191 882
191 891
191 676
191 857
191 346
191 829
191 195
191 774
191 811
191 959
191 349
191 617
191 249
192 258
192 644
192 911
192 287
192 817
192 435
192 307
192 250
192 712
192 405
192 560
192 771
192 240
192 852
192 457
192 590
192 235
192 614
192 236
192 718
192 356
192 884
192 468
192 598
192 473
192 865
192 615
192 879
192 368
193 204
193 401
193 529
193 806
193 939
193 950
193 308
193 607
193 773
193 717
193 425
193 621
193 488
193 838
193 271
193 576
193 513
193 701
193 193
193 523
193 441
193 588
193 975
193 471
193 859
193 229
194 768
194 271
194 529
194 806
194 551
194 297
194 834
194 588
194 995
194 490
194 595
195 666
195 674
195 550
195 690
195 922
195 956
195 327
195 249
195 216
195 903
195 759
196 674
196 690
196 829
196 346
196 496
196 327
196 716
196 617
196 249
196 379
196 473
197 784
197 896
197 735
197 248
197 582
197 714
197 990
198 291
198 648
198 272
198 400
198 277
198 406
198 695
198 964
198 837
198 880
198 888
199 846
199 391
199 932
199 429
199 700
199 652
199 923
199 661
199 867
199 913
199 740
199 260
199 333
199 789
199 949
199 972
199 856
200 778
200 637
200 559
200 775
200 520
200 877
200 366
200 383
200 904
200 954
200 221
200 925
200 514
200 742
200 248
200 769
200 890
200 202
200 204
200 470
200 580
200 853
200 914
201 781
201 658
201 415
201 442
201 322
201 452
201 760
201 338
201 367
202 249
202 877
202 366
202 383
202 925
202 954
202 965
202 478
202 734
202 726
202 394
202 842
202 765
202 507
202 472
202 981
202 742
202 202
202 768
202 887
202 204
202 904
202 978
202 470
202 225
202 520
202 248
202 736
202 244
202 210
202 865
202 361
203 903
203 648
203 521
203 406
203 557
203 942
203 695
203 964
203 966
204 520
204 366
204 925
204 992
204 887
204 261
204 965
204 734
204 978
204 470
204 221
204 726
204 383
204 507
204 750
204 478
204 394
204 981
204 765
204 225
204 472
204 514
204 248
204 768
204 235
204 244
204 458
204 742
204 456
204 582
204 207
205 259
205 896
205 640
205 827
205 714
205 461
205 518
205 867
205 860
205 990
205 991
205 608
205 485
205 888
206 290
206 291
206 677
206 589
206 463
206 639
206 795
206 252
206 615
206 480
206 618
206 885
206 391
206 353
207 489
207 407
207 787
207 283
207 673
207 974
207 281
207 282
207 874
207 688
207 499
207 706
207 207
207 680
207 210
207 416
207 666
207 464
208 393
208 548
208 825
208 505
208 697
208 523
208 481
208 780
208 763
208 752
208 704
208 912
208 788
209 516
209 524
209 908
209 660
209 534
209 788
209 849
209 612
209 357
209 620
209 579
210 283
210 799
210 673
210 807
210 310
210 326
210 957
210 968
210 974
210 464
210 987
210 955
211 898
211 411
211 933
211 432
211 313
211 709
211 613
211 622
211 720
211 979
211 382
212 648
212 521
212 400
212 277
212 406
212 937
212 942
212 695
212 964
212 907
212 600
212 805
213 280
213 289
213 449
213 217
213 801
213 384
214 624
214 647
214 523
214 671
214 548
214 562
214 825
214 215
214 483
214 486
214 889
214 801
214 271
215 897
215 780
215 671
215 548
215 562
215 825
215 704
215 854
215 952
215 238
215 355
215 231
215 769
215 609
215 481
215 833
215 483
215 889
215 215
215 752
215 635
215 523
215 383
215 922
215 931
216 516
216 908
216 522
216 397
216 534
216 962
216 849
216 341
216 542
216 651
216 612
216 745
216 353
216 788
216 357
216 620
217 279
217 801
217 289
217 466
217 814
217 611
217 586
217 987
217 526
217 280
217 540
217 789
217 761
217 634
217 883
217 435
218 259
218 268
218 809
218 309
218 580
218 853
218 503
218 872
218 738
218 348
218 459
218 319
218 413
218 685
218 596
218 267
218 477
218 224
218 359
219 925
219 783
219 985
219 528
219 530
219 792
219 772
219 836
219 970
219 480
219 630
220 278
220 539
220 291
220 677
220 959
220 589
220 463
220 295
220 986
220 423
220 480
220 762
220 991
221 972
221 520
221 842
221 366
221 954
221 470
221 877
221 786
221 887
221 507
221 750
221 734
221 742
221 224
222 917
222 896
222 640
222 714
222 977
222 460
222 890
222 719
222 485
222 699
223 736
223 264
223 658
223 415
223 935
223 455
223 591
223 832
223 659
223 647
223 500
223 379
223 466
223 745
224 268
224 809
224 554
224 577
224 853
224 365
224 477
224 259
224 951
224 487
224 675
224 502
224 319
224 946
224 847
224 359
224 224
224 418
224 519
224 348
224 868
224 448
224 873
224 738
224 379
224 503
224 373
224 835
224 616
224 606
224 947
224 997
224 309
224 414
224 864
224 685
224 495
224 954
224 978
224 974
225 261
225 786
225 383
225 734
225 992
226 678
226 773
226 930
226 806
226 551
226 576
226 939
226 701
226 757
226 876
226 308
226 975
226 423
226 490
226 297
226 471
226 683
226 425
226 621
226 271
226 256
226 671
226 375
226 360
227 903
227 648
227 909
227 277
227 445
227 966
227 837
227 727
227 600
228 512
228 776
228 778
228 267
228 794
228 619
228 895
228 998
228 506
228 429
228 467
228 650
229 454
229 764
229 281
229 673
229 595
229 963
229 476
230 512
230 265
230 267
230 527
230 532
230 803
230 479
230 998
230 855
230 699
230 572
231 897
231 769
231 523
231 548
231 562
231 825
231 729
231 355
231 965
232 391
232 392
232 275
232 913
232 816
232 232
233 315
233 268
233 414
233 809
233 554
233 319
233 577
233 580
233 853
233 477
233 359
233 615
234 528
234 404
234 792
234 772
234 325
234 970
234 572
234 630
234 381
235 644
235 911
235 657
235 287
235 435
235 307
235 828
235 983
235 473
235 236
235 746
235 848
235 235
235 615
235 654
235 636
235 718
235 955
235 852
235 405
235 598
235 262
235 250
235 368
235 468
235 572
235 905
235 614
235 865
235 240
235 712
235 362
235 747
235 280
235 610
235 879
235 807
236 644
236 911
236 657
236 817
236 473
236 865
236 747
236 614
236 572
236 435
236 848
236 718
236 905
236 636
236 983
236 250
236 515
236 670
236 921
236 368
237 885
237 389
237 787
237 917
237 663
237 943
237 949
237 444
237 579
237 759
237 893
238 897
238 671
238 548
238 440
238 704
238 481
238 483
238 889
239 616
239 528
239 919
239 792
239 678
239 325
239 556
239 766
240 937
240 262
240 911
240 657
240 287
240 473
240 865
240 615
240 747
240 446
240 896
241 969
241 905
241 911
241 865
241 614
241 879
241 368
241 538
241 258
241 288
241 707
242 898
242 411
242 285
242 686
242 432
242 437
242 313
242 846
242 602
242 862
242 637
242 382
242 391
242 397
243 384
243 649
243 789
243 540
243 801
243 422
243 936
243 571
243 466
243 484
244 910
244 401
244 561
244 730
244 301
244 967
245 512
245 787
245 928
245 684
245 949
245 320
245 579
245 568
245 840
245 428
245 943
245 893
245 389
245 913
246 641
246 400
246 277
246 406
246 942
246 837
246 340
247 677
247 643
247 787
247 663
247 317
247 320
247 475
247 893
248 520
248 470
248 734
248 742
248 750
248 959
249 774
249 922
249 927
249 674
249 676
249 550
249 690
249 882
249 351
249 711
249 617
249 666
249 980
249 553
249 329
249 337
249 563
249 881
249 891
249 327
249 857
249 346
249 733
249 716
249 349
249 350
249 569
249 535
249 599
249 901
249 689
249 494
249 795
250 743
250 774
250 927
250 911
250 657
250 405
250 287
250 817
250 828
250 598
250 983
250 865
250 368
251 790
251 665
251 677
251 332
251 589
251 489
251 624
251 984
252 278
252 539
252 291
252 677
252 589
252 480
252 743
252 489
253 674
253 650
253 770
253 783
253 667
253 416
253 929
253 546
253 808
253 899
253 858
253 884
253 276
253 491
253 284
253 766
253 510
253 703
253 640
253 974
254 659
254 415
254 299
254 436
254 442
254 832
254 322
254 452
254 338
254 760
255 391
255 525
255 913
255 429
255 559
255 816
255 700
255 856
255 474
256 516
256 843
256 524
256 612
256 871
256 962
256 352
256 256
256 386
256 397
256 534
256 788
256 849
256 863
256 620
256 680
257 512
257 269
257 527
257 803
257 292
257 744
257 372
257 778
257 402
257 267
257 598
258 313
258 489
258 564
258 287
258 712
258 468
258 879
258 538
258 718
258 852
258 262
258 654
258 435
258 307
258 473
258 767
259 867
259 825
259 424
259 373
259 946
259 853
259 809
259 448
259 268
259 577
259 459
259 519
259 414
259 477
259 379
260 720
260 260
260 559
260 517
260 988
260 779
260 913
260 856
260 391
260 870
260 525
260 661
260 567
260 972
261 514
261 478
261 261
261 383
261 768
261 775
261 520
261 887
261 726
261 954
261 877
261 428
261 645
261 965
261 470
261 742
262 405
262 590
262 560
262 307
262 765
262 911
262 538
262 817
262 828
262 572
262 598
262 747
262 879
263 898
263 653
263 751
263 720
263 541
263 388
263 313
263 709
263 263
263 637
263 305
263 409
263 437
263 356
263 382
263 420
263 613
263 862
263 292
263 733
263 304
263 686
263 432
263 602
263 436
264 452
264 264
264 455
264 358
264 883
264 781
264 415
264 672
264 299
264 436
264 442
264 699
264 322
264 498
264 760
265 512
265 532
265 286
265 744
265 288
265 913
265 267
265 294
265 372
265 461
266 432
266 386
266 516
266 908
266 871
266 638
266 542
266 962
266 620
266 497
267 512
267 754
267 934
267 269
267 479
267 545
267 430
267 998
267 506
267 776
267 948
267 715
267 533
267 878
267 292
267 372
267 288
267 632
267 944
267 778
267 803
267 421
267 286
267 619
267 515
267 294
267 732
267 527
267 482
267 267
267 852
267 521
267 513
267 794
267 480
267 657
268 946
268 580
268 319
268 675
268 477
268 868
268 809
268 359
268 554
268 864
268 413
268 424
268 454
268 853
268 448
268 761
268 723
268 979
268 365
268 608
269 512
269 395
269 269
269 602
269 794
269 948
269 998
269 671
269 833
269 381
270 766
270 858
270 969
270 398
270 270
270 501
270 667
270 416
270 929
270 839
271 502
271 876
271 488
271 471
271 701
271 757
271 806
271 581
271 621
271 529
271 830
271 578
271 371
271 627
271 930
271 813
271 975
271 859
271 995
271 490
271 817
272 655
272 641
272 648
272 549
272 815
272 400
272 880
272 811
272 903
272 721
272 406
272 695
272 964
272 837
272 836
272 747
273 650
273 273
273 284
273 546
273 682
273 501
273 309
273 918
273 491
273 360
274 447
274 899
274 650
274 770
274 306
274 821
274 916
274 501
274 858
274 695
274 918
274 410
274 416
274 929
274 377
274 475
274 735
274 890
275 517
275 525
275 447
275 700
275 694
275 396
275 888
275 429
275 567
275 856
276 898
276 432
276 589
276 650
276 770
276 783
276 703
276 403
276 899
276 667
276 416
276 929
276 839
276 969
277 601
277 641
277 903
277 648
277 811
277 450
277 406
277 324
277 942
277 815
277 804
277 727
277 687
277 937
277 547
277 880
277 679
277 909
277 521
277 277
277 964
277 966
277 662
277 581
277 688
277 536
277 686
277 557
277 504
277 919
278 900
278 753
278 543
278 290
278 665
278 489
278 483
278 536
278 291
278 677
278 295
278 480
278 885
278 762
279 294
279 382
279 812
279 526
279 801
279 826
279 705
279 797
279 540
279 936
279 342
279 586
279 417
279 335
279 466
279 604
279 375
279 369
279 571
279 469
279 761
279 279
279 611
279 649
279 817
279 448
279 422
279 693
280 543
280 750
280 342
280 611
280 466
280 801
280 484
280 987
280 874
280 422
280 826
280 571
281 512
281 555
281 565
281 807
281 688
281 566
281 870
281 283
281 799
281 963
281 584
281 680
281 446
281 708
282 328
282 673
282 688
282 494
282 476
282 412
282 535
282 566
282 446
282 974
283 555
283 386
283 673
283 807
283 680
283 566
283 446
283 708
283 499
284 650
284 770
284 766
284 403
284 537
284 667
284 416
284 929
284 969
284 858
284 491
284 510
285 898
285 387
285 411
285 420
285 622
285 305
285 819
285 989
285 653
285 356
285 594
285 388
285 691
285 443
285 709
285 933
285 541
285 336
285 751
285 720
285 314
285 285
285 318
285 574
285 409
285 313
285 441
285 846
285 516
285 855
285 721
285 773
285 432
285 437
285 602
285 637
285 382
285 536
285 992
285 487
286 776
286 372
286 512
286 715
286 421
286 744
286 934
286 532
286 545
286 619
286 632
286 948
286 479
286 998
286 481
286 302
286 651
286 823
286 596
287 900
287 905
287 911
287 828
287 865
287 615
287 457
287 747
287 746
287 848
287 564
287 307
287 879
287 644
287 368
287 934
287 988
287 955
287 473
288 512
288 515
288 776
288 532
288 938
288 794
288 778
288 632
288 998
288 527
288 977
288 625
288 666
289 512
289 625
289 677
289 384
289 649
289 417
289 801
289 484
289 449
289 469
289 936
289 861
289 422
289 987
289 693
289 623
289 433
289 314
289 374
289 571
289 985
289 727
290 900
290 539
290 344
290 426
290 290
290 795
290 451
290 438
290 777
290 601
290 902
290 393
290 291
290 677
290 589
290 743
290 489
290 624
290 885
290 837
291 602
291 790
291 665
291 539
291 624
291 295
291 885
291 543
291 681
291 677
291 344
291 618
291 332
291 536
291 900
291 812
291 291
291 438
291 777
291 795
291 639
291 489
291 736
291 301
291 451
291 480
291 531
291 747
292 512
292 794
292 934
292 908
292 632
292 479
293 401
293 993
293 561
293 427
293 347
293 902
293 722
293 627
293 385
293 723
293 725
293 739
293 456
293 585
293 293
293 597
293 910
293 679
293 660
293 558
293 845
293 950
294 515
294 776
294 778
294 532
294 794
294 803
294 998
295 960
295 618
295 539
295 812
295 790
295 301
295 480
295 366
295 548
296 898
296 388
296 933
296 437
296 637
296 602
296 653
296 691
296 751
296 382
296 420
296 356
296 709
296 549
296 466
296 432
296 305
296 443
296 313
296 862
296 909
297 529
297 930
297 805
297 490
297 425
297 515
297 308
297 701
297 717
297 975
298 480
298 528
298 530
298 792
298 784
298 836
298 556
298 603
299 906
299 781
299 658
299 415
299 760
299 338
299 299
299 659
299 961
299 452
299 641
299 536
299 436
299 699
299 832
299 322
299 367
299 500
299 423
299 973
300 589
300 899
300 789
300 540
300 801
300 422
300 797
300 859
300 433
300 826
300 571
300 573
300 466
300 634
301 794
301 528
301 967
301 530
301 407
301 439
301 710
301 354
301 749
301 381
301 321
301 563
301 940
301 570
301 325
301 996
302 401
302 728
302 638
302 971
302 561
302 820
302 315
302 456
302 722
302 730
302 739
302 626
302 911
303 412
303 673
303 807
303 680
303 555
303 894
303 565
303 706
303 822
303 310
303 926
303 550
304 676
304 550
304 553
304 535
304 687
304 690
304 716
304 349
305 411
305 409
305 432
305 720
305 314
305 382
305 483
306 655
306 783
306 667
306 416
306 929
306 724
306 703
306 858
306 877
306 839
306 969
306 469
307 383
307 992
307 905
307 657
307 473
307 362
307 654
307 564
307 572
307 590
307 865
307 636
307 405
307 771
307 955
307 828
307 848
307 746
308 529
308 806
308 308
308 834
308 578
308 975
308 702
308 757
308 930
308 527
308 995
308 360
308 363
308 621
309 554
309 947
309 835
309 373
309 606
309 466
309 319
309 448
309 577
309 853
309 864
310 391
310 673
310 807
310 566
310 706
310 968
310 676
310 708
311 742
311 528
311 404
311 792
311 772
311 940
311 325
311 592
311 757
312 416
312 641
312 648
312 521
312 406
312 942
312 695
312 324
312 903
312 804
312 964
312 837
312 941
313 411
313 686
313 432
313 437
313 709
313 637
313 382
313 602
313 819
313 318
313 622
313 441
313 846
313 574
313 356
313 594
313 409
313 388
313 541
313 613
313 443
313 387
313 314
313 336
313 862
313 420
313 691
313 366
313 860
314 411
314 432
314 819
314 437
314 356
314 574
314 443
314 686
314 846
314 602
314 382
314 499
315 385
315 401
315 561
315 824
315 902
315 820
315 845
315 456
315 723
315 610
315 971
315 850
315 540
315 728
315 730
315 993
315 516
316 391
316 559
316 700
316 926
316 333
316 364
316 972
316 856
316 474
316 988
316 969
316 837
316 654
317 917
317 949
317 575
317 941
317 475
317 334
317 492
317 320
317 583
317 893
318 898
318 387
318 409
318 420
318 432
318 846
318 382
319 954
319 809
319 685
319 946
319 577
319 675
319 847
319 554
319 519
319 587
319 853
319 477
319 616
319 359
319 379
320 486
320 943
320 428
320 748
320 364
320 949
320 339
320 893
320 475
320 707
320 793
320 380
320 444
320 917
320 844
320 643
320 840
320 568
320 787
320 389
320 412
320 775
320 579
320 583
321 491
321 814
321 646
321 528
321 404
321 802
321 940
321 836
321 967
321 970
321 381
322 935
322 552
322 699
322 669
322 895
322 629
322 338
322 698
322 659
322 442
322 760
322 758
322 415
322 832
322 781
322 367
322 358
322 961
322 436
322 810
322 452
322 322
322 883
322 591
322 658
322 500
322 323
322 689
322 721
322 498
322 906
322 455
322 696
322 672
322 467
322 379
322 671
322 592
322 684
322 335
322 466
322 406
322 630
322 568
323 906
323 658
323 659
323 415
323 672
323 689
323 442
323 997
323 452
323 367
323 629
323 760
323 739
324 794
324 629
324 641
324 909
324 964
324 521
324 701
324 837
325 784
325 792
325 798
325 802
325 772
325 940
325 439
325 528
325 570
325 749
325 530
325 710
325 354
325 967
325 556
325 919
325 996
325 789
326 824
326 684
326 673
326 680
326 566
326 708
326 807
326 326
326 573
326 974
327 901
327 535
327 927
327 666
327 674
327 690
327 351
327 563
327 350
327 617
327 676
327 881
327 829
327 882
327 547
327 527
327 349
328 810
328 386
328 806
328 673
328 807
328 822
328 708
328 974
329 411
329 774
329 674
329 676
329 550
329 690
329 349
329 406
329 617
329 772
329 975
330 332
330 415
330 945
330 436
330 698
330 699
330 452
331 667
331 516
331 524
331 908
331 397
331 849
331 620
332 709
332 900
332 677
332 618
332 539
332 601
332 344
332 543
332 762
332 489
332 802
333 517
333 391
333 785
333 913
333 923
333 567
333 972
333 856
333 988
333 675
333 400
334 917
334 787
334 475
334 707
334 994
334 583
334 575
334 389
334 453
334 793
334 653
334 759
334 893
335 649
335 417
335 801
335 936
335 693
335 571
335 789
335 797
335 623
335 375
335 611
335 433
335 793
335 466
336 898
336 409
336 420
336 432
336 437
336 846
336 602
336 615
336 844
337 774
337 674
337 829
337 337
337 686
337 350
337 605
337 617
337 929
338 658
338 415
338 696
338 442
338 721
338 500
338 935
338 945
338 672
338 781
338 699
338 883
338 758
338 984
338 629
338 669
338 760
338 463
338 870
338 344
338 358
338 367
338 835
339 389
339 921
339 949
339 579
339 994
339 793
339 444
339 707
339 692
339 625
339 893
340 903
340 400
340 406
340 815
340 964
340 837
340 727
340 937
340 880
341 524
341 908
341 651
341 660
341 788
341 352
341 871
341 745
341 620
341 497
341 521
341 551
341 921
342 801
342 936
342 693
342 466
342 713
342 926
342 985
343 896
343 518
343 907
343 827
343 841
343 714
343 390
343 495
343 640
343 735
343 701
343 860
343 888
344 900
344 790
344 539
344 795
344 451
344 589
344 463
344 480
345 877
345 401
345 561
345 722
345 597
345 730
345 353
346 774
346 922
346 927
346 674
346 676
346 550
346 563
346 829
346 350
346 349
346 605
346 617
346 496
346 730
346 626
346 853
346 995
346 793
347 769
347 910
347 401
347 427
347 561
347 824
347 722
347 850
347 993
347 404
348 539
348 818
348 675
348 809
348 853
348 835
348 566
348 477
348 997
348 502
349 774
349 927
349 674
349 676
349 550
349 690
349 599
349 349
349 716
349 829
349 857
349 881
349 496
349 408
349 780
349 352
349 723
349 612
349 799
350 912
350 563
350 569
350 496
350 351
350 829
350 716
350 535
350 927
350 582
350 504
351 927
351 690
351 605
351 569
351 733
351 611
351 949
352 516
352 524
352 908
352 782
352 660
352 849
352 863
352 620
352 800
352 531
352 788
352 508
352 386
352 534
352 542
352 871
352 882
352 532
352 745
353 516
353 524
353 908
353 397
353 788
353 849
353 855
353 782
353 522
353 886
353 745
353 620
354 530
354 404
354 792
354 407
354 802
354 836
354 764
355 922
355 729
355 481
355 483
355 818
355 805
355 896
356 541
356 432
356 437
356 441
356 720
356 637
356 792
357 516
357 612
357 782
357 962
357 408
357 745
357 843
357 651
357 871
357 399
357 631
357 524
357 886
357 497
357 719
357 999
357 620
358 658
358 659
358 415
358 935
358 552
358 436
358 832
358 452
358 455
358 500
358 760
358 895
358 669
358 498
358 672
358 698
358 721
358 699
358 961
358 758
358 790
358 795
358 423
358 367
358 930
359 414
359 809
359 477
359 997
359 418
359 554
359 979
359 675
359 951
359 684
359 594
359 379
359 620
359 646
359 493
360 637
360 806
360 551
360 995
360 513
360 805
360 471
360 576
360 757
360 702
360 813
360 828
360 363
360 876
360 371
361 854
361 841
361 461
361 977
361 460
361 896
361 485
361 888
362 644
362 911
362 828
362 473
362 746
362 362
362 982
362 368
363 529
363 806
363 425
363 702
363 995
363 813
363 416
364 414
364 921
364 793
364 579
364 475
364 893
365 577
365 853
365 477
365 454
365 373
365 519
365 487
365 418
365 842
365 502
365 379
365 621
366 520
366 786
366 842
366 366
366 765
366 734
366 954
366 978
366 768
366 925
366 507
366 394
366 750
366 478
366 904
366 470
366 877
366 514
366 383
366 726
366 742
366 567
366 924
366 663
367 779
367 658
367 672
367 699
367 452
367 883
367 810
367 442
367 455
367 935
367 498
367 781
367 961
367 945
367 760
367 895
367 629
367 496
367 380
367 584
367 880
368 690
368 771
368 654
368 538
368 598
368 473
368 865
368 747
368 879
368 712
368 572
368 405
368 905
368 644
368 955
368 983
368 852
368 615
368 817
368 614
368 560
368 636
368 544
368 907
368 714
369 775
369 384
369 649
369 540
369 571
369 623
369 526
369 444
370 902
370 646
370 528
370 404
370 792
370 802
370 940
370 439
370 970
370 512
371 513
371 805
371 806
371 551
371 813
371 995
371 419
371 423
372 532
372 506
372 778
372 620
372 479
372 754
372 916
372 836
373 418
373 675
373 424
373 947
373 577
373 738
374 781
374 658
374 935
374 552
374 689
374 436
374 696
374 452
374 629
374 760
374 521
375 384
375 801
375 826
375 571
375 705
375 586
375 985
375 713
375 407
376 558
376 561
376 722
376 730
376 993
376 977
377 650
377 770
377 783
377 918
377 664
377 537
377 416
377 929
377 916
377 982
377 899
377 510
377 379
377 477
378 996
378 389
378 663
378 431
378 444
378 958
378 475
378 893
378 767
379 418
379 448
379 738
379 616
379 947
379 835
379 413
379 685
379 946
379 503
379 873
379 519
379 872
379 554
379 951
379 979
379 675
379 864
379 853
379 997
379 502
379 577
379 424
379 459
379 379
379 606
379 487
379 454
379 429
379 703
380 643
380 389
380 787
380 663
380 921
380 684
380 444
380 958
380 707
380 893
380 767
381 528
381 404
381 792
381 772
381 970
381 670
381 764
381 710
381 791
381 570
381 592
381 593
381 565
382 898
382 420
382 686
382 432
382 819
382 437
382 441
382 709
382 720
382 755
382 989
382 613
382 602
382 862
382 691
382 637
382 646
382 856
382 772
382 435
383 520
383 877
383 750
383 514
383 742
383 992
383 904
383 978
383 765
383 470
383 555
383 954
383 734
383 415
383 910
384 422
384 611
384 449
384 985
384 462
384 861
384 826
384 789
384 987
384 433
384 814
384 634
384 507
384 649
384 540
384 801
384 586
384 466
384 963
385 850
385 597
385 730
385 401
385 427
385 385
385 953
385 725
385 652
385 561
385 456
385 722
385 993
385 638
385 516
386 908
386 800
386 796
386 508
386 534
386 516
386 522
386 855
386 631
386 408
386 849
386 863
386 870
386 524
386 397
386 542
386 871
386 620
386 497
386 702
386 827
387 898
387 637
387 420
387 977
387 409
387 819
387 437
387 443
387 602
387 648
388 420
388 755
388 653
388 388
388 541
388 594
388 751
388 411
388 933
388 432
388 819
388 637
388 442
389 742
389 643
389 793
389 787
389 568
389 579
389 840
389 583
389 759
389 941
389 475
389 612
389 943
389 575
389 893
389 767
390 871
390 879
390 896
390 640
390 608
390 582
390 668
390 914
390 920
390 931
390 977
390 596
390 990
390 485
390 511
391 517
391 816
391 785
391 856
391 740
391 429
391 567
391 913
391 851
391 458
391 652
391 923
391 932
391 559
391 779
391 392
391 737
391 976
391 447
391 926
391 465
391 694
391 844
391 699
391 700
391 444
392 517
392 465
392 923
392 694
392 431
392 913
392 932
392 429
392 567
392 700
392 972
392 699
392 828
393 716
393 897
393 769
393 729
393 523
393 818
393 833
393 752
393 854
393 780
393 467
393 609
393 548
393 647
393 637
393 660
393 481
393 486
393 397
394 877
394 762
394 954
394 470
394 992
394 742
395 512
395 515
395 776
395 532
395 533
395 794
395 483
395 482
395 491
395 964
396 517
396 816
396 396
396 851
396 926
396 867
396 713
396 932
396 559
396 972
396 465
396 474
396 798
397 938
397 816
397 516
397 908
397 651
397 800
397 788
397 796
397 782
397 497
397 660
397 534
397 542
397 849
397 612
397 620
398 650
398 766
398 655
398 783
398 667
398 416
398 929
398 491
398 990
399 442
399 908
399 855
399 782
399 620
399 871
399 531
399 567
399 849
399 612
399 756
399 886
400 641
400 903
400 648
400 687
400 400
400 600
400 909
400 937
400 837
400 445
400 504
400 966
400 547
400 752
400 406
400 942
400 695
400 964
400 727
401 902
401 910
401 971
401 597
401 558
401 730
401 627
401 953
401 585
401 820
401 845
401 850
401 638
401 427
401 626
401 610
401 993
401 725
401 875
401 456
401 728
401 723
401 983
401 590
401 540
401 561
401 964
401 955
402 628
402 896
402 493
402 582
402 719
402 518
402 485
402 888
402 461
402 920
402 907
402 831
402 873
402 767
402 931
402 973
402 977
402 990
403 489
403 650
403 783
403 537
403 956
403 682
403 969
403 703
403 892
403 667
403 416
403 929
403 858
403 510
404 696
404 772
404 630
404 749
404 919
404 802
404 530
404 798
404 710
404 764
404 593
404 792
404 678
404 556
404 670
404 570
404 592
404 970
404 791
404 404
404 940
404 836
404 439
404 784
404 646
404 891
404 594
404 747
404 475
405 620
405 644
405 905
405 654
405 911
405 657
405 564
405 538
405 443
405 817
405 848
405 473
405 879
406 903
406 662
406 547
406 557
406 811
406 924
406 679
406 584
406 880
406 964
406 727
406 406
406 937
406 909
406 521
406 942
406 648
406 837
406 966
406 687
406 641
406 549
406 656
406 749
407 562
407 528
407 439
407 791
407 996
407 764
407 593
407 678
407 940
407 670
407 772
407 552
407 802
407 836
407 970
407 834
408 681
408 516
408 524
408 908
408 785
408 788
408 849
408 612
409 653
409 622
409 574
409 686
409 602
409 565
409 432
409 989
409 988
410 650
410 766
410 682
410 783
410 664
410 724
410 899
410 858
410 969
410 703
410 929
410 957
410 667
411 898
411 862
411 709
411 691
411 989
411 933
411 602
411 541
411 574
411 653
411 787
411 432
411 437
411 858
411 977
412 722
412 894
412 595
412 555
412 708
412 494
412 963
412 575
412 680
413 982
413 413
413 951
413 872
413 418
413 554
413 946
413 577
413 853
413 487
414 864
414 872
414 418
414 502
414 414
414 577
414 675
414 629
414 809
414 853
414 477
414 997
414 529
415 932
415 906
415 699
415 415
415 698
415 500
415 832
415 760
415 658
415 945
415 721
415 659
415 591
415 672
415 961
415 455
415 781
415 669
415 436
415 629
415 883
415 452
415 895
415 498
415 935
415 428
415 747
415 959
415 552
415 696
415 575
416 766
416 783
416 667
416 918
416 655
416 839
416 884
416 664
416 491
416 703
416 770
416 546
416 537
416 969
416 682
416 724
416 821
416 916
416 899
416 956
416 808
416 929
416 982
416 858
416 892
416 861
416 480
416 767
417 649
417 861
417 604
417 801
417 814
417 693
417 713
417 466
417 985
417 634
417 827
418 519
418 616
418 503
418 554
418 459
418 847
418 872
418 809
418 418
418 435
418 737
418 448
418 580
418 590
419 773
419 471
419 830
419 683
419 838
419 621
419 419
419 950
419 743
419 551
419 701
419 576
420 898
420 755
420 686
420 594
420 465
420 432
420 819
420 437
420 846
420 602
420 559
421 512
421 515
421 778
421 794
421 803
421 625
421 632
421 479
421 754
421 463
422 649
422 801
422 623
422 718
422 936
422 571
423 529
423 551
423 425
423 950
423 576
423 859
423 995
424 675
424 424
424 979
424 809
424 853
424 477
424 940
425 930
425 806
425 581
425 757
425 939
425 834
425 990
425 995
425 621
426 601
426 639
426 795
426 677
426 959
426 681
426 533
426 812
426 451
426 463
426 489
426 618
426 762
427 845
427 971
427 561
427 902
427 730
427 638
427 722
427 723
428 451
428 664
428 516
428 643
428 787
428 943
428 958
428 575
428 893
428 767
429 517
429 525
429 923
429 851
429 988
429 458
429 867
429 737
429 465
429 926
429 567
429 785
429 429
429 539
429 559
429 700
430 512
430 515
430 430
430 697
431 643
431 787
431 767
431 568
431 748
431 941
431 684
431 793
431 958
431 977
431 893
432 898
432 653
432 755
432 622
432 989
432 846
432 691
432 594
432 441
432 686
432 819
432 637
432 709
432 443
432 933
432 432
432 574
432 720
432 751
432 541
432 820
432 975
432 602
432 862
433 691
433 649
433 801
433 469
433 634
433 799
433 693
433 571
433 449
433 713
433 680
434 954
434 801
434 634
434 434
434 936
434 705
434 797
434 546
434 571
434 713
434 985
434 628
434 620
434 799
435 577
435 644
435 911
435 538
435 572
435 657
435 457
435 747
435 435
435 712
435 828
435 865
435 614
435 879
436 906
436 659
436 935
436 552
436 810
436 699
436 721
436 984
436 895
436 698
436 658
436 669
436 672
436 436
436 818
436 696
436 452
436 760
437 819
437 691
437 755
437 574
437 637
437 602
437 443
437 437
437 898
437 933
437 989
437 751
437 495
437 787
437 793
437 709
437 561
437 746
438 777
438 539
438 677
438 795
438 986
438 438
438 589
438 480
438 489
438 885
438 762
439 528
439 792
439 996
439 646
439 495
439 570
440 897
440 697
440 741
440 483
440 854
440 609
440 538
440 833
441 898
441 653
441 441
441 613
441 755
441 637
441 846
442 935
442 552
442 672
442 498
442 760
442 906
442 591
442 442
442 669
442 500
442 781
442 713
443 933
443 613
443 989
443 574
443 886
443 846
443 602
444 663
444 793
444 684
444 568
444 958
444 579
444 759
444 893
444 767
445 626
445 903
445 648
445 521
445 695
445 811
445 964
445 837
446 642
446 799
446 822
446 566
446 708
446 968
447 923
447 700
447 559
447 474
447 988
448 561
448 809
448 847
448 685
448 881
448 577
448 853
449 801
449 936
449 826
449 484
449 604
449 462
449 466
450 674
450 856
450 502
450 903
450 549
450 695
450 648
450 880
450 586
450 964
450 504
450 633
451 790
451 539
451 543
451 677
451 812
451 624
451 665
451 885
451 795
451 743
451 959
451 777
451 589
451 463
451 480
451 489
451 762
451 793
451 949
452 474
452 658
452 659
452 689
452 699
452 500
452 669
452 696
452 883
452 672
452 832
452 629
452 906
452 760
452 810
452 452
452 895
452 742
452 730
452 682
453 676
453 983
453 787
453 917
453 663
453 958
453 575
453 767
453 587
454 809
454 554
454 947
454 835
454 580
454 577
454 979
454 853
454 477
454 864
454 997
455 677
455 658
455 945
455 689
455 676
455 984
455 500
455 528
456 902
456 561
456 824
456 739
456 723
456 875
456 626
456 971
456 730
456 558
456 679
456 845
456 722
456 725
456 993
457 905
457 911
457 538
457 955
457 828
457 572
457 848
457 865
457 746
458 913
458 559
458 700
458 622
459 809
459 685
459 946
459 580
459 577
459 470
459 853
459 477
459 997
459 487
459 502
459 657
460 864
460 896
460 907
460 827
460 841
460 714
460 587
460 890
460 461
460 860
460 719
460 990
460 869
460 888
461 896
461 907
461 931
461 827
461 714
461 973
461 917
461 596
461 860
461 888
462 649
462 526
462 789
462 540
462 801
462 936
462 693
462 571
462 628
463 777
463 536
463 795
463 677
463 681
463 589
463 539
463 736
463 812
463 885
463 463
463 601
463 639
463 543
463 618
463 665
463 852
463 489
463 762
463 815
464 799
464 565
464 963
464 708
464 974
464 958
464 595
465 517
465 525
465 652
465 913
465 559
465 567
465 796
465 988
465 899
465 571
466 532
466 526
466 540
466 797
466 801
466 693
466 571
466 705
466 484
466 466
466 936
466 611
466 987
466 604
466 761
466 586
466 920
466 634
466 549
467 671
467 548
467 952
467 635
467 769
467 889
467 467
467 741
467 752
467 729
467 697
467 763
467 562
467 704
467 481
467 705
467 727
467 830
468 644
468 911
468 538
468 560
468 955
468 572
468 905
468 769
468 473
468 865
468 614
468 746
469 789
469 571
469 611
469 469
469 526
469 985
470 768
470 775
470 954
470 645
470 786
470 750
470 842
470 734
470 478
470 925
470 904
470 992
470 999
470 726
470 507
470 981
470 887
470 472
470 965
470 765
470 978
470 520
470 514
470 907
470 637
470 741
470 654
470 504
470 742
471 930
471 806
471 813
471 999
471 859
471 607
471 995
472 676
472 520
472 786
472 954
472 992
472 742
473 644
473 911
473 657
473 828
473 848
473 747
473 983
473 615
473 865
473 560
473 538
473 712
473 590
473 473
473 746
473 636
473 955
473 634
473 895
473 578
474 517
474 785
474 972
474 926
474 856
474 652
474 851
474 737
474 674
474 510
475 917
475 684
475 583
475 958
475 475
475 994
475 575
475 643
475 921
475 823
475 941
475 893
476 832
476 853
476 684
476 642
476 807
476 974
476 595
477 809
477 685
477 947
477 853
477 502
477 864
477 580
477 554
477 979
477 825
477 616
478 506
478 775
478 520
478 786
478 734
478 742
479 515
479 794
479 803
479 619
479 754
479 944
479 934
479 778
479 744
479 915
479 775
479 481
480 790
480 677
480 589
480 986
480 743
480 812
480 753
480 601
480 777
480 543
480 795
480 536
480 885
480 762
480 681
480 610
480 489
480 640
481 790
481 671
481 548
481 825
481 854
481 741
481 609
481 704
481 635
481 763
481 729
481 818
481 833
481 481
481 523
481 647
481 889
481 483
481 916
481 669
482 794
482 545
482 803
482 915
482 768
482 506
482 538
483 897
483 671
483 548
483 562
483 952
483 697
483 729
483 825
483 542
484 649
484 540
484 801
484 573
484 713
484 936
484 526
484 797
484 761
484 934
485 841
485 977
485 991
485 608
485 518
485 640
485 485
485 714
485 827
485 955
485 800
485 888
485 890
486 523
486 671
486 548
486 833
486 729
486 505
486 635
486 704
486 909
487 809
487 577
487 847
487 853
487 864
487 554
487 616
488 780
488 930
488 805
488 806
488 588
488 859
489 777
489 677
489 959
489 736
489 589
489 681
489 618
489 665
489 489
489 986
489 543
489 536
489 762
489 624
489 509
489 601
489 743
489 885
489 900
489 639
489 539
489 812
489 790
489 738
489 657
490 824
490 806
490 551
490 813
490 975
490 805
490 838
490 578
491 532
491 650
491 655
491 703
491 510
491 491
491 918
491 821
491 858
491 501
491 892
492 911
492 793
492 958
492 579
492 583
492 759
492 893
493 827
493 714
493 973
493 991
493 608
493 977
493 888
494 915
494 530
494 642
494 555
494 708
495 964
495 896
495 640
495 518
495 977
495 990
495 888
495 890
496 912
496 927
496 674
496 676
496 829
496 617
496 891
496 690
496 666
496 947
496 614
497 849
497 620
497 745
497 612
497 660
497 534
497 651
497 824
497 631
498 935
498 552
498 689
498 573
499 799
499 673
499 963
499 708
499 974
500 567
500 658
500 699
500 760
500 698
500 689
500 906
500 629
501 899
501 650
501 766
501 664
501 537
501 667
501 724
501 929
501 803
501 532
501 510
502 523
502 519
502 675
502 809
502 738
502 580
502 868
502 853
502 685
503 809
503 554
503 685
503 580
503 853
504 589
504 557
504 695
504 964
504 837
504 504
504 549
504 879
505 897
505 671
505 548
505 697
505 731
506 512
506 515
506 532
506 794
506 803
506 878
506 632
506 938
506 934
506 923
506 856
506 801
506 657
507 645
507 904
507 742
507 842
507 750
507 608
508 516
508 782
508 849
508 612
508 745
508 620
508 886
509 900
509 790
509 959
509 589
509 743
509 624
509 885
509 762
510 618
510 650
510 770
510 664
510 929
510 969
510 766
510 808
510 884
510 669
510 876
511 668
511 869
511 888
511 931
511 582
511 845
512 944
512 533
512 515
512 794
512 632
512 545
512 625
512 778
512 619
512 776
512 715
512 754
512 934
512 732
512 799
512 915
512 938
512 744
513 701
513 805
513 930
513 576
513 683
513 918
513 551
513 702
513 581
513 588
513 975
514 978
514 887
514 765
514 726
514 877
514 701
514 842
514 925
514 954
514 734
514 742
515 778
515 533
515 776
515 938
515 619
515 915
515 878
515 940
515 948
515 690
516 843
516 908
516 788
516 962
516 863
516 871
516 796
516 542
516 534
516 886
516 631
516 651
516 522
516 855
516 782
516 524
516 531
516 849
516 620
516 756
516 896
517 785
517 926
517 694
517 740
517 525
517 816
517 517
517 867
517 923
517 932
517 851
517 720
517 558
517 913
517 559
517 700
517 856
518 896
518 518
518 603
518 860
518 866
518 890
518 714
518 608
518 869
518 888
518 807
519 946
519 997
519 951
519 697
519 809
519 577
519 979
519 549
520 898
520 775
520 877
520 765
520 520
520 954
520 887
520 904
520 842
520 981
520 999
520 734
520 965
520 925
520 645
520 992
520 810
520 830
521 562
521 903
521 648
521 804
521 966
521 557
521 549
521 679
521 695
521 837
522 908
522 620
522 849
522 623
522 660
522 863
522 612
522 886
522 578
523 647
523 763
523 889
523 833
523 548
523 697
523 825
524 856
524 659
524 855
524 871
524 886
524 534
524 945
524 924
524 908
524 651
524 660
524 796
524 962
524 620
524 756
524 529
524 817
524 566
525 525
525 952
525 785
525 913
525 559
525 567
525 700
525 856
526 649
526 705
526 987
526 693
526 936
526 761
526 573
526 826
526 985
526 797
526 801
526 814
526 586
526 582
527 915
527 625
527 715
527 527
527 532
527 803
527 879
528 556
528 919
528 792
528 528
528 970
528 967
528 836
528 772
528 749
528 764
528 798
528 784
528 996
528 710
528 678
528 530
528 775
528 629
528 559
528 940
529 927
529 876
529 995
529 859
529 806
529 621
529 551
529 588
530 772
530 967
530 836
530 556
530 630
530 784
530 764
530 792
530 940
530 958
531 651
531 660
531 631
531 788
531 542
531 849
531 871
531 620
531 787
532 754
532 744
532 803
532 533
532 532
532 732
532 632
532 948
532 647
533 545
533 778
533 784
533 794
533 803
533 625
533 948
533 998
534 908
534 863
534 651
534 800
534 565
534 874
534 788
534 849
534 631
535 774
535 881
535 882
535 690
535 733
535 601
535 927
535 674
535 617
535 760
535 869
536 790
536 986
536 777
536 960
536 743
536 539
536 681
536 624
536 885
536 762
537 650
537 766
537 667
537 916
537 929
537 546
537 969
538 644
538 654
538 911
538 657
538 817
538 747
538 865
538 598
538 712
538 636
538 955
538 951
538 941
538 828
538 614
538 746
539 900
539 790
539 986
539 618
539 543
539 762
539 743
539 753
539 601
539 539
539 677
539 589
539 624
539 997
540 729
540 649
540 789
540 761
540 936
540 987
540 540
540 604
540 792
540 752
540 826
540 571
540 985
541 898
541 819
541 862
541 720
541 637
541 702
541 933
541 686
541 709
541 846
542 704
542 788
542 849
542 908
542 782
542 660
542 576
542 730
542 745
542 620
543 790
543 795
543 624
543 639
543 986
543 900
543 677
543 589
543 743
543 885
543 762
544 774
544 922
544 733
544 857
544 690
544 553
544 843
544 676
544 550
544 569
544 617
545 794
545 776
545 754
545 915
545 620
545 948
545 669
546 770
546 667
546 682
546 970
546 969
547 641
547 903
547 648
547 937
547 695
547 964
547 727
548 897
548 647
548 671
548 854
548 731
548 752
548 635
548 763
548 704
548 825
548 769
548 562
548 741
548 548
548 780
548 818
548 669
548 622
548 927
548 833
549 903
549 648
549 837
549 909
549 549
549 880
549 662
549 811
549 557
549 964
550 774
550 927
550 674
550 980
550 922
550 901
550 569
550 733
550 912
550 652
550 851
550 690
550 829
550 617
550 783
551 773
551 757
551 950
551 830
551 834
551 702
551 859
551 876
551 683
551 975
551 588
551 551
551 806
551 621
551 701
551 838
551 899
551 939
551 576
552 935
552 659
552 760
552 906
552 961
552 937
552 810
552 696
552 728
553 922
553 569
553 617
553 882
554 845
554 809
554 580
554 868
554 864
554 847
554 835
554 577
554 771
555 811
555 673
555 680
555 968
555 708
555 642
555 595
555 566
556 802
556 772
556 967
556 970
557 903
557 648
557 811
557 804
557 727
557 909
557 557
557 712
557 942
557 695
557 964
557 837
557 600
558 910
558 626
558 725
558 941
558 845
558 730
558 993
559 785
559 913
559 661
559 932
559 988
559 567
559 737
559 816
559 924
559 700
559 856
560 911
560 657
560 615
560 712
560 718
560 848
560 865
560 614
560 879
561 850
561 725
561 910
561 953
561 820
561 730
561 845
561 561
561 722
561 723
561 610
561 627
561 853
561 776
561 824
562 897
562 647
562 780
562 833
562 731
562 671
562 562
562 635
562 697
562 729
563 774
563 927
563 666
563 674
563 690
563 857
563 633
563 569
563 617
563 673
564 644
564 654
564 911
564 955
564 828
564 848
564 598
565 995
565 673
565 968
565 957
565 579
565 566
565 708
565 974
566 799
566 673
566 807
566 680
566 963
566 874
566 894
566 822
566 957
567 779
567 856
567 923
567 972
567 816
567 785
567 988
567 694
567 737
567 976
567 646
567 860
568 663
568 943
568 759
568 643
568 575
568 893
569 674
569 690
569 927
569 676
569 735
569 605
569 617
569 696
569 979
570 792
570 678
570 670
570 940
570 919
570 592
570 591
570 630
571 789
571 801
571 936
571 586
571 713
571 826
571 571
571 628
571 604
571 573
571 611
571 649
571 693
571 985
571 623
571 634
571 861
571 683
572 802
572 911
572 828
572 771
572 865
572 614
572 718
572 598
572 615
573 700
573 801
573 936
573 826
573 705
573 713
573 861
573 634
574 898
574 686
574 819
574 602
575 643
575 787
575 684
575 949
575 692
575 844
575 579
575 663
575 958
575 767
576 930
576 813
576 701
576 588
576 834
576 806
576 621
576 995
577 686
577 616
577 809
577 847
577 685
577 606
577 873
577 868
577 693
577 979
577 853
577 579
578 602
578 773
578 806
578 813
578 701
578 995
579 663
579 949
579 707
579 840
579 759
579 583
579 893
579 692
579 823
579 643
579 684
579 767
580 809
580 946
580 947
580 872
580 951
580 606
580 738
580 844
580 673
581 805
581 950
581 830
581 773
581 859
581 995
582 617
582 896
582 920
582 827
582 931
582 719
582 640
582 603
582 990
582 714
582 977
582 991
583 643
583 787
583 949
583 823
583 958
583 793
583 709
584 738
584 903
584 648
584 942
584 695
584 964
584 837
584 727
585 902
585 910
585 730
585 993
585 626
585 638
586 797
586 693
586 604
586 649
586 611
586 705
586 629
586 985
587 896
587 931
587 831
587 990
587 991
587 608
587 888
588 876
588 588
588 975
588 717
588 655
588 995
589 795
589 677
589 959
589 812
589 777
589 753
589 639
589 624
589 960
589 681
589 885
589 589
589 900
589 736
589 743
589 607
589 839
590 905
590 911
590 828
590 746
590 852
590 848
590 598
590 983
590 865
590 614
590 879
591 658
591 935
591 696
591 692
591 760
592 792
592 791
592 802
592 772
592 940
592 970
592 593
592 836
592 630
593 819
593 617
593 792
593 772
593 970
594 898
594 933
594 686
594 846
594 877
594 602
595 880
595 799
595 673
595 680
595 708
595 957
595 822
596 772
596 896
596 914
596 931
596 827
596 888
597 902
597 845
597 725
597 730
597 637
598 911
598 657
598 828
598 983
598 955
598 747
598 644
598 817
598 848
598 682
598 614
598 879
598 893
599 774
599 927
599 666
599 676
599 690
599 634
599 689
600 641
600 648
600 942
600 695
600 964
600 837
600 811
601 777
601 795
601 677
601 959
601 762
601 931
602 933
602 686
602 819
602 846
602 755
602 637
602 709
602 613
602 653
602 898
602 602
602 720
602 622
602 696
603 827
603 977
603 696
603 991
603 608
603 888
604 903
605 774
605 829
605 690
605 666
605 912
605 617
605 993
605 966
606 809
606 835
606 800
606 792
607 754
607 930
607 806
607 975
607 845
608 896
608 931
608 831
608 714
608 977
608 640
608 608
608 973
608 920
608 914
608 866
608 735
608 890
608 869
608 990
608 668
608 888
609 818
609 729
609 811
609 889
609 850
610 910
610 824
610 722
610 728
611 998
611 649
611 797
611 801
611 826
611 985
611 623
611 767
612 908
612 660
612 849
612 871
612 962
612 855
612 796
612 651
612 689
612 620
612 756
612 886
613 862
613 660
613 849
614 654
614 911
614 817
614 828
614 848
614 865
614 718
614 657
614 983
614 771
614 614
614 644
614 940
614 726
614 615
614 831
615 843
615 644
615 657
615 828
615 615
615 817
615 983
615 654
615 636
615 955
615 712
615 879
616 809
616 835
616 947
616 864
616 675
616 847
616 868
616 946
616 853
616 686
616 920
617 912
617 666
617 674
617 882
617 891
617 980
617 690
617 901
617 829
617 922
617 716
617 617
617 733
617 857
617 927
617 881
617 655
617 997
617 886
617 806
618 900
618 790
618 677
618 959
619 934
619 948
619 878
619 619
619 967
619 885
619 929
620 908
620 660
620 788
620 631
620 756
620 620
620 849
620 651
620 745
620 962
620 871
620 863
620 721
620 653
621 701
621 859
621 995
622 653
622 686
622 691
622 846
622 820
623 801
623 861
623 713
623 797
623 826
623 977
623 634
624 777
624 790
624 677
624 624
624 762
624 665
624 885
624 639
624 855
624 913
625 803
625 794
625 938
625 847
625 662
626 722
626 730
626 993
626 910
626 695
627 910
627 820
627 824
627 722
627 993
627 837
628 789
628 801
628 693
628 985
628 826
629 906
629 781
629 696
629 659
629 669
629 689
629 698
629 758
629 629
629 760
630 646
630 792
630 678
630 940
630 836
630 970
630 967
630 710
630 977
630 958
631 849
631 863
631 666
631 990
632 934
632 778
632 938
632 998
632 653
632 915
632 988
632 827
633 670
633 673
633 807
633 708
633 642
634 698
634 789
634 801
634 761
634 879
634 988
634 648
635 897
635 647
635 671
635 889
635 908
636 911
636 657
636 828
636 848
636 983
636 879
637 819
637 637
637 862
637 751
637 898
637 985
638 910
638 845
638 993
638 730
638 695
638 785
638 942
639 790
639 677
639 960
640 686
640 973
640 896
640 907
640 866
640 990
640 914
640 668
640 977
640 735
640 991
640 888
641 964
641 880
641 679
641 942
641 903
641 815
641 695
641 966
641 727
642 957
642 706
642 673
642 807
642 822
642 974
643 759
643 941
643 692
643 707
643 840
643 928
643 817
643 787
643 663
643 793
643 684
643 943
643 958
643 893
643 767
644 771
644 852
644 823
644 911
644 657
644 747
644 879
645 978
645 992
645 645
645 965
645 734
646 882
646 873
646 646
646 798
646 678
646 710
646 802
646 919
646 792
646 670
646 772
646 940
646 836
646 970
647 750
647 825
647 763
647 741
647 833
647 660
648 662
648 924
648 942
648 687
648 815
648 937
648 811
648 964
648 880
648 903
648 656
648 695
648 837
648 727
649 987
649 826
649 693
649 936
649 713
649 814
649 978
649 870
649 801
649 977
650 783
650 770
650 956
650 667
650 682
650 839
650 821
650 655
650 650
650 884
650 929
650 858
650 892
650 899
650 766
650 703
650 916
650 982
650 777
650 701
650 691
650 965
651 908
651 660
651 886
652 779
652 700
652 795
652 913
652 923
652 856
653 898
653 720
653 693
653 686
653 862
654 983
654 879
654 911
654 955
654 865
654 746
655 892
655 655
655 783
655 808
655 969
655 724
655 982
655 858
655 667
655 929
655 956
655 759
656 878
656 796
656 903
656 679
656 662
656 695
656 964
656 837
656 727
657 911
657 905
657 718
657 865
657 983
657 955
657 747
657 712
657 657
657 771
657 879
658 689
658 883
658 935
658 698
658 760
658 758
658 669
658 984
658 677
658 672
658 696
659 669
659 689
659 696
659 984
659 833
660 908
660 745
660 756
660 800
660 660
660 726
660 886
661 774
661 913
661 851
661 785
661 718
661 926
661 700
661 856
661 693
662 730
662 903
662 942
662 695
662 964
662 837
663 787
663 917
663 949
663 748
663 943
663 893
663 941
663 767
663 756
663 928
663 958
663 707
664 774
664 783
664 770
664 858
664 667
664 929
664 969
665 790
665 960
665 795
665 677
665 762
666 774
666 927
666 912
666 711
666 922
666 666
666 674
666 829
666 993
666 788
667 766
667 858
667 682
667 929
667 783
667 884
667 724
667 821
667 770
667 808
667 839
667 703
667 918
667 969
667 765
667 812
667 970
668 777
668 896
668 888
668 844
668 977
668 991
668 968
669 698
669 758
669 984
670 792
670 791
670 970
671 938
671 897
671 825
671 780
671 741
671 826
671 697
672 906
672 689
672 758
672 935
672 760
673 822
673 894
673 799
673 874
673 963
673 680
673 807
673 673
673 870
673 706
673 957
673 715
673 796
673 998
673 708
674 912
674 927
674 711
674 774
674 881
674 980
674 676
674 922
674 857
674 901
674 829
674 882
674 716
674 945
674 690
675 951
675 847
675 809
675 685
676 901
676 927
676 881
676 857
676 733
676 690
676 928
677 795
677 900
677 743
677 753
677 986
677 736
677 812
677 790
677 959
677 677
677 681
677 885
677 745
678 784
678 792
678 802
678 710
678 877
678 994
679 903
679 695
679 964
680 773
680 807
680 874
680 822
680 963
680 799
680 974
680 688
681 900
681 960
681 986
681 736
681 777
681 762
681 742
682 969
683 683
683 830
683 813
683 859
684 787
684 748
684 958
684 692
684 840
684 921
684 893
684 714
685 809
685 853
685 738
686 898
686 686
686 819
686 755
686 989
687 903
687 695
687 964
687 837
688 799
688 807
688 957
688 958
688 708
689 696
690 927
690 690
690 891
690 901
690 829
690 922
690 711
690 881
690 980
690 774
690 733
690 894
690 939
691 819
691 846
692 933
692 701
692 793
692 928
692 958
692 707
693 801
693 797
693 761
693 985
693 987
693 905
693 896
694 913
694 932
694 700
694 856
695 903
695 909
695 964
695 937
695 804
695 811
695 837
695 880
695 924
695 727
695 942
695 695
695 815
695 966
695 714
696 935
696 906
696 984
696 696
696 832
696 758
696 883
696 698
696 699
696 760
696 766
697 897
697 952
697 883
697 825
698 935
698 699
698 724
699 935
699 699
699 760
700 913
700 988
700 972
700 932
700 737
700 856
700 851
700 740
700 700
700 926
700 785
700 985
701 795
701 939
701 838
701 741
701 975
701 995
702 773
702 930
702 805
702 806
702 834
703 945
703 770
703 766
703 783
703 969
704 897
704 833
704 729
705 889
705 974
706 799
706 708
707 787
707 917
707 949
707 958
707 759
707 840
707 893
708 713
708 807
708 963
708 974
708 822
708 870
708 874
708 708
708 989
708 785
708 961
709 898
709 989
709 846
709 862
709 897
710 792
710 802
710 836
711 774
711 922
711 927
711 912
711 733
711 829
711 716
711 882
711 859
712 826
712 911
712 817
712 848
712 983
712 879
713 936
713 761
713 801
713 987
713 789
714 896
714 827
714 841
714 719
714 714
714 920
714 914
714 973
714 991
714 907
714 831
714 990
714 825
714 888
715 776
715 794
715 732
715 904
716 901
716 912
716 733
716 922
716 716
716 908
717 930
717 717
717 995
718 905
718 817
718 865
718 747
719 896
719 841
719 738
719 977
719 991
720 898
720 933
720 720
720 779
720 929
720 809
721 846
721 832
721 990
721 760
722 824
722 875
722 725
722 993
722 910
722 739
722 730
722 722
722 902
722 723
722 779
723 845
723 730
723 993
724 899
724 770
724 783
724 918
725 902
725 739
725 820
725 732
725 730
726 786
726 904
726 954
726 734
726 742
727 903
727 964
727 837
727 811
727 815
727 880
727 966
727 821
727 747
728 910
728 993
728 739
728 730
729 897
729 833
730 824
730 953
730 739
730 850
730 730
730 910
730 766
731 897
731 818
731 825
731 763
731 989
731 889
732 794
732 754
733 774
733 927
734 775
734 904
734 954
734 768
734 965
734 999
734 786
734 835
734 985
734 736
734 742
734 991
735 896
735 977
735 991
735 869
736 777
736 743
736 885
736 762
737 913
737 856
738 947
738 951
738 864
738 979
739 820
739 824
739 993
739 739
739 771
740 885
740 913
740 856
740 867
740 918
741 897
741 942
742 819
742 912
742 786
742 904
742 954
742 965
742 842
742 742
742 775
742 999
742 981
742 992
742 750
742 877
742 978
742 866
742 881
743 790
743 795
743 885
743 753
743 776
743 762
744 794
745 788
745 849
745 962
745 745
746 935
746 905
746 911
746 955
746 865
746 747
746 848
746 983
746 870
747 826
747 970
747 771
747 905
747 911
748 776
748 958
748 759
748 893
749 792
749 802
749 836
749 970
749 764
750 790
750 768
750 992
750 765
751 898
752 877
752 769
752 780
752 952
752 825
752 833
752 889
753 794
753 795
753 885
753 762
754 778
754 794
754 803
754 998
754 915
755 898
755 933
755 846
755 862
755 980
756 863
757 930
757 975
757 859
757 995
758 810
758 895
759 787
759 844
759 793
759 917
759 893
760 898
760 895
760 883
760 760
760 983
761 801
761 985
762 986
762 959
762 960
762 812
762 855
762 800
762 857
762 840
763 897
763 780
763 818
763 833
764 942
764 772
764 940
764 764
764 798
764 967
765 775
765 954
766 862
766 899
766 770
766 916
766 892
766 783
766 929
766 969
767 787
767 793
767 958
767 893
767 840
767 928
767 844
767 921
767 945
768 887
768 954
768 925
768 786
768 822
769 889
769 825
770 899
770 982
770 808
770 884
770 930
770 882
770 918
770 839
770 969
770 858
771 771
771 852
771 905
771 911
771 828
771 879
772 792
772 791
772 919
772 836
772 940
772 772
772 798
772 802
772 890
772 970
772 865
773 838
773 876
773 806
773 773
773 930
773 939
773 859
773 995
774 881
774 857
774 912
774 829
774 927
774 980
775 887
775 965
775 947
776 934
776 938
776 794
777 986
777 790
778 778
778 794
778 998
778 915
778 948
778 972
778 895
779 913
779 856
779 988
780 897
780 854
780 889
781 895
781 935
781 927
781 897
781 907
782 908
782 788
782 855
782 873
783 969
783 839
783 892
783 982
783 783
783 899
783 956
783 858
784 802
784 784
784 792
784 836
785 856
785 926
785 932
785 791
785 913
785 969
786 965
786 999
786 954
787 844
787 793
787 943
787 994
787 928
787 787
787 949
787 921
787 893
787 944
787 799
787 823
788 908
788 849
788 855
788 800
788 863
788 843
789 829
789 797
789 936
789 985
790 998
790 795
790 960
790 882
790 885
791 837
791 792
791 967
791 798
791 802
791 940
791 970
792 970
792 798
792 792
792 802
792 967
792 940
792 919
792 958
792 936
792 885
793 793
793 928
793 949
793 994
793 893
793 823
793 844
794 794
794 944
794 878
794 938
794 934
794 803
794 915
796 863
796 843
797 797
797 801
798 940
798 970
799 874
799 974
799 822
799 807
800 908
801 814
801 861
801 985
801 987
801 936
801 921
801 826
802 836
802 802
802 967
802 970
802 919
802 944
802 940
803 998
803 934
804 903
804 804
804 942
804 964
804 837
805 930
805 950
805 995
806 995
806 838
806 930
806 975
806 939
806 834
806 950
806 876
806 806
806 813
807 963
807 870
807 957
807 807
807 874
807 974
808 899
808 929
808 969
809 979
809 997
809 951
809 835
809 809
809 946
809 864
809 853
809 873
809 868
809 947
809 847
809 817
809 860
809 958
810 961
810 945
810 895
811 903
811 815
811 964
811 837
813 930
813 995
813 813
813 834
813 975
814 826
814 985
815 964
815 888
816 923
817 911
817 955
817 905
817 828
817 865
817 879
818 818
818 825
818 897
818 890
819 898
819 989
819 819
819 846
820 902
820 953
820 993
821 899
821 929
821 956
821 858
822 903
822 874
822 918
822 974
823 928
823 949
824 845
824 875
825 897
825 952
825 960
825 854
826 985
827 930
827 896
827 931
827 866
827 831
827 841
827 888
827 890
827 991
827 869
827 907
827 920
827 977
828 865
828 955
828 905
828 828
828 852
828 848
828 879
829 857
829 865
830 971
830 930
830 834
830 975
830 995
831 896
831 914
831 977
832 906
832 945
833 897
833 889
833 854
834 939
835 951
835 835
835 853
835 896
836 940
836 919
836 836
836 933
836 970
837 904
837 903
837 942
837 964
837 937
837 837
837 924
837 909
837 880
838 930
838 950
838 995
838 921
839 969
840 958
840 943
840 893
841 931
841 896
841 888
841 866
841 977
841 869
842 981
842 904
842 965
842 954
843 965
843 908
843 843
843 849
844 917
844 949
844 958
844 893
845 902
845 850
845 993
845 968
846 846
846 862
847 947
847 997
847 979
847 853
848 905
848 983
849 886
849 855
849 908
849 849
850 913
850 993
851 913
851 976
851 856
852 911
852 955
852 865
852 879
853 979
853 997
853 868
853 853
853 872
853 864
853 947
853 946
853 873
853 951
854 897
855 908
856 913
856 932
856 923
856 926
856 988
856 976
856 908
857 901
857 980
858 899
858 929
858 969
858 918
858 870
858 977
859 930
859 939
859 876
860 931
860 977
860 907
860 990
860 991
860 869
861 862
861 936
862 898
863 976
863 908
864 979
864 868
864 951
865 911
865 983
865 955
865 865
865 972
865 879
866 896
866 914
866 977
866 991
866 888
867 976
867 867
868 951
868 997
869 896
869 907
869 977
869 991
869 920
869 888
871 908
871 886
873 979
873 997
873 947
874 893
874 974
875 910
875 993
876 930
876 975
877 927
877 981
877 887
877 954
878 915
878 938
878 998
878 936
879 911
879 983
879 905
880 909
882 922
882 912
884 899
884 929
884 969
885 986
885 885
886 908
887 904
887 954
888 896
888 931
888 977
888 991
888 890
888 888
888 990
888 920
888 914
889 897
889 919
890 931
890 977
890 991
891 980
892 916
892 918
892 929
892 969
893 943
893 958
893 949
893 928
893 917
893 962
895 906
895 935
895 982
896 990
896 931
896 920
896 977
896 991
896 907
896 896
896 914
897 948
897 952
897 994
898 898
898 989
899 916
899 929
899 956
899 969
900 960
901 901
901 927
901 922
901 975
902 993
902 910
903 909
903 937
903 966
903 964
904 954
905 926
906 945
906 906
906 908
907 931
907 977
907 991
908 908
909 942
909 964
910 971
910 953
910 993
911 955
911 911
913 988
913 923
913 972
913 926
913 932
913 976
914 977
914 990
914 973
914 991
915 934
915 948
916 965
916 918
916 929
916 969
917 958
917 943
917 949
918 929
918 956
918 969
919 919
919 940
919 977
920 953
920 931
920 977
921 921
922 922
923 968
925 965
925 925
926 972
927 980
927 927
929 969
929 982
929 929
930 939
930 995
930 962
930 975
931 964
931 977
931 931
931 993
931 991
935 984
935 945
936 962
936 985
937 942
937 964
938 944
938 998
939 974
939 995
940 996
940 940
940 970
941 958
941 949
942 942
942 964
943 958
943 949
944 998
946 947
947 974
949 958
950 950
951 979
953 993
954 999
954 978
954 981
954 954
954 965
955 983
956 969
957 974
958 958
959 977
961 984
963 974
964 966
964 964
965 992
965 995
968 974
969 982
970 970
970 996
972 988
973 977
973 991
974 995
975 995
976 976
977 991
977 990
978 992
981 992
984 984
985 987
991 991
992 992
992 999
992 994
