0 95
0 716
0 351
0 629
0 28
0 937
0 402
0 87
0 852
1 267
1 387
1 589
1 517
1 694
1 567
1 137
1 338
1 734
1 837
1 231
1 357
1 72
2 674
2 21
2 147
2 837
2 731
2 848
2 514
2 522
2 688
2 484
2 951
2 126
2 114
2 764
2 869
3 263
3 755
3 900
3 470
3 507
3 442
3 704
3 589
3 592
3 635
3 749
3 677
3 106
3 150
3 306
3 831
3 989
3 435
3 127
3 806
3 267
3 448
3 768
3 524
3 341
3 344
3 81
3 576
3 545
3 382
3 134
3 368
3 872
3 696
3 398
3 763
3 395
3 493
3 43
3 95
3 248
3 548
3 864
3 502
3 567
3 145
3 486
3 9
4 898
4 296
4 857
4 216
4 234
4 157
4 87
4 696
4 718
4 352
4 735
4 46
4 82
4 456
4 299
4 266
4 628
4 432
4 610
4 267
4 298
4 935
4 705
4 199
4 847
4 905
4 719
4 336
4 391
4 137
4 760
4 401
4 766
4 410
4 114
4 459
4 738
4 612
4 149
4 792
4 320
4 608
5 230
5 39
5 960
5 716
5 202
5 531
5 268
5 136
5 946
5 760
5 289
5 386
5 908
5 159
5 673
5 566
6 18
6 430
6 541
6 762
6 337
6 171
6 377
6 501
6 646
6 863
6 624
6 869
6 286
6 595
6 379
6 294
6 655
6 926
6 612
7 411
7 385
7 243
7 225
7 607
7 78
7 67
7 784
7 87
7 351
7 107
7 437
7 313
7 349
7 17
7 760
7 164
7 918
7 738
7 826
7 404
7 958
8 395
8 653
8 165
8 851
8 126
8 954
8 194
8 757
8 436
8 73
8 734
8 93
8 969
8 853
8 738
8 616
8 279
8 287
8 473
8 59
9 532
9 736
9 145
9 689
9 452
9 401
9 347
9 757
9 656
9 466
9 397
9 747
9 879
9 389
10 732
10 677
10 601
10 496
10 202
10 961
10 783
10 491
10 863
11 677
11 599
11 856
11 854
11 809
11 620
11 930
11 882
11 363
11 284
11 518
11 156
11 722
11 157
11 230
11 918
11 996
11 254
11 24
11 614
11 224
11 954
11 297
11 249
11 319
11 178
12 156
12 337
12 562
12 279
12 462
12 505
12 765
12 696
12 730
12 970
12 490
12 841
12 595
13 336
13 536
13 677
13 451
13 674
13 260
13 781
13 153
13 858
13 899
13 335
13 903
13 148
13 406
13 940
13 592
13 235
13 579
13 827
13 714
13 890
14 998
14 686
14 437
14 337
14 391
14 461
14 237
14 336
14 594
14 45
14 30
14 956
14 647
14 993
14 466
14 149
14 828
14 64
14 99
15 539
15 172
15 601
15 527
15 28
15 930
15 896
15 316
15 274
15 300
15 828
16 267
16 31
16 263
16 382
16 500
16 854
16 956
16 649
16 940
16 183
17 619
17 285
17 933
17 69
17 236
17 859
17 573
17 906
17 643
17 687
17 596
17 944
17 125
17 102
17 575
17 54
17 245
17 43
17 369
17 105
17 234
17 415
17 467
17 544
17 486
17 167
17 842
17 194
17 699
17 91
17 679
17 83
17 429
17 202
17 667
17 648
17 942
18 715
18 430
18 533
18 118
18 341
18 962
18 976
18 598
18 114
18 348
18 788
18 648
18 926
18 276
18 835
18 376
18 969
18 727
18 968
18 917
18 748
18 307
18 495
18 409
18 256
18 447
18 820
18 722
18 622
18 86
18 829
18 633
18 955
18 380
18 961
18 52
18 933
18 290
18 885
18 711
18 923
18 358
18 562
18 414
18 236
19 665
19 700
19 465
19 204
19 726
19 436
19 301
19 146
19 155
19 175
19 873
19 802
19 435
19 303
20 619
20 852
20 100
20 521
20 513
20 98
20 108
20 200
20 144
20 126
20 539
20 774
20 676
20 351
20 897
20 427
20 845
20 583
20 827
21 846
21 774
21 711
21 716
21 249
21 637
21 987
21 352
21 138
21 121
21 107
22 182
22 382
22 790
22 674
22 103
22 658
22 367
22 483
22 722
22 631
22 707
22 267
22 969
22 338
22 383
22 647
22 906
22 934
22 668
22 398
22 627
22 236
22 402
22 888
22 446
23 774
23 972
23 358
23 467
23 153
23 594
23 814
23 99
23 237
23 540
23 956
23 942
23 874
23 275
23 614
23 84
23 190
23 811
23 235
24 743
24 666
24 327
24 980
24 559
24 184
24 954
24 726
24 859
24 408
24 467
24 516
24 568
24 47
24 935
24 694
24 673
24 848
24 605
24 142
24 792
24 70
24 230
24 218
24 730
24 395
24 949
24 687
24 290
24 998
24 853
24 525
24 219
24 157
24 394
24 415
24 752
24 684
24 631
24 691
24 259
24 487
24 695
24 475
25 31
25 790
25 885
25 897
25 475
25 421
25 47
25 892
25 488
25 691
25 108
25 582
25 504
25 253
25 953
25 943
25 670
25 307
25 598
25 701
25 304
25 611
25 650
25 442
25 820
25 456
25 693
25 955
26 441
26 426
26 711
26 913
26 718
26 867
26 333
26 905
26 918
26 341
26 902
26 804
26 719
26 210
26 271
26 35
26 323
26 617
26 553
26 891
26 728
26 655
26 81
26 623
26 949
27 960
27 73
27 988
27 867
27 539
27 368
27 676
27 316
27 208
27 736
27 209
27 466
27 362
27 388
27 104
27 410
27 614
27 64
27 245
27 59
27 72
28 617
28 567
28 323
28 854
28 722
28 306
28 473
28 258
28 726
28 282
28 918
28 633
28 52
28 176
28 643
28 481
28 627
28 88
28 902
28 571
28 393
28 175
28 942
28 192
29 754
29 432
29 774
29 814
29 511
29 263
29 287
29 227
29 371
29 557
29 431
29 804
29 530
29 535
29 375
29 672
29 969
29 864
29 224
29 466
29 404
29 806
29 657
29 57
29 977
29 99
30 430
30 898
30 366
30 121
30 243
30 611
30 635
30 667
30 416
30 466
30 542
30 903
30 811
30 538
30 362
30 680
31 794
31 625
31 257
31 85
31 552
31 528
31 498
31 891
31 126
31 456
31 770
31 975
31 757
31 630
31 489
31 591
31 379
31 71
31 139
31 266
31 414
31 130
31 518
31 861
31 896
31 780
31 756
31 118
31 618
31 496
31 249
31 131
31 470
31 121
31 501
31 809
31 801
31 571
31 44
32 263
32 720
32 777
32 162
32 624
32 753
32 656
32 258
32 51
32 137
32 592
32 649
32 626
32 376
32 349
32 391
32 427
32 81
32 577
32 835
32 570
32 990
32 673
33 512
33 37
33 437
33 149
33 525
33 103
33 867
33 182
33 131
33 137
33 734
33 678
33 473
33 235
33 72
34 509
34 733
34 567
34 383
34 322
34 231
34 457
34 449
34 978
34 794
34 957
34 970
34 977
34 991
35 700
35 741
35 195
35 432
35 543
35 998
35 829
35 318
35 936
35 442
35 94
35 853
35 214
35 469
35 417
35 877
35 742
35 330
35 969
35 491
35 357
35 893
35 126
36 479
36 602
36 622
36 113
36 800
36 686
36 783
36 189
36 39
36 45
36 193
36 262
36 690
36 902
36 427
36 675
36 738
36 524
36 352
36 551
36 859
36 59
37 77
37 276
37 492
37 570
37 301
37 321
37 669
37 862
37 489
37 535
37 391
37 932
37 993
37 858
37 422
37 908
37 940
37 673
38 653
38 166
38 429
38 671
38 666
38 95
38 456
38 113
38 348
38 496
38 591
38 425
38 734
38 600
38 711
38 358
38 416
38 985
38 590
38 57
38 827
39 602
39 387
39 565
39 196
39 279
39 707
39 818
39 276
39 320
39 345
39 633
39 895
39 894
39 69
39 868
39 972
39 206
39 873
39 205
39 742
39 587
39 211
39 255
39 121
39 783
39 342
39 406
39 91
39 995
39 876
39 87
39 896
40 677
40 913
40 366
40 954
40 734
40 403
40 951
40 112
40 865
40 792
40 931
40 345
40 503
40 745
40 473
41 228
41 720
41 952
41 418
41 908
41 620
41 150
41 695
41 322
41 998
41 663
42 77
42 451
42 147
42 734
42 48
42 620
42 930
42 125
42 293
42 314
42 287
42 114
43 989
43 188
43 184
43 700
43 842
43 204
43 279
43 959
43 193
43 107
43 430
43 882
43 948
43 512
43 326
43 522
43 448
43 190
43 411
43 870
43 500
43 122
43 845
43 286
43 576
43 888
44 716
44 249
44 184
44 700
44 147
44 452
44 760
44 548
44 334
44 957
44 315
44 536
44 790
44 485
44 703
44 164
44 177
44 498
44 643
44 107
44 102
44 235
44 461
44 888
45 754
45 432
45 507
45 661
45 985
45 518
45 81
45 404
45 615
45 241
46 320
46 460
46 301
46 516
46 656
46 235
46 507
46 897
46 401
46 456
46 416
46 675
46 660
46 903
46 695
46 837
46 702
46 663
46 714
47 532
47 803
47 421
47 62
47 480
47 559
47 935
47 979
47 384
47 792
47 178
47 911
47 320
48 482
48 411
48 432
48 536
48 795
48 658
48 322
48 697
48 641
48 508
48 954
48 505
48 465
48 703
48 751
48 462
48 669
48 871
48 478
48 433
48 599
48 219
48 540
48 846
48 726
48 398
48 762
48 402
48 692
48 388
48 284
48 49
48 261
48 435
48 828
49 533
49 825
49 604
49 349
49 467
49 845
49 743
49 809
49 693
49 368
49 708
50 550
50 711
50 189
50 741
50 627
50 235
50 978
50 310
50 220
50 667
50 96
50 237
50 805
50 346
50 777
50 873
50 110
50 809
50 892
50 594
50 309
50 675
50 407
50 581
50 303
50 708
51 878
51 732
51 285
51 366
51 904
51 830
51 448
51 844
51 997
51 314
51 775
51 380
51 142
51 636
51 970
51 969
51 81
51 985
51 516
51 648
51 570
51 958
52 527
52 451
52 349
52 559
52 147
52 238
52 76
52 908
52 406
52 727
52 817
53 778
53 944
53 489
53 816
53 820
53 780
53 798
53 397
53 319
53 649
53 154
53 404
53 977
54 520
54 61
54 999
54 481
54 979
54 289
54 936
54 985
54 745
54 240
54 864
54 660
54 131
54 738
54 180
54 99
54 592
55 944
55 613
55 972
55 953
55 197
55 646
55 136
55 759
55 783
55 571
55 620
55 400
56 998
56 77
56 463
56 690
56 716
56 948
56 489
56 888
56 912
56 568
56 859
56 796
56 552
56 804
56 662
56 148
56 793
56 802
56 924
56 406
56 964
56 544
56 70
56 94
56 291
56 758
56 792
56 362
56 554
56 418
56 154
56 217
56 516
56 152
56 572
56 893
57 948
57 220
57 690
57 617
57 293
57 114
57 466
57 623
57 159
57 273
57 473
57 776
57 163
57 376
57 285
57 994
57 365
57 453
57 291
57 383
57 658
57 188
57 281
57 602
57 708
57 442
57 936
57 762
57 621
57 946
58 313
58 520
58 734
58 452
58 201
58 153
58 311
58 233
58 400
58 893
59 118
59 819
59 743
59 652
59 954
59 456
59 610
59 114
59 764
59 529
59 598
59 787
59 553
59 603
59 873
59 154
59 622
59 929
59 391
59 967
59 304
59 921
59 619
59 360
59 159
59 162
59 724
59 473
59 732
59 156
59 574
59 378
59 393
59 242
59 552
59 163
59 718
59 255
59 950
59 663
59 913
59 451
59 413
60 257
60 532
60 420
60 242
60 965
60 281
60 622
60 314
60 970
60 106
60 824
60 685
60 531
60 321
60 813
60 320
60 896
60 888
61 432
61 677
61 429
61 566
61 762
61 348
61 178
61 279
61 693
61 153
61 850
61 667
61 454
61 756
61 412
61 343
61 273
61 567
61 569
61 502
61 435
61 940
61 195
61 181
61 251
61 413
61 116
61 774
61 847
61 79
61 362
61 327
61 895
61 730
61 577
61 477
61 964
62 441
62 251
62 550
62 228
62 535
62 310
62 816
62 502
62 193
62 147
62 421
62 350
62 360
62 551
62 902
62 393
62 232
62 283
62 459
62 718
62 168
62 437
62 301
62 916
62 774
62 889
62 224
62 837
62 340
62 930
63 128
63 137
63 147
63 634
63 145
63 800
63 488
63 831
63 239
63 534
63 903
63 792
63 836
63 958
63 460
64 938
64 470
64 416
64 928
64 349
64 592
64 490
64 200
64 628
64 895
64 460
64 621
64 189
64 86
64 972
64 129
64 269
64 302
64 577
64 631
64 355
64 644
64 891
64 561
64 726
64 72
64 164
64 210
64 862
64 207
64 607
64 817
64 243
64 285
64 408
64 632
64 407
65 553
65 391
65 145
65 548
65 904
65 555
65 428
65 801
65 614
65 434
65 636
65 489
65 809
65 468
65 185
65 608
65 210
66 288
66 709
66 677
66 206
66 350
66 391
66 775
66 417
66 183
66 370
66 918
66 632
66 907
66 877
66 455
66 730
66 81
66 745
66 836
66 98
66 684
66 210
67 128
67 819
67 569
67 204
67 992
67 961
67 760
67 154
67 203
67 792
68 527
68 948
68 819
68 132
68 118
68 958
68 682
68 302
68 676
68 391
68 734
68 456
68 616
68 886
68 759
69 220
69 252
69 827
69 791
69 640
69 322
69 126
69 945
69 962
69 143
69 588
69 233
69 271
69 654
69 817
69 279
69 759
69 934
69 592
69 301
69 198
69 152
69 729
69 306
69 112
69 180
69 513
69 463
69 275
69 992
69 338
69 671
69 833
69 293
69 626
69 546
69 370
70 420
70 73
70 200
70 548
70 770
70 788
70 802
70 340
70 218
70 242
70 496
71 211
71 559
71 224
71 141
71 964
71 727
71 190
71 894
71 131
71 389
71 580
71 911
71 746
72 127
72 819
72 602
72 900
72 553
72 86
72 184
72 268
72 787
72 767
72 563
72 871
72 146
72 378
73 230
73 296
73 170
73 249
73 952
73 156
73 855
73 615
73 675
73 263
73 848
73 93
73 937
73 147
73 502
73 717
73 614
73 172
73 681
73 742
73 783
73 411
73 237
73 523
73 740
73 961
73 83
73 588
73 355
73 412
73 942
73 916
73 129
73 326
73 416
73 137
73 910
73 908
73 695
73 792
73 407
74 436
74 121
74 553
74 563
74 247
74 309
74 773
74 883
74 101
74 363
74 102
74 344
74 714
74 807
75 182
75 349
75 525
75 972
75 786
75 204
75 388
75 351
75 225
75 724
75 809
75 649
75 571
75 342
75 386
75 107
75 588
75 975
76 512
76 411
76 777
76 897
76 181
76 593
76 470
76 557
76 942
76 792
76 995
76 955
76 378
77 95
77 236
77 85
77 788
77 971
77 638
77 794
77 821
77 943
77 992
77 225
77 436
77 671
77 850
77 849
77 612
77 813
77 222
77 673
78 790
78 496
78 189
78 981
78 722
78 730
78 616
78 964
78 806
79 755
79 661
79 155
79 883
79 224
79 473
79 373
79 318
80 136
80 130
80 263
80 709
80 736
80 496
80 856
80 734
80 992
80 361
80 291
80 245
80 562
80 300
80 400
80 446
81 350
81 366
81 315
81 989
81 675
81 144
81 994
81 870
81 249
81 345
81 147
81 342
81 448
81 266
81 669
81 622
81 295
81 145
81 927
81 202
81 784
81 404
81 792
81 325
81 551
81 576
81 402
81 708
82 296
82 432
82 437
82 743
82 202
82 745
82 149
82 579
82 99
83 938
83 432
83 204
83 249
83 188
83 617
83 735
83 530
83 216
83 957
83 490
83 352
83 962
83 397
83 670
83 257
83 322
83 85
83 426
83 680
83 516
83 612
83 620
83 473
84 267
84 878
84 372
84 948
84 875
84 814
84 976
84 426
84 145
84 219
84 529
84 250
84 877
84 89
84 517
84 131
84 202
84 730
84 650
84 783
84 528
84 193
85 545
85 166
85 314
85 162
85 677
85 553
85 700
85 867
85 992
85 415
85 153
85 896
85 931
86 411
86 960
86 603
86 570
86 859
86 818
86 286
86 913
86 232
86 843
86 101
86 558
86 415
86 290
86 430
86 381
86 357
86 617
86 179
86 201
86 769
86 102
86 410
86 135
86 600
86 236
86 245
87 420
87 691
87 349
87 221
87 416
87 554
87 577
87 788
87 198
87 551
87 111
87 738
87 92
87 214
87 506
87 179
88 512
88 313
88 156
88 451
88 544
88 153
88 407
88 470
88 233
88 780
88 988
88 928
88 301
88 807
88 980
88 120
88 987
88 940
88 729
88 774
88 842
88 353
88 466
88 837
88 930
89 776
89 754
89 411
89 509
89 185
89 350
89 529
90 265
90 913
90 261
90 561
90 491
90 115
90 384
90 587
90 454
91 545
91 891
91 672
91 121
91 740
91 384
91 279
91 573
91 135
91 974
91 860
91 392
91 283
91 138
91 916
91 929
91 579
92 128
92 482
92 506
92 166
92 690
92 742
92 730
92 985
92 217
92 357
92 971
92 161
92 767
92 137
93 998
93 451
93 429
93 470
93 122
93 439
93 726
93 477
93 381
93 529
93 473
94 482
94 313
94 862
94 999
94 902
94 345
94 466
94 132
94 150
94 695
94 161
95 482
95 732
95 776
95 395
95 489
95 974
95 960
95 930
95 709
95 691
95 190
95 655
95 338
95 368
95 563
95 787
95 753
95 301
95 324
95 413
95 843
95 985
95 848
95 100
95 994
95 646
95 342
95 554
95 758
95 981
95 904
95 909
95 568
95 162
95 406
95 893
95 501
95 96
95 117
95 262
95 293
95 938
95 285
95 550
95 599
95 391
95 696
95 729
95 101
95 175
95 724
95 98
95 983
95 977
96 211
96 862
96 927
96 106
96 271
96 664
96 791
96 726
96 810
96 238
96 783
96 416
96 612
96 277
96 695
96 995
96 320
96 767
96 566
97 437
97 233
97 817
97 469
97 891
97 384
97 615
97 290
97 489
97 550
97 204
97 436
97 467
97 899
97 549
97 802
97 893
98 713
98 903
98 559
98 696
98 164
98 385
98 900
98 456
98 334
98 761
98 723
98 858
98 555
99 128
99 291
99 589
99 463
99 517
99 147
99 164
99 104
99 354
99 100
99 747
99 272
99 432
99 966
99 638
99 659
99 320
99 425
99 963
99 334
99 102
99 885
99 710
99 616
99 251
99 708
99 210
100 388
100 285
100 790
100 730
100 667
100 516
100 536
100 404
100 102
100 200
100 256
100 144
100 733
100 247
100 646
100 991
100 249
100 259
100 920
100 308
100 531
100 618
100 510
100 389
100 320
100 714
101 257
101 653
101 182
101 829
101 700
101 954
101 130
101 892
101 278
101 791
101 722
101 577
101 693
101 542
101 570
102 409
102 602
102 639
102 690
102 629
102 716
102 771
102 370
102 272
102 488
102 594
102 742
102 682
102 817
102 122
103 900
103 291
103 426
103 463
103 980
103 429
103 198
103 879
103 962
103 958
103 367
103 302
103 416
103 839
103 630
103 975
103 538
104 426
104 617
104 700
104 474
104 765
104 481
104 619
104 676
104 756
104 692
104 688
104 832
104 436
104 598
104 858
104 815
104 384
104 565
104 990
104 829
104 217
104 357
104 107
104 964
104 787
104 977
104 991
104 888
104 807
105 938
105 383
105 353
105 695
105 170
105 242
105 172
105 144
105 501
105 268
105 693
105 352
105 107
105 975
106 803
106 489
106 908
106 234
106 115
106 923
106 578
106 390
106 328
106 503
106 760
106 483
106 728
106 571
106 141
106 837
106 235
106 582
107 437
107 550
107 711
107 520
107 481
107 899
107 738
107 670
107 812
107 865
107 766
107 366
107 309
107 356
107 858
107 411
107 445
107 346
107 128
107 410
107 608
107 803
107 243
107 586
107 837
108 803
108 429
108 559
108 696
108 818
108 467
108 215
108 650
108 114
108 148
108 837
109 794
109 728
109 253
109 571
109 768
109 360
109 763
109 847
109 967
109 143
109 216
109 271
109 368
110 242
110 137
110 554
110 224
110 379
110 405
110 306
110 537
110 691
111 803
111 182
111 846
111 336
111 602
111 296
111 134
111 507
111 145
111 200
111 293
111 315
111 502
111 695
111 966
112 754
112 411
112 206
112 559
112 775
112 221
112 699
112 322
112 500
112 268
112 397
112 620
112 903
112 828
112 617
112 489
112 623
112 257
112 400
112 839
113 411
113 602
113 762
113 674
113 467
113 224
113 660
113 493
114 202
114 470
114 164
114 456
114 751
114 816
114 681
114 574
114 959
114 335
114 746
114 258
114 564
114 130
114 883
114 481
114 801
114 357
114 802
114 806
115 267
115 285
115 182
115 191
115 517
115 734
115 375
115 623
115 650
115 287
115 524
115 673
115 216
115 528
115 772
115 473
115 977
116 819
116 795
116 589
116 251
116 856
116 957
116 326
116 588
116 646
116 828
116 387
116 931
116 408
116 136
116 974
116 966
116 791
116 882
116 308
116 872
116 216
116 293
116 722
116 993
116 638
116 325
117 162
117 463
117 517
117 275
117 155
117 128
117 933
117 801
118 931
118 159
118 444
118 723
118 849
118 965
118 832
118 866
118 138
118 977
118 859
118 865
118 703
118 959
118 896
118 774
118 982
118 772
118 702
118 140
118 463
118 829
118 204
118 629
118 910
118 728
118 503
118 462
118 660
118 871
118 406
118 381
118 911
118 389
118 673
119 156
119 151
119 458
119 393
119 562
119 650
119 510
119 271
119 213
119 649
119 916
119 660
119 892
119 286
119 334
120 489
120 281
120 633
120 247
120 991
120 515
120 558
120 138
120 548
120 481
120 809
120 853
120 277
120 764
120 865
120 575
121 589
121 220
121 505
121 704
121 311
121 965
121 881
121 785
121 280
121 745
121 959
121 327
121 199
121 533
121 389
121 517
121 602
121 749
121 442
121 281
121 236
121 738
121 395
121 385
121 444
121 125
121 518
121 451
121 470
121 637
121 852
121 686
121 615
121 820
121 650
121 929
121 576
121 990
122 732
122 451
122 624
122 674
122 415
122 223
122 671
122 977
122 709
122 900
122 278
122 510
122 897
122 180
123 794
123 242
123 617
123 151
123 415
123 783
123 969
123 379
123 571
123 551
123 767
123 680
124 127
124 421
124 216
124 547
124 860
124 466
124 892
124 736
124 331
124 933
124 691
124 903
124 215
124 895
124 683
124 987
124 771
124 285
124 382
124 451
124 252
124 137
124 436
124 993
124 360
124 955
124 896
124 807
125 512
125 128
125 898
125 382
125 498
125 930
125 727
125 705
125 431
126 776
126 411
126 382
126 617
126 496
126 142
126 698
126 215
126 181
126 528
126 368
126 136
126 546
126 149
126 979
126 132
126 490
126 275
126 472
126 741
126 363
126 810
126 996
126 185
126 841
126 608
127 141
127 168
127 575
127 249
127 908
127 279
127 962
127 789
127 989
127 328
127 459
127 569
127 906
127 658
127 863
127 620
127 708
128 527
128 619
128 693
128 260
128 719
128 807
128 973
128 243
128 904
128 280
128 612
128 961
128 608
128 860
128 378
128 346
128 739
128 713
128 974
128 336
128 553
128 191
128 452
128 897
128 648
128 764
128 663
129 632
129 998
129 166
129 700
129 436
129 486
129 723
129 649
129 373
129 950
129 746
130 808
130 573
130 701
130 478
130 923
130 952
130 491
130 285
130 617
130 786
130 225
130 698
130 452
130 548
130 970
130 990
131 267
131 388
131 720
131 862
131 733
131 974
131 488
131 673
131 976
131 880
131 924
131 420
131 155
131 766
131 794
131 247
131 397
131 645
131 415
131 442
131 481
131 561
131 143
131 340
131 772
131 995
131 827
131 991
131 608
131 869
132 344
132 786
132 204
132 833
132 918
132 664
132 929
132 985
132 470
132 481
132 193
132 680
133 137
133 992
133 442
133 381
133 659
133 394
133 362
133 779
133 164
133 376
133 724
133 811
133 772
133 644
133 320
134 432
134 690
134 816
134 567
134 954
134 729
134 752
134 537
134 491
134 620
134 964
134 337
134 619
134 714
134 799
135 535
135 857
135 179
135 366
135 729
135 701
135 837
135 918
135 295
135 383
135 617
135 723
135 858
135 928
135 691
135 401
135 852
135 346
135 464
135 542
135 174
135 321
135 374
135 641
135 340
135 529
136 744
136 804
136 248
136 845
136 942
136 409
136 378
136 176
136 638
136 466
136 863
136 155
136 904
136 322
136 664
136 746
136 303
137 624
137 762
137 563
137 375
137 914
137 474
137 663
137 151
137 632
137 219
137 805
137 940
137 190
137 870
137 994
137 631
137 800
137 590
137 412
137 582
137 745
137 822
137 356
137 279
137 832
137 755
137 393
137 562
137 982
137 379
137 169
138 447
138 520
138 742
138 481
138 352
138 400
139 533
139 286
139 691
139 318
139 336
139 690
139 520
139 765
139 591
139 647
139 824
139 289
139 406
139 970
139 767
140 794
140 844
140 327
140 480
140 214
140 967
140 169
140 833
140 772
140 201
140 483
140 602
140 382
140 543
140 147
140 650
140 929
140 379
140 940
141 998
141 388
141 589
141 199
141 516
141 758
141 372
141 675
141 552
141 421
141 595
141 809
141 699
141 622
141 325
141 865
141 614
141 893
142 776
142 532
142 986
142 349
142 983
142 235
142 346
142 749
142 314
142 199
142 538
142 821
142 467
142 623
142 837
142 320
143 184
143 333
143 965
143 415
143 505
143 873
143 203
143 485
143 404
143 409
143 396
143 846
143 583
143 232
143 695
143 964
143 727
143 334
144 252
144 145
144 993
144 410
144 853
144 168
144 527
144 650
144 708
145 409
145 451
145 669
145 236
145 244
145 618
145 903
145 948
145 172
145 988
145 323
145 212
145 547
145 233
145 815
145 856
145 421
145 452
145 629
145 760
145 319
145 266
145 549
145 226
145 828
146 776
146 480
146 458
146 367
146 158
146 681
146 704
146 326
146 652
146 711
146 201
146 197
146 340
146 701
146 728
146 413
146 415
146 299
146 696
146 626
146 416
146 979
146 379
146 620
146 683
146 799
147 166
147 235
147 280
147 684
147 959
147 234
147 972
147 951
147 242
147 570
147 320
147 379
147 442
147 576
147 405
147 321
147 479
147 958
147 278
147 397
147 781
147 714
147 573
147 169
147 322
147 323
147 546
147 950
147 879
148 313
148 480
148 442
148 858
148 757
148 639
148 502
148 922
148 778
148 541
148 268
148 949
148 777
148 819
149 622
149 249
149 856
149 981
149 658
149 825
149 505
149 739
149 422
149 255
149 152
149 928
149 514
149 157
149 818
149 576
149 310
149 192
149 590
149 811
149 259
149 235
149 991
149 799
150 447
150 358
150 393
150 650
150 801
150 166
150 552
150 278
150 761
151 794
151 915
151 676
151 750
151 345
151 262
151 429
151 562
151 745
151 837
151 235
151 893
151 714
151 974
152 527
152 715
152 415
152 897
152 820
152 533
152 947
152 832
152 173
152 389
152 968
152 618
152 997
152 166
152 659
152 794
152 554
152 718
152 223
152 265
152 744
152 549
152 235
153 285
153 356
153 755
153 489
153 762
153 391
153 668
153 757
153 908
153 439
153 428
153 188
153 383
153 747
153 959
153 949
153 434
153 939
153 284
153 275
153 649
153 279
153 871
153 540
153 258
153 170
153 185
153 190
153 365
153 332
153 331
153 956
153 539
153 740
153 804
153 515
153 420
153 341
153 580
153 477
153 660
153 903
153 678
154 230
154 437
154 195
154 944
154 421
154 606
154 332
154 179
154 993
154 899
154 402
154 656
154 850
154 339
154 914
154 551
154 896
154 807
155 291
155 559
155 199
155 926
155 579
155 365
155 875
155 248
155 169
155 428
155 934
155 473
155 904
155 946
155 363
155 346
155 561
155 721
155 719
155 196
155 408
155 780
155 352
155 814
155 494
155 281
155 306
155 484
155 582
155 745
155 790
155 353
155 895
155 726
155 672
155 467
155 650
155 416
155 217
155 893
156 543
156 744
156 934
156 653
156 357
156 308
156 488
156 823
156 616
156 309
156 646
156 552
156 929
156 352
156 528
157 489
157 567
157 993
157 519
157 477
157 600
157 792
157 381
157 975
158 639
158 992
158 215
158 359
158 406
158 742
158 482
158 723
159 463
159 605
159 474
159 366
159 760
159 467
159 349
159 602
159 686
159 609
159 621
159 615
160 637
160 790
160 753
160 429
160 562
160 401
160 929
160 976
160 528
160 793
160 714
161 794
161 463
161 676
161 563
161 658
161 650
161 864
161 945
161 534
161 924
161 245
161 405
161 700
161 258
162 619
162 715
162 166
162 772
162 369
162 343
162 378
162 675
162 991
162 822
162 528
162 437
162 616
162 686
162 945
162 400
162 885
162 346
162 474
162 293
162 899
162 680
163 794
163 479
163 686
163 677
163 569
163 391
163 552
163 548
163 824
163 929
163 604
163 942
163 404
163 792
163 439
163 630
163 930
163 990
163 991
163 807
164 479
164 754
164 885
164 548
164 486
164 819
164 312
164 792
164 746
164 633
164 962
164 237
164 304
164 869
164 650
164 985
164 903
164 307
165 898
165 263
165 536
165 676
165 605
165 287
165 789
165 574
165 564
165 920
165 483
165 889
165 466
165 836
165 955
165 235
166 288
166 545
166 411
166 557
166 208
166 428
166 802
166 820
166 943
166 509
166 272
166 480
166 444
166 419
166 475
166 246
166 861
166 520
166 492
166 451
166 245
166 414
166 824
166 819
166 437
166 313
166 291
166 639
166 391
166 825
166 899
166 853
166 277
166 584
166 806
166 879
166 974
167 356
167 451
167 877
167 885
167 568
167 775
167 941
167 679
167 212
167 973
168 372
168 686
168 441
168 846
168 544
168 327
168 906
168 452
168 758
168 215
168 315
168 969
168 224
168 466
168 357
168 492
168 482
168 495
168 787
168 893
168 767
169 762
169 442
169 540
169 841
169 649
169 464
169 297
169 732
169 575
169 526
169 856
169 972
169 591
169 637
169 340
169 617
169 942
170 291
170 971
170 240
170 371
170 171
170 367
170 224
170 269
170 391
170 204
171 794
171 720
171 539
171 550
171 700
171 436
171 696
171 571
171 241
172 267
172 682
172 849
172 937
172 886
172 785
172 904
172 346
172 184
172 858
172 809
172 450
172 806
172 361
173 395
173 432
173 290
173 959
173 535
173 366
173 819
173 315
173 648
173 879
173 663
174 898
174 624
174 762
174 544
174 179
174 552
174 703
174 611
174 276
174 578
174 742
174 398
174 838
174 221
174 845
174 386
174 352
174 185
174 673
175 211
175 622
175 553
175 925
175 323
175 576
175 333
175 526
175 277
175 667
175 858
175 516
175 643
176 265
176 639
176 737
176 204
176 338
176 895
176 209
176 667
176 379
176 406
176 404
176 995
176 767
176 974
177 602
177 774
177 867
177 470
177 415
177 730
177 946
177 837
178 388
178 285
178 432
178 899
178 969
178 727
178 189
178 316
178 666
178 716
178 927
178 192
178 608
178 680
178 822
179 451
179 329
179 391
179 465
179 779
179 646
179 468
179 236
179 743
179 363
179 635
179 846
179 411
179 413
179 687
179 810
179 999
179 496
179 624
179 227
179 540
179 439
179 480
179 237
179 379
179 296
179 802
179 239
179 356
179 728
179 813
179 793
179 286
179 675
179 419
179 884
179 575
179 877
179 384
179 759
179 904
179 876
179 589
179 601
179 946
179 734
179 669
179 935
179 322
179 562
179 481
179 253
179 710
179 930
179 975
180 372
180 915
180 411
180 681
180 351
180 895
180 945
180 192
180 533
180 398
180 768
180 784
180 416
180 185
181 744
181 318
181 242
181 785
181 734
181 699
181 826
181 269
181 938
181 449
181 360
181 562
181 902
181 525
181 544
181 718
181 559
181 613
181 629
181 805
181 584
181 308
181 747
181 949
181 714
182 545
182 934
182 285
182 584
182 346
182 707
182 871
182 757
182 625
182 790
182 627
182 475
182 640
182 577
182 430
182 764
182 719
182 199
182 624
182 870
182 431
182 940
182 463
182 716
182 391
182 465
182 264
182 918
182 416
182 546
182 224
182 708
183 465
183 202
183 374
183 760
183 355
183 802
183 806
183 226
183 572
183 823
183 811
183 286
183 835
183 304
184 349
184 679
184 187
184 655
184 782
184 870
184 937
184 696
184 689
184 393
184 416
184 528
184 967
184 592
185 637
185 589
185 480
185 913
185 704
185 398
185 319
185 570
185 842
185 698
185 725
185 911
185 786
185 705
185 351
185 683
185 716
185 492
185 331
185 845
185 307
185 627
185 194
185 465
185 357
185 828
185 416
185 255
185 631
185 659
185 854
185 763
185 362
185 467
185 204
185 539
185 955
185 671
185 284
186 437
186 751
186 536
186 825
186 293
186 315
186 335
186 806
186 715
187 512
187 420
187 733
187 786
187 842
187 352
187 357
187 481
187 655
187 580
187 864
187 621
187 287
187 307
188 515
188 709
188 602
188 348
188 484
188 780
188 339
188 904
188 442
188 738
188 342
188 312
188 964
188 404
188 792
188 940
188 836
188 529
189 372
189 898
189 285
189 541
189 666
189 694
189 656
189 720
189 322
189 647
189 481
189 728
189 713
189 796
189 475
190 288
190 296
190 517
190 559
190 227
190 893
190 237
190 553
190 642
191 632
191 535
191 967
191 215
191 603
191 836
191 510
191 944
191 593
191 721
191 448
191 584
191 243
191 648
191 542
191 480
191 779
191 559
191 856
191 322
191 418
191 359
191 871
191 930
191 917
192 913
192 877
192 742
192 507
192 322
192 769
192 597
192 377
192 942
192 964
192 966
192 419
192 551
192 995
192 426
192 422
192 887
192 680
192 477
193 482
193 594
193 382
193 605
193 818
193 649
193 289
193 246
193 243
193 779
193 848
193 845
193 369
193 668
193 661
193 662
193 965
193 964
193 814
193 498
193 895
193 389
193 977
194 292
194 263
194 443
194 720
194 517
194 694
194 221
194 984
194 792
194 614
194 317
195 619
195 479
195 686
195 751
195 205
195 558
195 250
195 661
195 520
195 742
195 481
195 969
195 557
195 308
195 490
196 915
196 664
196 835
196 521
196 930
196 478
196 473
196 415
196 879
196 368
196 767
197 619
197 959
197 332
197 481
197 667
197 581
198 532
198 846
198 589
198 658
198 361
198 974
199 313
199 382
199 677
199 634
199 515
199 221
199 822
199 540
199 628
199 558
199 228
199 286
199 831
199 803
199 542
199 739
199 416
199 279
199 400
199 307
200 267
200 744
200 819
200 665
200 327
200 500
200 985
200 573
200 640
200 458
200 268
200 579
200 364
200 977
200 512
200 384
200 365
200 299
200 208
200 571
200 592
200 905
200 287
200 680
201 451
201 869
201 646
201 723
201 580
201 611
201 534
202 512
202 285
202 313
202 681
202 567
202 658
202 274
202 309
202 941
202 698
202 889
202 434
202 831
202 692
202 348
202 246
202 730
202 398
202 737
202 890
202 577
202 789
202 988
202 949
202 622
202 269
202 425
202 675
202 820
202 480
202 235
202 388
202 391
202 585
202 234
202 421
202 800
202 531
202 879
202 299
202 650
203 754
203 819
203 965
203 526
203 748
203 491
203 639
203 598
203 991
204 291
204 913
204 775
204 954
204 778
204 595
204 632
204 234
204 730
204 863
204 796
204 280
204 831
204 581
204 880
204 299
204 445
204 628
204 426
204 367
204 716
204 847
204 527
204 788
204 577
204 773
204 241
204 808
204 771
204 485
204 543
204 719
204 256
204 295
204 696
204 969
204 660
204 353
204 903
204 879
205 479
205 432
205 743
205 885
205 927
205 470
205 801
205 660
205 836
205 325
205 876
205 371
206 395
206 411
206 847
206 568
206 902
206 658
206 699
206 390
206 559
206 856
206 374
206 884
206 892
206 864
206 634
206 828
207 915
207 653
207 795
207 291
207 676
207 299
207 452
207 730
207 406
207 942
207 235
207 842
207 767
207 274
207 438
207 702
207 255
207 749
207 488
207 865
207 785
207 522
207 551
207 831
207 803
208 372
208 892
208 770
208 427
208 480
208 260
208 223
208 318
208 830
208 458
208 307
208 942
208 722
208 638
208 399
208 849
208 995
208 747
209 948
209 541
209 313
209 988
209 248
209 952
209 650
209 839
209 865
209 643
209 931
209 708
210 296
210 677
210 988
210 775
210 671
210 993
210 801
210 817
210 391
210 992
210 346
210 837
210 241
211 631
211 886
211 641
211 638
211 916
211 224
211 731
211 463
211 275
211 845
211 667
212 395
212 666
212 478
212 853
212 591
212 643
212 691
212 901
212 498
212 866
212 404
212 930
213 948
213 432
213 594
213 382
213 451
213 465
213 520
213 366
213 647
213 809
213 847
213 357
213 964
214 267
214 803
214 550
214 867
214 470
214 750
214 322
214 547
214 360
214 725
214 268
214 279
214 788
214 942
214 893
215 349
215 585
215 317
215 903
215 289
215 360
215 534
215 698
215 810
215 914
215 733
215 661
215 639
215 727
215 965
215 465
215 322
215 835
215 985
215 736
215 844
215 288
215 421
215 487
215 883
215 907
215 552
215 567
215 361
215 561
215 783
215 801
215 837
215 236
216 512
216 677
216 327
216 394
216 760
216 459
216 693
216 623
216 519
216 329
216 465
216 305
216 664
216 346
216 450
216 964
216 600
217 260
217 342
217 788
217 420
217 286
217 394
217 684
217 285
217 660
217 844
217 991
217 558
217 427
217 524
217 819
217 908
217 657
217 241
217 822
218 589
218 904
218 221
218 322
218 897
218 380
218 456
218 773
218 822
218 933
218 814
218 652
218 591
218 634
218 687
218 571
218 386
218 241
219 230
219 291
219 867
219 698
219 358
219 847
219 399
219 277
219 727
219 977
220 512
220 934
220 437
220 393
220 748
220 400
220 442
220 811
220 663
220 844
220 827
220 517
220 366
220 765
220 548
220 910
220 427
220 850
220 597
220 667
220 679
220 551
220 490
221 632
221 479
221 329
221 567
221 366
221 471
221 237
221 233
221 805
221 985
221 746
221 607
221 996
221 907
221 807
221 449
221 850
221 557
221 287
221 763
221 561
221 722
221 359
221 516
221 277
221 678
221 995
221 473
221 865
221 958
222 437
222 895
222 889
222 597
222 376
222 675
222 997
222 693
222 475
222 783
222 879
222 988
222 865
223 257
223 794
223 898
223 263
223 489
223 774
223 851
223 768
223 512
223 319
223 879
223 714
224 387
224 774
224 671
224 346
224 816
224 393
224 970
224 471
224 305
224 988
224 708
224 409
224 721
224 315
224 700
224 977
224 565
224 923
224 333
224 609
224 932
224 483
224 907
224 697
224 969
224 987
224 926
224 704
224 531
224 412
224 897
224 360
224 771
224 715
224 919
224 705
224 510
224 572
224 787
225 421
225 686
225 932
225 470
225 239
225 885
225 961
225 554
225 528
225 859
225 657
225 250
225 958
226 715
226 313
226 489
226 927
226 724
226 379
226 600
226 306
226 959
226 341
226 602
226 681
226 431
226 782
226 535
226 470
226 354
226 743
226 466
226 586
226 982
226 853
226 367
226 343
226 904
226 475
227 285
227 391
227 571
227 269
227 917
227 579
227 970
227 893
227 595
228 269
228 988
228 945
228 555
228 808
228 876
228 263
228 834
228 438
228 290
228 232
228 887
228 415
228 635
228 723
228 418
228 908
228 648
228 911
228 461
229 437
229 674
229 605
229 809
229 534
229 911
229 236
229 579
229 441
229 591
229 369
230 515
230 794
230 965
230 994
230 342
230 882
230 494
230 912
230 454
230 621
230 986
230 989
230 520
230 992
230 322
230 647
230 722
230 610
230 325
231 267
231 632
231 885
231 232
231 749
231 239
231 945
231 556
231 866
231 571
231 849
231 837
231 404
231 772
231 644
231 663
232 898
232 674
232 553
232 327
232 384
232 617
232 457
232 288
232 248
232 763
232 542
232 964
232 614
232 990
233 948
233 613
233 622
233 677
233 965
233 889
233 910
233 397
233 727
233 958
234 532
234 936
235 432
235 470
235 455
235 818
235 763
235 918
235 826
235 404
235 961
235 633
235 655
235 856
235 261
235 292
235 438
235 890
235 733
235 981
235 529
235 453
235 594
235 755
235 924
235 707
235 727
235 351
235 969
235 944
235 331
236 686
236 677
236 699
236 783
236 571
236 271
236 670
236 935
236 808
236 243
236 353
236 728
236 678
236 773
236 652
236 575
236 566
236 446
236 708
237 690
237 383
237 969
237 837
237 970
237 841
238 744
238 409
238 278
238 700
238 515
238 563
238 406
238 456
238 528
238 836
238 325
239 267
239 506
239 291
239 589
239 563
239 261
239 992
239 766
239 551
239 425
239 614
239 841
240 933
240 618
240 249
240 367
240 293
240 766
240 522
240 357
240 886
240 846
240 608
240 888
241 794
241 927
241 750
241 698
241 467
241 792
241 896
242 898
242 258
242 603
242 633
242 787
242 860
242 377
242 332
242 856
242 699
242 473
242 566
243 292
243 624
243 700
243 415
243 591
243 416
243 929
243 788
243 886
243 714
244 541
244 658
244 671
244 818
244 922
244 681
244 492
244 416
244 379
244 693
244 970
244 566
245 515
245 709
245 882
245 458
245 889
245 722
245 516
245 272
245 314
245 374
245 911
245 249
245 691
245 800
246 637
246 979
246 516
246 293
246 564
246 657
246 405
247 601
247 992
247 498
247 647
247 657
247 473
247 931
247 446
248 933
248 762
248 617
248 921
248 667
248 689
248 480
248 254
249 720
249 743
249 690
249 423
249 844
249 687
249 641
249 292
249 801
249 280
249 421
249 791
249 640
249 875
249 785
249 779
249 830
249 983
249 957
249 259
249 442
249 959
249 554
249 372
249 789
249 367
249 626
249 941
249 975
249 395
249 318
249 825
249 262
249 954
249 814
249 368
249 343
249 846
249 856
249 658
249 936
249 660
249 678
249 896
249 799
250 420
250 922
250 517
250 394
250 792
250 313
250 991
251 677
251 615
251 318
251 871
251 484
251 594
251 913
251 645
251 734
251 436
251 486
251 899
251 377
251 309
251 861
251 908
251 320
251 991
251 869
252 324
252 705
252 972
252 374
252 898
253 625
253 463
253 480
253 569
253 349
253 520
253 960
253 593
253 264
253 563
253 462
253 540
253 538
253 375
253 707
253 308
253 753
253 547
253 578
253 575
253 357
253 600
253 528
254 515
254 463
254 694
254 700
254 904
254 726
254 434
254 319
254 626
254 445
254 644
254 787
254 493
255 619
255 372
255 373
255 909
255 583
255 648
255 482
255 894
255 775
255 415
255 401
255 893
256 913
256 810
256 635
256 685
256 757
256 823
256 444
256 347
256 511
256 575
256 942
256 802
256 460
257 776
257 844
257 643
257 980
257 919
257 824
257 989
257 560
257 515
257 915
257 291
257 500
257 993
257 783
257 966
258 989
258 539
258 676
258 856
258 635
258 315
258 864
258 616
258 277
258 695
258 764
258 490
259 388
259 432
259 751
259 472
259 415
259 739
259 892
259 324
259 797
259 913
259 792
259 889
259 903
259 404
259 673
260 602
260 382
260 291
260 727
260 496
260 699
260 691
260 950
260 431
260 905
260 946
260 524
260 742
260 672
260 347
260 502
260 657
260 405
260 896
261 291
261 912
261 329
261 618
261 503
261 444
261 777
261 758
261 458
261 341
261 878
261 977
261 406
261 384
261 510
261 888
261 523
261 562
261 481
261 837
261 404
262 286
262 948
262 313
262 690
262 882
262 856
262 486
262 477
262 359
262 600
262 977
263 267
263 487
263 762
263 544
263 754
263 746
263 392
263 730
263 272
263 788
263 469
263 404
263 276
263 760
263 520
263 564
263 342
263 574
263 470
263 507
263 824
263 424
263 801
263 400
263 615
264 878
264 305
264 539
264 881
264 645
264 584
264 614
264 331
264 705
264 724
264 620
264 792
264 389
265 512
265 402
265 456
265 469
265 520
265 505
265 286
265 489
265 676
265 465
265 981
265 404
265 407
265 836
265 608
265 890
266 709
266 993
266 270
266 988
266 964
266 958
267 421
267 479
267 288
267 395
267 320
267 571
267 640
267 709
267 583
267 642
267 748
267 983
267 958
267 736
267 756
267 875
267 469
267 913
267 489
267 490
267 559
267 333
267 927
267 557
267 719
267 774
267 721
267 771
267 563
267 780
267 842
267 682
267 790
267 322
267 526
267 612
267 964
267 911
267 817
268 617
268 486
268 711
268 339
268 796
268 609
268 463
268 659
268 269
268 682
268 298
268 857
268 550
268 301
268 860
268 794
268 368
269 287
269 596
269 801
269 829
269 726
269 964
269 897
269 562
269 803
269 709
269 467
269 379
269 540
269 936
269 397
269 352
269 806
269 911
269 579
269 822
270 290
270 700
270 366
270 730
270 819
270 382
270 806
270 293
270 357
271 515
271 432
271 690
271 788
271 657
271 774
271 411
271 970
271 632
271 844
271 796
271 811
271 738
271 461
272 816
272 552
272 629
272 671
272 510
272 477
272 522
272 755
272 951
272 664
272 570
272 975
272 896
272 974
273 765
273 850
273 725
273 696
273 326
273 749
273 787
273 707
273 940
273 488
273 371
274 520
274 965
274 734
274 401
274 561
274 545
274 376
274 603
274 674
274 952
274 586
274 695
274 772
274 657
275 794
275 296
275 686
275 602
275 774
275 616
275 390
275 434
275 878
275 895
275 984
276 313
276 318
276 762
276 333
276 765
276 944
276 910
276 372
276 365
276 571
276 524
276 792
276 670
276 321
276 555
277 489
277 639
277 559
277 366
277 978
277 470
277 338
277 358
277 889
277 293
277 898
277 486
277 669
277 306
277 902
277 878
277 532
277 650
277 910
277 944
277 589
277 431
277 597
277 483
277 424
277 593
277 748
277 550
277 916
277 917
277 523
277 283
277 344
277 298
277 995
278 305
278 457
278 311
278 559
278 716
278 591
278 578
278 696
278 825
278 395
278 313
278 322
278 671
278 837
279 432
279 795
279 480
279 976
279 452
279 993
279 743
279 332
279 816
279 408
279 405
279 753
279 290
279 451
279 599
279 499
279 337
279 742
279 791
279 407
280 512
280 438
280 774
280 700
280 383
280 809
280 853
280 697
280 670
280 995
280 828
281 512
281 776
281 754
281 613
281 716
281 932
281 768
281 833
281 766
281 675
281 908
281 549
281 473
282 760
282 462
282 386
282 648
282 942
282 964
282 827
282 416
283 480
283 327
283 734
283 792
283 869
284 294
284 314
284 716
284 781
284 680
284 391
284 985
284 908
284 641
284 876
284 368
284 402
284 890
284 708
285 720
285 653
285 845
285 843
285 393
285 451
285 501
285 782
285 329
285 373
285 674
285 789
285 696
285 681
285 648
285 292
285 733
285 304
285 893
285 306
285 624
285 525
285 718
285 837
285 935
285 649
285 497
285 677
285 768
285 472
285 750
285 609
285 993
285 871
285 287
286 597
286 847
286 350
286 320
286 405
286 315
286 669
286 957
286 895
286 640
286 617
286 742
286 781
286 401
286 580
286 516
286 660
286 600
287 790
287 543
287 923
287 856
287 647
287 467
287 638
287 792
287 678
287 688
287 346
287 476
287 571
287 815
287 485
287 406
288 512
288 764
288 422
288 829
288 891
288 775
288 945
288 903
288 838
288 657
288 796
288 948
288 857
288 394
288 552
288 401
288 473
288 869
289 515
289 601
289 700
289 658
289 877
289 555
289 381
289 398
289 486
289 409
289 605
289 427
289 859
289 367
289 983
289 590
289 733
289 299
289 977
290 344
290 560
290 600
290 356
290 993
290 642
290 961
290 375
290 526
290 954
290 553
290 690
290 452
290 611
290 620
290 508
290 673
291 619
291 618
291 753
291 543
291 927
291 822
291 585
291 580
291 923
291 646
291 375
291 483
291 533
291 826
291 861
291 967
291 845
291 663
291 782
291 798
291 865
291 628
291 786
291 341
291 742
291 424
291 626
291 751
291 385
291 477
291 373
291 828
291 708
292 878
292 341
292 330
292 811
292 304
292 658
292 605
292 458
292 902
292 456
292 888
293 944
293 927
293 742
293 436
293 548
293 923
293 429
293 367
293 755
293 400
293 669
293 746
293 937
293 883
293 607
293 814
293 729
293 410
293 313
293 785
293 328
293 903
293 630
293 615
294 545
294 681
294 583
294 548
294 378
294 649
294 585
294 647
294 759
294 742
294 897
294 418
294 872
294 386
294 903
295 388
295 602
295 466
295 849
295 734
295 335
295 465
295 400
295 582
295 599
295 442
295 649
295 942
295 583
296 388
296 691
296 444
296 330
296 657
296 500
296 658
296 670
296 573
296 730
296 679
296 733
296 913
296 801
296 497
296 529
296 930
296 806
297 432
297 318
297 927
297 829
297 700
297 853
297 970
297 538
297 893
298 776
298 383
298 904
298 401
298 892
298 853
298 801
298 612
299 690
299 392
299 393
299 789
299 418
299 536
299 364
299 651
299 478
299 550
299 322
299 571
299 792
299 813
299 896
299 991
300 539
300 885
300 762
300 639
300 491
300 606
300 574
300 654
300 908
300 620
300 905
300 911
300 865
301 736
301 489
301 674
301 327
301 520
301 734
301 561
301 899
301 655
301 826
301 634
301 549
301 828
301 598
301 914
302 539
302 959
302 344
302 980
302 652
302 721
302 760
302 402
302 448
302 357
302 840
303 915
303 314
303 829
303 857
303 517
303 988
303 401
303 920
303 828
303 384
303 539
303 488
303 562
303 469
304 915
304 863
304 947
304 916
304 713
304 703
304 429
304 742
304 699
304 760
304 824
304 379
305 948
305 902
305 467
305 753
305 339
305 703
305 417
305 740
305 313
305 480
305 489
305 505
305 979
305 849
305 792
306 927
306 676
306 954
306 472
306 358
306 725
306 486
306 907
306 911
306 714
306 888
307 512
307 506
307 790
307 913
307 775
307 954
307 832
307 374
307 609
307 557
307 325
307 380
307 830
307 410
307 492
307 376
307 679
307 543
308 411
308 465
308 904
308 478
308 546
308 518
308 402
308 475
309 645
309 401
309 610
309 730
309 452
309 657
309 634
309 357
309 662
309 504
309 551
309 911
310 776
310 327
310 856
310 366
310 696
310 993
310 580
310 459
310 504
310 970
310 817
310 614
311 563
311 700
311 415
311 548
311 890
312 532
312 658
312 659
312 918
312 956
312 337
312 510
312 885
312 617
312 703
312 315
312 826
312 722
312 840
313 622
313 919
313 962
313 460
313 851
313 514
313 542
313 598
313 588
313 323
313 958
313 453
313 316
313 666
313 978
313 881
313 920
313 682
313 512
313 560
313 783
313 973
313 367
313 782
313 859
313 478
313 491
313 602
313 429
313 442
313 452
313 897
313 418
313 572
313 931
314 898
314 819
314 418
314 333
314 833
314 708
314 415
314 830
314 482
314 589
314 932
314 559
314 481
314 824
314 577
314 477
314 557
314 970
315 349
315 698
315 401
315 386
315 560
315 568
315 724
315 682
315 742
315 527
315 569
315 404
315 333
315 508
315 929
315 572
315 389
315 673
316 489
316 882
316 391
316 558
316 376
316 382
316 936
316 322
316 667
316 858
316 577
316 713
316 792
316 975
316 931
316 888
317 803
317 387
317 496
317 449
317 604
317 874
317 621
317 961
317 629
318 506
318 898
318 953
318 525
318 489
318 935
318 608
319 479
319 567
319 742
319 442
319 406
319 364
319 605
319 664
319 548
319 786
319 992
319 813
320 624
320 474
320 993
320 739
320 853
320 837
320 500
320 706
320 792
320 752
320 499
320 649
320 443
320 632
320 562
320 480
320 857
321 574
321 993
321 695
321 511
321 640
321 974
321 413
321 663
321 893
321 991
322 778
322 532
322 674
322 503
322 967
322 377
322 573
322 495
322 854
322 712
322 808
322 440
322 966
322 564
322 718
322 770
322 976
322 547
322 673
322 331
322 826
322 589
322 496
322 407
322 651
322 708
322 837
322 715
322 576
322 536
322 950
322 402
322 804
322 818
322 406
322 787
322 827
322 714
323 451
323 774
323 842
323 383
323 665
323 746
323 386
323 531
323 357
324 762
324 383
324 783
324 667
324 519
324 836
324 394
324 643
324 818
324 977
325 589
325 480
325 349
325 452
325 434
325 504
325 326
325 469
325 999
325 754
325 552
325 790
325 507
325 457
325 989
325 799
325 821
325 566
325 526
325 954
325 699
325 516
325 861
325 896
326 690
326 391
326 842
326 908
326 473
327 344
327 430
327 602
327 601
327 796
327 371
327 589
327 672
327 441
327 987
327 887
327 473
328 998
328 665
328 736
328 733
328 976
328 965
328 516
328 695
328 792
328 538
328 485
329 933
329 996
329 715
329 492
329 725
329 700
329 954
329 510
329 606
329 373
329 673
330 948
330 624
330 447
330 685
330 387
330 953
330 540
331 602
331 617
331 882
331 645
331 964
331 368
331 896
332 933
332 548
332 365
332 577
332 649
332 973
332 336
332 764
332 408
332 923
332 879
332 699
332 477
332 617
332 801
332 620
332 641
332 792
332 663
332 958
333 987
333 586
333 776
333 763
333 895
333 845
333 868
333 571
333 516
333 528
333 792
333 836
333 930
333 995
333 468
333 787
334 372
334 898
334 349
334 742
334 452
334 881
334 478
334 779
334 855
334 846
334 911
335 344
335 618
335 774
335 559
335 519
335 492
335 683
335 832
335 647
335 390
335 996
335 373
335 935
335 641
335 695
336 512
336 668
336 747
336 923
336 630
336 853
336 695
336 381
336 991
337 938
337 479
337 443
337 637
337 594
337 498
337 524
338 545
338 550
338 742
338 875
338 445
338 396
338 686
338 394
338 953
338 614
338 418
338 912
338 431
338 707
338 731
338 468
338 387
338 763
338 514
338 568
338 451
338 766
338 597
338 379
338 404
338 791
338 371
339 794
339 878
339 617
339 954
339 629
339 655
339 649
339 540
339 911
339 538
340 795
340 396
340 700
340 650
340 783
340 695
340 402
340 617
340 461
341 794
341 686
341 622
341 366
341 965
341 648
341 964
341 791
341 841
342 509
342 679
342 538
343 625
343 589
343 391
343 661
343 906
343 854
343 612
343 911
343 673
344 991
344 603
344 951
344 523
344 349
344 383
344 415
344 452
344 638
344 377
344 540
344 787
345 810
345 647
345 368
345 696
345 667
345 879
345 890
346 533
346 359
346 762
346 373
346 738
346 695
346 404
346 836
346 905
346 598
347 619
347 637
347 790
347 927
347 617
347 697
347 475
347 553
347 393
347 654
347 569
347 712
347 430
347 667
347 746
347 893
347 896
348 754
348 432
348 699
348 883
348 758
348 561
348 858
348 849
348 793
349 512
349 589
349 443
349 508
349 706
349 740
349 468
349 879
349 582
349 450
349 945
349 951
349 776
349 923
349 483
349 385
349 722
349 929
349 526
350 998
350 846
350 674
350 700
350 385
350 999
350 877
350 731
350 409
350 497
350 944
350 517
350 565
350 391
350 474
350 477
350 404
350 911
350 657
351 506
351 691
351 862
351 536
351 424
351 773
351 515
351 856
351 667
351 858
351 977
352 541
352 567
352 650
352 616
352 404
352 506
352 802
352 781
352 481
352 598
352 607
352 642
352 861
352 407
352 903
352 551
352 389
352 949
353 496
353 458
353 954
353 415
353 758
353 443
353 957
353 725
353 744
353 649
353 986
353 919
353 984
353 773
353 695
353 530
353 460
354 443
354 751
354 775
354 415
354 548
354 738
354 817
354 537
354 506
355 463
355 711
355 567
355 538
355 708
355 964
355 626
355 546
355 648
355 621
356 512
356 479
356 743
356 708
356 867
356 687
356 583
356 381
356 994
356 988
356 491
356 936
356 660
356 849
356 784
356 806
356 911
356 977
357 409
357 755
357 904
357 897
357 929
357 650
357 739
357 771
357 470
357 876
358 794
358 489
358 645
358 751
358 456
358 466
358 463
358 382
358 578
358 542
358 396
358 836
358 485
358 393
358 518
358 538
358 896
358 873
358 841
358 502
358 416
358 620
358 964
358 975
358 371
359 441
359 720
359 677
359 992
359 456
359 722
359 766
359 491
359 978
359 881
359 646
359 582
359 834
359 620
359 439
359 911
360 532
360 794
360 674
360 699
360 897
360 483
360 788
360 406
360 970
360 609
360 787
360 974
361 409
361 443
361 885
361 472
361 675
361 629
361 471
362 734
362 835
362 620
362 709
362 450
363 690
363 429
363 954
363 992
363 606
363 903
363 608
364 743
364 655
364 612
364 513
364 551
364 817
364 888
365 451
365 480
365 520
365 629
365 539
365 813
365 551
365 583
365 974
366 778
366 819
366 637
366 632
366 777
366 411
366 536
366 415
366 919
366 609
366 850
366 966
366 791
366 810
366 548
366 539
366 627
366 678
366 547
366 629
366 798
366 690
366 770
366 534
366 733
366 709
366 612
366 551
366 426
366 935
366 379
366 974
367 674
367 856
367 478
367 510
367 652
367 964
367 995
367 382
367 605
367 931
367 505
367 516
367 840
367 962
367 965
367 794
367 855
367 613
367 926
367 733
367 369
367 558
367 745
367 802
367 940
367 970
367 598
368 535
368 517
368 396
368 696
368 739
368 970
368 419
368 649
368 407
368 571
368 466
368 626
368 404
368 603
368 759
368 562
368 789
368 725
368 507
368 593
368 802
368 469
368 974
369 778
369 751
369 842
369 992
369 724
369 738
369 576
370 898
370 602
370 601
370 639
370 947
370 379
370 648
370 866
370 838
370 787
370 991
371 550
371 552
371 722
371 666
371 820
371 394
372 998
372 918
372 589
372 602
372 856
372 883
372 638
372 554
372 516
372 406
372 551
373 720
373 674
373 523
373 561
373 579
374 421
374 550
374 391
374 634
374 731
374 839
375 432
375 851
375 760
375 818
375 626
375 571
375 531
375 837
375 828
376 602
376 881
376 773
376 423
376 667
376 416
376 484
376 836
376 592
377 437
377 543
377 769
377 910
377 401
377 659
377 714
377 423
377 877
377 665
377 908
377 519
377 826
377 871
377 828
377 888
378 426
378 381
378 476
378 934
379 677
379 618
379 935
379 993
379 515
379 546
379 989
379 879
379 952
379 709
379 917
379 881
379 822
379 596
379 770
379 757
379 987
379 523
379 615
379 817
379 543
379 411
379 394
379 790
379 403
379 762
379 691
379 601
379 427
379 466
379 788
379 940
379 974
380 463
380 480
380 700
380 976
380 650
380 655
380 487
380 896
380 931
381 846
381 676
381 548
381 577
381 477
381 620
381 695
381 702
381 911
381 691
381 690
381 390
382 432
382 691
382 721
382 825
382 984
382 683
382 787
382 558
382 779
382 877
382 689
382 715
382 557
382 979
382 739
382 440
382 954
382 942
382 767
382 777
382 826
382 500
382 915
382 489
382 416
382 809
382 880
382 404
382 970
382 680
383 900
383 383
383 614
383 855
383 868
383 521
383 700
383 789
383 684
383 431
383 994
383 922
383 443
383 704
383 559
383 929
383 809
383 554
383 649
383 648
383 747
383 958
384 794
384 913
384 393
384 899
384 706
384 760
384 556
384 743
384 424
384 879
384 747
384 516
384 908
384 663
385 632
385 396
385 737
385 461
385 468
385 434
385 967
385 909
385 752
385 414
385 801
385 549
385 644
385 879
385 893
385 827
385 673
386 458
386 809
386 477
386 616
386 841
386 575
386 926
386 934
386 589
386 976
386 801
386 453
386 615
387 898
387 856
387 501
387 896
387 504
387 862
387 481
387 730
387 828
387 608
388 755
388 861
388 641
388 940
388 732
388 489
388 479
388 982
388 674
388 676
388 685
388 538
389 686
389 613
389 690
389 601
389 731
389 978
389 870
389 392
389 468
389 593
390 622
390 567
390 507
390 806
391 785
391 871
391 707
391 668
391 806
391 590
391 859
391 907
391 844
391 744
391 786
391 542
391 736
391 572
391 811
391 959
391 952
391 956
391 584
391 713
391 919
391 821
391 607
391 750
391 520
391 477
391 620
391 497
392 411
392 665
392 859
392 982
392 626
392 614
392 854
392 722
392 584
392 528
393 913
393 559
393 910
393 439
393 619
393 922
393 563
393 713
393 519
393 401
393 418
393 964
393 911
393 680
394 978
394 397
394 727
394 572
394 683
394 751
394 452
394 695
394 792
394 955
395 512
395 805
395 927
395 641
395 554
395 596
395 897
395 850
395 853
395 745
395 772
395 708
396 512
396 463
396 480
396 739
396 547
396 527
396 760
396 524
396 497
396 406
397 744
397 489
397 723
397 650
397 540
397 725
397 518
397 680
397 994
397 877
397 883
397 662
397 827
397 974
398 517
398 900
398 411
398 514
398 481
398 952
398 915
398 476
398 657
399 432
399 753
399 666
399 452
399 769
399 971
399 610
399 640
399 654
399 657
399 865
400 776
400 677
400 910
400 730
400 685
400 693
400 617
400 930
400 664
400 616
400 735
400 430
400 615
400 545
400 530
400 975
401 898
401 768
401 723
401 981
401 897
401 717
401 888
401 779
401 568
401 678
401 780
401 854
401 497
401 452
401 790
401 869
401 614
401 919
401 925
401 669
401 758
401 505
401 785
401 519
401 629
401 508
401 969
401 909
401 855
401 495
401 970
401 577
401 540
401 903
401 893
401 807
402 411
402 786
402 467
402 623
402 772
402 994
402 754
403 602
403 676
403 534
403 927
403 432
403 817
403 555
403 826
403 445
403 850
403 532
403 627
403 527
403 422
403 849
403 813
403 475
404 543
404 891
404 935
404 897
404 975
404 954
404 952
404 471
404 601
404 854
404 418
404 589
404 669
404 846
404 488
404 578
404 955
404 793
404 498
404 888
404 916
404 717
404 430
405 736
405 569
405 829
405 781
405 466
405 558
405 434
405 714
405 688
406 743
406 525
406 416
406 427
406 465
406 732
406 658
406 589
406 523
406 889
406 766
406 962
406 507
406 851
406 978
406 462
406 738
406 936
406 958
406 827
406 765
406 562
406 485
406 740
406 440
406 981
406 920
406 904
406 516
406 481
406 813
406 644
406 579
406 822
407 686
407 862
407 677
407 954
407 658
407 858
407 695
407 562
407 872
407 855
407 886
407 991
408 482
408 637
408 480
408 690
408 617
408 856
408 697
409 532
409 506
409 948
409 693
409 796
409 681
409 556
409 661
409 778
409 727
409 913
409 470
409 766
409 502
409 620
410 856
410 983
410 535
410 846
410 981
410 596
410 541
410 722
410 778
410 924
410 815
410 806
410 475
411 420
411 891
411 756
411 914
411 518
411 585
411 915
411 729
411 547
411 711
411 436
411 929
411 946
411 865
412 659
412 500
412 725
412 650
412 766
412 809
412 542
412 746
412 655
413 803
413 857
413 700
413 978
413 478
413 483
413 802
414 885
414 700
414 415
414 828
414 714
414 912
414 777
414 767
414 435
414 604
414 729
414 904
414 506
414 809
414 571
414 695
414 538
414 747
414 896
415 599
415 737
415 904
415 914
415 839
415 624
415 505
415 503
415 632
415 949
415 677
415 736
415 819
415 538
415 806
415 480
415 625
415 613
415 717
415 561
415 554
415 582
415 987
415 809
415 879
416 972
416 856
416 952
416 703
416 866
416 714
416 420
416 862
416 820
416 459
416 874
416 879
416 850
416 435
416 541
416 822
416 419
416 457
416 971
416 819
416 542
416 637
416 660
416 538
416 615
416 598
416 789
416 474
416 463
416 600
417 601
417 993
417 501
417 788
417 928
418 452
418 562
418 977
418 803
418 798
418 434
418 812
418 501
418 605
418 933
418 526
418 695
418 538
419 489
419 509
419 927
419 904
419 726
419 964
419 837
419 819
419 893
420 595
420 448
420 806
420 990
420 431
420 736
420 928
420 923
420 998
420 480
420 510
421 639
421 846
421 994
421 800
421 968
421 624
421 711
421 768
421 672
421 577
421 908
422 898
422 900
422 480
422 845
422 990
422 747
422 587
422 473
422 991
423 532
423 774
423 674
423 734
423 650
423 896
424 539
424 762
424 760
424 694
424 584
424 810
424 571
424 995
425 934
425 690
425 429
425 452
425 616
425 963
425 888
426 543
426 934
426 936
426 943
426 513
426 544
426 493
426 599
426 972
426 872
426 557
426 930
426 990
427 732
427 463
427 742
427 750
427 548
427 697
427 762
427 563
427 777
427 695
427 859
427 876
427 614
427 888
428 794
428 438
428 489
428 734
428 561
428 501
428 797
428 549
428 714
428 673
429 751
429 995
429 982
429 942
429 920
429 820
429 987
429 933
429 865
429 539
429 528
429 947
429 983
429 522
429 908
429 802
429 879
429 931
430 794
430 951
430 692
430 699
430 963
430 991
430 474
430 742
430 577
430 985
430 485
431 541
431 637
431 774
431 856
431 728
431 969
431 660
431 975
431 911
432 720
432 637
432 613
432 755
432 973
432 588
432 575
432 490
432 465
432 891
432 988
432 765
432 578
432 619
432 802
432 947
432 880
432 439
432 917
432 812
432 692
432 882
432 922
432 887
432 761
432 712
432 618
432 895
432 803
432 496
432 785
432 856
432 455
432 498
433 846
433 602
433 624
433 988
433 500
433 783
433 606
433 532
433 556
433 806
433 485
434 520
434 561
434 971
434 788
434 445
434 663
435 794
435 720
435 624
435 750
435 610
435 970
435 529
435 621
435 971
435 802
435 543
436 479
436 652
436 837
436 511
436 930
436 793
436 822
436 992
436 921
436 453
436 533
436 838
436 744
436 625
436 578
436 972
436 508
436 806
436 977
437 468
437 845
437 702
437 756
437 886
437 502
437 771
437 514
437 936
437 652
437 459
437 737
437 471
437 718
437 889
437 450
437 623
437 896
437 617
437 470
437 650
437 510
437 516
437 612
437 620
437 557
437 930
438 665
438 908
438 833
438 783
438 823
438 458
438 890
438 762
438 913
438 981
438 452
438 491
438 837
439 720
439 935
439 739
439 851
439 767
440 948
440 998
440 574
440 988
440 995
440 451
440 463
440 496
440 620
441 594
441 801
441 457
441 905
441 673
441 463
441 951
441 631
441 561
441 727
441 792
441 896
441 977
442 512
442 602
442 639
442 768
442 711
442 567
442 645
442 924
442 745
442 907
442 889
442 729
442 486
442 807
442 974
443 515
443 755
443 893
443 587
443 795
443 780
443 999
443 504
443 520
443 747
443 803
443 876
443 884
443 743
443 569
443 700
443 766
443 526
443 828
444 829
444 470
444 510
444 805
444 977
444 991
445 825
445 730
445 770
445 615
445 555
445 551
445 714
446 509
446 548
446 888
446 567
446 625
446 675
446 939
446 917
446 740
446 709
446 531
446 600
447 637
447 777
447 780
447 649
447 742
447 523
447 828
447 480
447 954
447 500
447 929
447 477
447 903
447 964
447 663
448 618
448 624
448 525
448 567
448 935
448 516
448 949
449 881
449 742
449 722
449 487
449 798
449 511
449 681
449 737
449 695
449 813
450 470
450 667
450 524
450 908
450 777
450 461
450 911
450 673
451 515
451 496
451 591
451 949
451 955
451 470
451 985
451 578
451 544
451 678
451 836
451 893
452 915
452 470
452 500
452 810
452 543
452 569
452 886
452 678
452 917
452 705
452 479
452 997
452 726
452 890
452 461
452 534
452 821
452 762
452 618
452 598
452 542
452 673
452 566
453 777
453 617
453 742
453 747
453 950
454 755
454 901
454 474
454 952
454 975
454 667
454 803
454 727
454 708
455 601
455 885
455 775
455 965
455 844
455 521
455 631
455 620
455 579
456 489
456 617
456 742
456 660
456 765
456 868
456 671
456 937
456 517
456 770
456 690
456 783
456 880
456 802
456 836
456 828
457 809
457 997
458 489
458 793
458 866
458 898
458 818
458 896
459 897
459 591
459 654
459 985
459 772
459 955
459 787
459 566
460 846
460 825
460 813
460 828
460 926
460 775
460 559
461 666
461 728
461 739
461 743
461 938
461 956
461 777
461 947
462 794
462 899
462 748
462 621
462 916
462 570
462 911
462 614
462 968
463 795
463 981
463 669
463 675
463 850
463 674
463 628
463 658
463 678
463 696
463 626
463 901
463 750
463 697
463 922
463 638
463 667
463 623
463 745
463 620
463 888
464 512
464 776
464 846
464 959
464 695
464 678
465 499
465 800
465 699
465 872
465 536
465 833
465 611
465 882
465 808
465 650
465 783
465 620
465 837
466 545
466 819
466 927
466 483
466 864
466 959
466 737
466 862
466 879
466 742
466 800
466 614
466 846
466 891
466 662
466 856
466 849
466 607
466 530
466 702
466 620
466 615
467 489
467 907
467 637
467 654
467 504
467 984
467 783
467 532
467 751
467 868
467 993
467 899
467 616
467 623
467 727
467 579
468 851
468 561
468 516
468 640
469 559
469 500
469 952
469 910
469 993
469 662
469 863
469 648
469 806
470 900
470 589
470 567
470 535
470 986
470 593
470 506
470 524
470 882
470 563
470 991
470 905
470 797
470 790
470 491
470 696
470 646
470 651
470 960
470 624
470 942
470 931
470 710
470 674
470 845
470 644
470 855
470 510
470 617
470 591
470 495
470 552
470 481
470 911
470 888
471 567
471 993
471 516
471 886
471 504
472 960
472 617
472 913
472 474
472 632
472 723
472 761
472 724
472 577
472 802
472 772
473 989
473 786
473 899
473 929
473 501
473 612
473 984
473 730
473 963
473 950
473 596
473 798
473 893
473 620
473 602
473 863
473 841
473 861
473 531
474 744
474 789
474 968
474 524
474 793
474 611
474 952
474 619
474 795
474 836
474 615
474 575
474 974
475 933
475 602
475 954
475 742
475 853
475 538
475 665
475 533
475 590
475 801
475 581
475 514
475 638
475 679
475 594
476 846
476 722
476 969
476 675
476 828
477 515
477 543
477 532
477 517
477 934
477 573
477 804
477 680
477 699
477 965
477 897
477 605
477 869
478 790
478 880
478 486
478 875
478 481
478 572
478 865
478 787
478 914
479 776
479 999
479 991
479 514
479 635
479 685
479 659
479 747
479 481
479 864
479 965
479 541
479 846
479 900
479 580
479 873
480 637
480 596
480 513
480 898
480 554
480 936
480 798
480 896
480 533
480 915
480 887
480 954
480 755
480 493
480 560
480 512
480 995
480 782
480 912
480 672
480 758
480 993
480 770
480 727
480 767
481 944
481 548
481 705
481 713
481 899
481 838
481 628
481 584
481 856
481 812
481 975
481 849
481 500
481 661
481 625
481 626
481 764
481 942
481 970
481 873
481 977
481 739
481 969
481 809
481 886
481 630
481 608
482 492
482 636
482 997
482 922
482 989
482 559
482 742
482 671
482 930
483 998
483 589
483 927
483 760
483 762
483 947
483 782
483 956
483 993
483 575
483 684
483 667
483 595
483 730
483 627
483 657
483 767
484 527
484 625
484 998
484 601
484 929
484 668
484 762
484 641
484 614
484 835
484 714
485 742
485 984
485 510
485 772
485 591
485 870
485 531
485 886
485 542
486 512
486 927
486 666
486 733
486 972
486 745
486 944
486 643
486 622
486 739
487 889
487 625
487 814
487 734
487 770
487 704
487 782
487 837
487 888
488 913
488 893
489 512
489 832
489 778
489 642
489 493
489 977
489 686
489 714
489 859
489 923
489 992
489 530
489 496
489 957
489 940
489 559
489 837
489 982
489 846
489 731
489 687
489 854
489 902
489 908
489 660
489 903
489 747
489 643
489 921
490 862
490 618
490 908
490 886
490 901
490 874
490 516
490 708
491 545
491 889
491 768
491 817
491 652
491 804
491 668
491 920
491 931
491 567
491 565
491 717
491 620
492 754
492 506
492 867
492 722
493 515
493 543
493 660
493 613
494 567
494 645
494 635
494 537
494 929
494 852
494 579
495 594
495 862
495 652
495 548
495 724
495 979
495 911
495 865
496 885
496 588
496 920
496 604
496 865
496 869
496 848
496 893
496 655
496 964
496 528
497 539
497 885
497 857
497 696
497 667
497 543
497 820
497 653
497 864
497 767
498 562
498 853
498 717
498 833
498 710
498 820
498 859
498 931
498 807
499 778
499 794
499 637
499 589
499 768
499 742
499 832
499 647
499 697
499 823
500 862
500 925
500 998
500 821
500 562
500 710
500 593
500 519
500 900
500 790
500 849
500 873
500 787
501 824
501 943
501 717
501 815
501 544
501 512
501 635
501 942
501 828
501 827
502 885
502 760
502 845
502 929
502 708
502 716
502 919
502 865
502 639
502 543
502 933
502 896
503 676
503 995
503 772
503 537
503 801
503 791
504 512
504 762
504 899
504 853
504 787
504 783
504 628
504 644
504 850
504 771
504 520
504 888
505 550
505 760
505 547
505 797
505 993
505 997
505 576
505 657
505 673
506 944
506 934
506 807
506 967
506 976
506 953
506 921
506 801
506 555
506 760
506 992
506 979
506 908
506 648
506 974
507 601
507 621
507 705
507 932
507 589
507 703
507 561
507 516
507 592
508 552
508 825
508 936
508 573
508 640
508 710
508 811
508 860
508 511
509 900
509 536
509 594
509 516
509 547
509 784
509 760
509 580
509 903
510 898
510 676
510 785
510 923
510 559
510 700
510 576
510 936
510 776
510 608
510 606
510 571
510 534
510 921
511 819
511 790
511 942
511 940
511 975
511 708
512 944
512 616
512 988
512 956
512 965
512 855
512 555
512 994
512 788
512 917
512 991
512 949
512 525
512 514
512 762
512 520
512 895
512 728
512 801
513 790
513 726
513 964
513 629
514 915
514 674
514 816
514 867
514 749
514 854
514 899
514 586
515 663
515 978
515 599
515 966
515 999
515 713
515 706
515 829
515 799
515 754
515 517
515 969
515 695
515 896
515 869
516 686
516 713
516 700
516 632
516 773
516 604
516 769
516 944
516 744
516 853
516 776
516 640
516 746
516 826
516 885
516 961
516 622
516 879
517 803
517 998
517 898
517 599
517 894
517 939
517 612
517 589
517 564
517 530
517 633
517 936
517 621
517 735
517 561
517 815
517 768
517 616
517 985
517 942
517 802
517 905
517 566
518 686
518 989
518 910
518 813
518 893
519 913
519 689
519 891
519 759
519 714
520 890
520 936
520 837
520 639
520 798
520 589
520 641
520 960
520 811
520 848
520 674
520 522
520 558
520 603
520 707
520 955
520 962
520 730
520 899
520 950
521 743
521 674
521 676
521 857
521 925
521 561
521 858
521 702
521 780
521 866
521 643
521 737
522 677
522 885
522 606
522 571
522 982
522 528
523 545
523 619
523 972
523 784
523 554
523 618
523 561
523 858
523 801
523 931
524 915
524 563
524 868
524 634
524 581
524 603
524 701
524 747
524 655
525 970
525 648
525 595
525 914
525 552
525 895
526 854
526 963
526 868
526 538
526 982
526 929
526 821
526 588
526 983
527 971
527 881
527 996
527 592
527 796
527 631
527 948
527 674
527 699
527 903
527 787
527 793
528 543
528 779
528 853
528 693
528 720
528 782
528 773
528 565
528 600
528 583
528 879
528 660
528 877
528 868
528 852
528 690
528 617
528 856
528 966
528 808
528 834
528 849
528 610
528 858
528 989
528 865
529 898
529 637
529 624
529 567
529 858
529 725
529 820
529 731
529 737
529 848
529 720
530 934
530 716
530 617
530 961
530 809
530 580
530 738
530 975
530 555
531 742
531 971
531 673
532 803
532 778
532 550
532 926
532 848
532 572
532 670
532 611
532 998
532 781
532 929
532 577
532 964
532 940
533 975
533 603
533 700
533 986
533 862
534 619
534 913
534 694
534 833
534 824
534 945
534 900
534 909
534 829
535 554
535 542
535 900
535 647
535 903
535 551
535 813
536 649
536 721
536 933
536 785
536 954
536 685
536 977
536 566
536 708
537 898
537 762
537 980
537 671
537 597
537 848
537 652
537 695
538 689
538 997
538 849
538 557
538 924
538 539
538 541
538 896
538 586
539 778
539 898
539 864
539 751
539 884
539 739
539 669
539 938
539 691
539 605
539 619
539 866
539 988
539 887
539 657
539 865
540 809
540 946
540 563
540 918
540 757
540 722
540 635
540 956
540 960
540 633
540 879
540 958
541 691
541 922
541 632
541 608
541 887
541 642
541 648
541 790
541 681
541 997
542 779
542 979
542 599
542 614
542 823
543 794
543 943
543 913
543 906
543 671
544 972
544 741
544 954
544 929
544 612
544 970
544 977
545 741
545 784
545 911
545 574
545 808
546 778
546 619
546 677
546 880
546 579
547 898
547 567
547 851
547 730
547 650
547 616
548 952
548 910
548 594
548 981
548 812
548 630
548 815
548 654
548 924
548 823
548 585
548 997
548 800
548 782
548 737
548 779
548 669
548 954
548 903
548 601
548 819
548 751
548 777
548 980
548 904
548 567
548 770
548 637
549 819
549 674
549 562
549 670
549 722
549 970
549 746
549 730
549 744
549 851
549 567
549 784
549 865
549 949
550 723
550 936
550 751
550 678
550 998
550 939
550 785
550 855
550 570
550 781
550 813
550 995
550 893
550 673
551 681
551 690
551 760
551 811
551 603
551 915
551 833
551 664
551 610
551 802
551 981
551 944
551 764
551 688
551 926
551 659
551 684
551 810
551 608
552 934
552 617
552 917
552 563
552 903
552 946
552 831
552 963
552 561
552 843
553 715
553 819
553 986
553 913
553 995
553 972
553 699
553 649
553 657
554 709
554 906
554 883
554 922
554 826
554 964
554 673
554 822
555 832
555 841
555 941
556 624
556 563
556 809
556 585
557 743
557 617
557 596
557 794
557 894
557 928
557 761
557 608
557 581
557 712
557 663
557 893
558 916
558 724
558 693
559 718
559 798
559 865
559 570
559 907
559 758
559 735
559 593
559 612
559 767
560 794
560 691
560 562
560 825
560 969
560 964
561 915
561 602
561 777
561 690
561 617
561 954
561 599
561 827
561 598
561 871
561 687
561 933
561 740
561 636
561 997
561 578
561 786
561 571
562 653
562 812
562 965
562 620
562 880
562 932
562 766
562 892
562 992
562 772
562 916
562 634
562 648
563 948
563 998
563 988
563 607
563 651
563 855
563 766
563 693
563 849
563 608
564 944
564 594
564 674
564 913
564 858
564 580
564 767
564 807
565 690
565 722
565 616
565 630
565 905
565 603
565 940
566 632
566 774
566 569
566 727
566 817
566 635
566 716
566 712
566 571
566 821
566 623
566 665
566 638
566 920
567 677
567 736
567 661
567 922
567 790
567 907
567 843
567 620
567 606
567 725
567 625
567 689
567 795
567 742
567 971
567 837
567 940
568 751
568 927
568 711
568 913
568 760
568 788
569 618
569 800
569 958
569 734
569 659
569 635
569 650
569 911
569 680
570 637
570 831
570 685
570 795
571 632
571 755
571 864
571 764
571 802
571 862
571 948
571 596
571 616
571 671
571 691
571 779
571 624
571 602
571 833
571 581
571 868
571 758
571 759
571 620
571 787
572 625
572 768
572 925
572 969
572 809
572 970
572 706
573 775
573 655
573 916
573 766
573 906
573 608
573 680
574 888
574 727
574 912
574 824
574 747
574 774
574 672
575 777
575 589
575 770
575 977
575 858
575 600
575 924
575 620
576 964
576 762
576 941
576 691
577 953
577 855
577 903
577 658
577 762
577 590
577 690
577 752
577 850
577 660
577 710
577 592
577 621
577 852
578 959
578 694
578 897
578 886
579 732
579 677
579 639
579 611
579 634
579 614
579 685
579 918
579 700
579 757
579 644
579 962
579 701
579 869
579 665
579 595
580 637
580 589
580 652
580 693
580 720
580 916
580 669
580 805
581 653
581 617
581 985
581 958
581 828
581 598
581 747
581 793
582 778
582 716
582 816
582 824
582 722
582 809
582 964
582 667
582 593
582 807
583 629
583 833
583 824
583 777
583 855
583 660
583 781
583 968
584 690
584 788
584 792
584 865
584 888
585 686
585 743
585 661
585 988
585 734
585 802
586 816
586 700
586 954
586 765
586 825
586 946
586 853
586 787
586 613
587 715
587 877
587 760
587 835
587 908
587 995
587 747
588 624
588 760
588 741
588 899
588 778
588 703
588 842
588 911
588 841
589 677
589 601
589 818
589 752
589 631
589 915
589 700
589 627
589 894
589 907
589 678
589 629
589 604
589 651
589 864
589 683
589 938
589 966
589 692
589 964
589 750
589 638
589 738
590 901
590 829
590 972
590 842
590 752
590 853
590 630
590 714
591 932
591 734
591 691
592 915
592 993
592 969
592 947
592 825
592 945
592 931
592 687
593 794
593 744
593 846
593 925
593 889
593 648
594 965
594 726
594 981
594 787
594 793
594 690
594 911
594 615
594 643
594 977
595 674
595 617
595 904
595 942
595 940
595 915
596 626
596 695
596 701
596 817
597 938
597 819
597 913
597 925
597 837
597 979
597 788
597 729
597 634
597 767
597 977
598 913
598 671
598 969
598 806
598 792
598 777
598 748
598 667
599 815
599 914
599 937
599 813
599 911
599 977
599 990
599 673
600 997
600 669
600 691
600 749
600 673
600 807
601 613
601 706
601 745
601 838
601 877
601 801
601 743
601 992
601 853
601 788
602 619
602 739
602 926
602 646
602 799
602 679
602 812
602 763
602 853
602 976
602 683
602 757
602 770
602 798
602 857
602 960
602 904
602 927
602 620
602 792
602 830
603 778
603 906
603 837
603 963
604 762
604 659
604 832
605 791
605 993
605 979
605 775
605 985
605 719
605 635
605 929
605 612
606 960
606 733
606 649
606 970
606 806
607 898
607 762
607 972
607 801
607 985
608 856
608 729
608 763
608 929
608 903
608 960
608 790
608 967
608 862
608 703
608 995
608 938
609 709
609 742
609 999
609 994
609 990
609 839
609 793
610 819
610 635
610 717
610 756
610 929
610 772
610 995
610 911
611 898
611 958
611 664
611 933
611 671
611 746
612 704
612 711
612 809
612 930
612 790
612 917
612 666
612 695
613 794
613 896
613 882
613 689
613 925
613 729
613 783
613 784
613 827
613 708
614 898
614 695
614 941
614 925
614 733
614 686
614 953
614 689
614 839
615 775
615 872
615 801
615 684
615 833
615 750
615 830
615 673
615 807
616 690
616 629
616 701
616 918
616 714
616 734
616 888
617 998
617 819
617 912
617 709
617 729
617 773
617 642
617 892
617 700
617 755
617 874
617 838
617 926
617 921
617 910
617 943
617 797
617 948
617 886
617 865
618 825
618 732
618 806
618 751
618 916
618 896
618 695
618 834
619 706
619 918
619 934
619 898
619 637
619 690
619 877
619 788
619 828
620 632
620 938
620 862
620 801
620 948
620 695
620 785
620 903
620 954
620 669
620 709
620 706
620 867
620 870
620 735
620 896
620 956
620 890
620 654
620 750
620 841
621 803
621 792
621 693
621 668
621 848
622 686
622 870
622 777
622 801
622 970
623 685
623 633
623 950
623 724
623 943
623 727
623 921
624 795
624 679
624 846
624 802
624 663
624 740
624 925
624 845
624 721
624 758
624 766
624 885
624 786
624 724
624 809
624 843
624 764
625 750
625 718
625 904
625 847
625 891
625 689
625 661
625 856
625 911
626 989
626 696
626 898
626 975
626 936
627 742
627 629
627 874
627 630
628 653
628 774
628 954
628 781
628 635
628 730
628 929
628 710
629 938
629 665
629 774
629 700
629 846
629 876
629 939
629 763
629 730
629 911
629 827
630 762
630 648
630 733
630 851
630 988
630 978
630 720
630 893
631 659
631 667
631 809
631 785
631 792
632 915
632 747
632 818
632 722
632 789
632 910
632 677
632 690
632 716
632 725
632 809
632 940
633 833
634 677
634 913
634 856
634 658
634 935
634 667
634 709
634 648
634 990
634 807
635 935
635 654
635 643
635 995
635 644
635 990
636 674
636 737
636 672
636 984
636 725
636 770
636 929
636 801
636 648
637 751
637 746
637 765
637 874
637 943
637 706
637 865
637 906
637 739
637 940
637 977
637 807
638 774
638 888
638 826
638 833
638 707
638 866
638 755
638 870
639 885
639 664
639 911
639 852
639 932
639 775
639 897
639 809
639 908
639 772
639 958
639 991
639 680
640 954
640 858
640 772
640 879
641 993
641 877
641 721
641 697
641 657
641 732
641 766
641 777
642 825
642 752
642 993
642 843
642 827
642 977
643 653
643 925
643 658
643 825
643 695
644 732
644 774
644 980
644 857
644 730
644 942
644 874
644 949
645 944
645 818
645 876
645 977
646 925
646 984
646 725
646 730
646 911
647 754
647 927
647 913
647 788
647 899
647 950
647 708
648 883
648 682
648 777
648 701
648 691
648 965
648 934
648 783
648 790
648 718
648 782
648 767
649 694
649 897
649 765
649 758
649 926
649 837
649 949
649 714
649 991
650 794
650 650
650 821
650 689
650 752
650 962
650 785
650 658
650 933
650 798
650 976
650 958
650 994
650 700
650 728
650 790
650 795
650 987
650 673
650 988
650 826
650 850
650 657
651 988
651 742
651 892
651 695
651 949
651 673
652 881
652 964
652 763
652 997
652 727
652 865
653 715
653 792
653 938
653 744
653 704
653 667
653 788
654 666
654 965
654 671
654 845
654 937
654 772
655 743
655 927
655 881
655 719
655 758
656 794
656 934
656 935
656 745
657 676
657 997
657 977
657 844
657 728
657 950
657 833
657 942
657 720
658 957
658 914
658 800
658 690
658 988
658 953
658 741
658 962
659 677
659 875
659 994
659 995
660 862
660 985
660 717
660 948
660 727
660 734
660 906
660 679
660 830
660 680
661 989
661 711
661 780
661 697
661 767
661 673
662 927
662 929
662 863
662 720
662 888
663 691
663 790
663 782
663 903
663 932
663 827
664 933
664 681
664 871
664 851
664 695
665 763
665 832
665 742
666 795
666 722
666 992
666 678
666 725
666 825
666 713
666 942
666 772
666 813
666 950
666 823
667 734
667 952
667 848
667 775
667 934
667 759
667 781
667 994
667 709
667 761
667 712
667 854
667 891
667 996
667 695
667 827
668 829
668 969
668 724
668 727
669 898
669 734
669 897
669 929
669 811
669 836
670 853
671 744
671 765
671 688
671 862
671 887
671 928
671 762
671 736
671 684
671 938
671 967
671 996
671 891
671 730
671 993
671 958
672 812
672 804
672 802
672 969
672 765
673 819
673 726
673 728
673 940
673 927
673 885
673 764
673 983
673 857
673 948
673 973
673 837
673 873
673 921
673 816
674 676
674 908
674 943
674 960
674 684
674 777
674 926
674 928
674 953
674 937
674 889
674 715
674 915
674 686
674 809
674 797
674 935
674 787
676 738
676 885
676 987
676 806
676 944
676 909
676 831
676 932
676 954
676 999
676 763
676 849
676 964
677 986
677 924
677 950
677 741
677 766
677 938
677 730
677 842
677 722
677 981
677 887
677 817
677 987
677 809
677 701
677 995
677 755
677 918
677 929
677 966
677 772
677 970
678 846
678 882
678 859
678 951
678 965
678 813
678 702
678 852
678 973
679 954
679 969
679 979
679 893
680 697
680 947
680 793
680 698
680 764
680 928
680 943
681 945
681 699
681 865
681 857
682 846
682 720
682 954
682 729
682 739
682 693
683 775
683 792
683 772
684 790
684 779
684 993
684 865
684 862
684 942
684 888
684 873
684 841
685 915
685 906
686 846
686 855
686 721
686 773
686 992
686 931
686 687
686 951
686 905
686 913
686 745
686 727
686 991
687 812
687 768
687 699
687 833
687 993
687 827
687 990
688 732
688 790
688 846
689 690
690 998
690 989
690 740
690 851
690 928
690 769
690 920
690 845
690 853
690 867
690 734
691 750
692 847
692 942
692 695
692 964
692 888
693 993
693 881
693 946
693 974
693 926
693 931
693 992
693 827
694 813
695 954
695 929
695 948
695 697
695 955
695 957
695 733
695 718
695 769
695 722
695 876
695 870
695 817
695 827
695 991
696 885
696 922
696 733
696 700
696 786
696 751
696 840
696 849
696 976
696 759
697 744
697 913
697 965
697 810
697 857
697 723
697 845
697 730
697 783
697 970
697 991
698 806
698 987
698 802
698 757
699 856
699 708
700 900
700 901
700 850
700 730
700 938
700 940
700 751
700 746
700 984
700 853
700 801
701 812
701 753
701 734
701 809
701 826
701 890
701 910
702 969
702 772
702 907
702 847
702 958
702 827
703 944
703 785
703 972
703 769
703 942
703 879
704 734
704 890
704 880
705 885
705 758
706 803
706 935
706 824
707 980
707 775
707 964
707 972
707 708
708 954
708 809
708 955
708 827
708 855
708 747
708 838
708 973
708 920
708 726
708 779
709 820
709 975
709 984
709 980
709 965
709 775
710 862
710 839
711 819
711 858
711 926
711 734
711 750
711 972
711 897
712 783
712 766
712 956
712 896
713 762
713 972
713 856
713 730
713 787
713 760
714 733
714 873
714 722
714 937
714 871
714 974
715 731
715 889
715 964
715 848
716 898
716 933
716 848
716 984
716 897
716 801
716 908
716 836
716 828
716 879
717 774
717 722
717 853
717 772
718 809
718 964
718 792
718 759
718 807
719 846
719 889
719 809
719 964
719 828
719 793
719 807
720 773
720 945
720 856
720 818
720 913
720 730
720 838
721 779
721 836
722 803
722 857
722 895
722 770
722 996
722 949
722 916
722 784
722 915
722 761
722 753
722 769
722 729
722 849
722 772
722 836
722 787
722 990
723 985
723 936
723 942
723 859
724 733
724 855
725 742
725 874
725 982
725 793
725 781
725 783
725 801
725 958
726 780
726 910
726 837
726 746
726 853
726 801
726 985
726 802
726 747
727 898
727 948
727 759
727 861
727 767
727 834
728 982
728 936
728 893
729 735
729 820
729 744
729 969
730 925
730 973
730 990
730 770
730 972
730 922
730 776
730 928
730 785
730 943
730 789
731 744
731 819
731 743
731 913
731 922
731 997
732 856
732 984
732 853
733 858
733 816
733 837
733 866
733 974
733 958
733 759
733 893
734 886
734 792
734 894
734 833
734 885
735 872
736 952
736 998
736 886
736 896
736 888
737 790
737 950
737 895
737 855
737 876
738 762
738 918
738 849
738 884
738 788
738 930
739 987
739 742
739 789
739 825
740 803
740 898
740 846
740 877
740 853
741 906
742 846
742 897
742 833
742 806
742 840
742 888
742 858
742 924
742 864
742 885
742 880
742 860
742 756
742 928
742 826
743 784
743 855
743 966
743 844
743 994
743 865
743 896
744 845
744 979
745 775
745 797
746 890
746 919
746 842
747 954
747 783
747 936
747 785
747 877
747 913
747 896
748 932
748 801
749 954
749 809
749 873
749 930
749 787
750 794
750 810
750 830
750 956
750 836
751 818
751 884
752 915
752 762
752 923
752 810
752 766
752 827
753 933
753 998
753 901
753 809
753 931
754 954
754 897
754 827
754 777
754 846
754 980
754 970
754 865
755 762
755 913
755 879
755 807
756 959
756 976
756 909
756 817
756 807
757 814
758 962
758 854
758 890
758 974
759 790
759 786
759 887
759 827
760 781
760 865
760 864
760 941
760 877
760 853
760 955
760 949
760 948
760 805
760 788
760 929
760 809
760 792
760 764
761 885
761 856
761 897
761 809
761 828
761 973
762 776
762 893
762 897
762 763
762 809
762 935
762 856
762 934
762 768
762 974
762 913
763 904
763 918
763 997
763 896
764 938
764 819
764 877
764 835
764 989
764 793
765 984
765 920
765 833
765 910
765 964
765 792
766 790
766 999
766 798
766 772
767 922
767 772
767 902
767 831
767 905
767 807
768 898
768 831
768 935
768 825
768 911
768 977
769 908
769 798
769 777
770 795
770 986
770 913
770 820
770 857
770 831
770 940
770 995
770 942
770 985
770 975
771 862
771 869
772 803
772 983
772 807
772 878
772 944
772 875
772 958
772 928
772 811
772 854
773 795
773 837
773 799
774 819
774 931
774 803
774 871
774 839
774 967
774 911
775 898
775 914
775 995
775 918
775 929
775 991
776 865
776 922
776 788
777 925
777 926
777 978
777 877
778 778
778 872
778 843
778 846
779 945
779 964
779 970
780 844
780 809
780 853
780 837
780 792
780 983
780 990
781 951
781 849
781 792
781 880
781 905
781 793
781 958
781 799
782 837
782 977
783 922
783 980
783 881
783 816
783 929
783 787
783 841
784 946
784 982
784 995
784 865
784 879
785 934
785 819
785 806
785 965
785 792
785 787
785 888
786 846
786 850
786 801
787 933
787 873
787 964
787 812
787 988
787 827
787 966
787 867
787 968
788 958
788 939
788 972
788 802
788 859
788 888
789 913
790 898
790 878
790 822
790 938
790 875
790 861
790 893
791 992
791 985
792 929
792 947
792 942
792 959
792 963
792 894
793 861
793 914
793 827
794 953
794 882
794 854
794 866
794 815
795 938
795 856
795 975
795 816
795 889
795 929
795 860
796 878
796 903
797 992
797 905
798 948
798 893
798 799
799 862
799 832
799 969
799 858
799 893
799 935
799 964
799 859
800 828
800 888
801 900
801 897
801 811
801 807
801 853
801 895
801 880
801 984
801 818
801 972
802 826
802 994
802 824
802 941
802 936
802 977
803 912
803 965
803 828
803 843
803 837
803 880
803 938
803 984
803 969
803 940
803 879
804 938
804 889
804 835
804 985
805 912
805 935
805 820
805 824
805 858
805 979
805 853
806 882
806 988
806 908
806 953
806 929
806 992
806 863
806 879
807 986
807 911
807 955
807 958
807 883
808 912
808 952
809 899
809 943
809 891
809 908
809 877
809 906
809 964
809 837
810 913
810 934
810 897
811 947
811 999
811 983
811 888
812 868
812 882
812 847
812 964
812 893
813 972
813 981
814 835
814 853
814 930
815 862
815 857
816 994
816 826
816 981
817 834
817 999
817 949
818 907
818 845
818 824
819 973
819 939
819 845
819 858
819 942
819 958
820 901
820 919
821 842
821 979
822 927
822 969
822 940
822 958
822 856
823 848
824 860
824 981
825 988
825 836
825 933
825 881
825 857
825 849
825 828
826 948
826 850
826 884
826 949
826 896
827 856
827 833
827 978
828 970
828 995
828 951
828 985
829 989
829 944
829 872
829 954
829 917
829 990
830 842
830 832
832 925
832 970
833 988
833 877
833 834
833 925
834 929
834 849
834 860
835 878
835 972
835 902
835 891
835 871
836 934
836 911
836 975
836 859
837 948
837 989
837 939
837 918
837 931
837 919
837 911
837 893
838 927
838 988
838 977
839 878
839 907
839 840
839 921
839 991
840 993
840 969
840 892
840 855
840 990
840 888
841 908
842 849
843 938
843 898
843 897
843 853
844 901
844 856
844 988
844 905
845 896
845 870
845 927
845 969
845 879
845 931
846 936
846 892
846 932
846 913
846 908
846 888
847 913
847 952
847 849
848 954
849 933
849 898
849 867
849 866
849 994
849 951
849 989
849 993
849 995
850 922
850 977
851 938
851 881
851 863
851 896
853 901
853 966
853 948
853 909
853 965
853 931
853 999
853 976
853 992
854 906
854 878
855 898
855 933
856 959
856 901
856 898
856 997
856 906
857 996
858 929
858 948
859 941
859 922
859 893
860 913
860 954
860 982
861 927
861 882
861 977
862 886
862 958
862 985
862 890
863 989
863 927
863 992
863 983
865 964
865 954
865 978
865 892
865 873
865 870
865 925
867 879
868 883
868 933
868 954
868 950
869 972
870 879
871 929
872 906
872 940
872 977
873 926
873 931
874 969
874 936
874 930
875 908
875 940
875 995
877 968
877 905
877 956
877 989
877 980
877 908
878 966
878 893
879 971
879 896
879 888
880 965
880 996
880 997
881 995
882 885
882 985
883 998
883 901
883 963
883 896
883 990
884 984
884 929
884 886
885 933
885 977
885 909
885 969
885 995
885 931
885 992
885 903
885 998
886 993
886 960
887 986
887 929
887 903
887 911
888 992
888 989
888 938
888 987
888 950
889 908
889 927
890 900
890 897
891 923
891 911
893 910
893 971
893 962
893 903
893 946
894 901
894 935
895 898
895 991
895 994
895 947
895 940
895 896
896 933
896 999
896 923
896 954
897 906
897 903
897 916
897 982
897 921
899 922
900 911
901 976
902 921
902 975
902 963
903 988
903 930
904 909
904 907
906 914
907 998
907 908
908 944
908 986
908 954
908 929
908 920
908 992
908 930
910 961
910 970
911 988
911 930
911 979
911 953
911 943
912 998
912 969
913 976
913 995
913 971
913 954
913 940
915 964
915 954
916 938
916 992
917 938
918 986
920 960
921 995
922 972
923 996
923 945
924 954
924 992
925 927
925 941
927 955
927 969
927 935
927 937
928 977
929 956
929 946
929 983
929 943
929 977
930 944
932 933
932 987
932 968
932 937
934 967
934 990
935 954
936 969
936 970
938 950
939 954
940 964
940 963
941 985
941 964
941 970
941 977
947 992
947 989
947 964
947 977
949 992
949 969
949 971
952 963
955 972
956 963
958 993
958 970
958 972
959 984
959 999
959 974
960 970
960 991
961 967
963 978
964 969
964 992
964 983
966 974
967 978
968 992
969 994
969 993
970 978
980 995
983 992
985 998
990 993
990 995
991 993
992 996
993 997
