0 294
0 73
0 798
0 772
0 404
0 852
0 728
0 18
0 43
0 764
1 589
1 517
1 644
1 831
1 144
1 460
1 888
1 134
1 932
1 41
1 760
1 586
1 185
1 841
1 714
1 719
1 977
2 953
2 293
2 739
2 302
2 850
2 67
2 845
2 895
2 392
2 230
2 245
2 770
2 3
2 561
2 722
2 993
2 813
2 70
3 777
3 665
3 200
3 302
3 722
3 730
3 910
3 153
3 638
3 875
3 345
3 315
3 401
3 723
3 63
3 244
3 376
3 626
3 30
3 47
3 456
3 561
3 739
3 610
3 585
3 824
3 597
3 558
3 979
3 788
3 222
3 220
3 338
3 729
3 461
3 431
3 106
3 189
3 673
3 118
3 109
3 982
3 26
3 512
3 40
3 368
3 94
4 550
4 676
4 857
4 690
4 351
4 188
4 901
4 327
4 4
4 553
4 111
4 346
4 151
4 73
4 666
4 599
4 542
4 37
4 173
4 900
4 368
4 930
4 567
4 216
4 234
4 157
4 87
4 711
4 617
4 323
4 854
4 81
4 788
4 159
4 407
5 506
5 296
5 73
5 330
5 935
5 917
5 288
5 563
5 903
5 906
5 415
5 50
5 436
5 322
5 452
5 853
5 717
5 893
6 267
6 938
6 762
6 659
6 810
6 832
6 895
6 672
6 322
6 80
6 442
6 651
6 202
6 207
6 478
6 550
6 819
6 315
6 935
6 51
6 452
6 358
6 367
6 760
7 898
7 709
7 432
7 37
7 755
7 296
7 263
7 131
7 641
7 141
7 940
7 140
7 411
7 409
7 285
7 541
7 166
7 686
7 691
7 437
7 313
7 846
7 152
7 792
8 62
8 38
8 33
8 665
8 278
8 603
8 182
8 633
8 787
8 790
8 291
8 162
8 69
8 589
8 489
8 624
8 762
8 696
8 102
8 306
8 81
8 724
8 966
8 488
8 614
8 888
8 708
9 480
9 577
9 738
9 502
9 459
9 424
9 722
9 269
9 635
9 956
9 675
9 809
9 979
9 477
9 880
9 528
9 931
10 479
10 38
10 881
10 147
10 415
10 561
10 379
10 828
10 767
11 681
11 86
11 521
11 198
11 648
11 547
11 937
11 340
11 406
11 584
11 12
11 811
11 815
11 880
11 450
11 683
11 688
11 926
11 659
11 365
11 192
11 154
11 87
11 684
11 220
11 277
11 695
11 964
11 245
12 73
12 629
12 259
12 947
12 903
12 648
12 810
12 123
12 148
12 837
12 773
12 538
12 848
12 614
12 57
13 211
13 69
13 650
13 606
13 997
13 872
13 972
13 700
13 296
13 433
13 319
13 801
13 705
13 353
13 620
13 646
13 271
14 744
14 691
14 147
14 925
14 248
14 145
14 904
14 273
14 567
14 569
14 502
14 435
14 29
14 954
14 202
14 204
14 470
14 742
14 322
14 338
14 401
14 802
14 168
15 910
15 875
15 427
15 376
15 175
15 100
15 644
15 928
15 401
15 153
15 63
15 424
16 133
16 279
16 397
16 216
16 352
16 496
16 583
16 333
16 152
16 788
16 849
16 620
16 746
17 541
17 391
17 976
17 179
17 396
17 926
17 199
17 96
17 189
17 661
17 316
17 988
17 255
17 35
17 972
17 232
17 184
17 66
17 923
17 694
17 307
17 847
17 846
17 634
17 720
17 770
17 185
17 296
17 647
17 762
17 810
17 79
17 711
17 155
17 458
17 722
17 289
17 99
17 680
17 595
18 515
18 267
18 20
18 421
18 512
18 286
18 619
18 292
18 118
18 372
18 776
18 294
18 934
18 732
18 944
18 754
18 527
18 430
18 482
18 95
18 257
18 395
18 513
18 98
18 108
18 200
18 144
18 126
18 602
18 246
18 739
18 151
18 543
18 384
18 953
18 650
18 428
18 136
18 479
18 661
18 664
18 680
19 290
19 658
19 393
19 117
19 19
19 288
19 421
19 487
19 548
19 562
19 481
19 724
19 317
19 714
20 512
20 267
20 794
20 95
20 124
20 74
20 597
20 847
20 350
20 288
20 128
20 998
20 32
20 452
20 385
20 43
20 100
20 896
21 512
21 191
21 73
21 249
21 786
21 200
21 187
21 326
21 369
21 590
21 26
21 383
21 147
21 954
21 202
21 204
21 992
21 742
21 562
22 790
22 156
22 992
22 442
22 311
22 792
22 556
22 646
22 321
22 836
22 593
22 630
22 996
22 844
22 609
22 719
22 348
22 581
22 914
22 527
22 781
22 23
22 772
22 787
23 769
23 393
23 528
23 404
23 792
23 646
23 354
23 311
23 219
23 970
23 480
23 857
23 100
23 941
23 142
23 140
23 349
23 836
23 192
24 666
24 327
24 716
24 155
24 816
24 965
24 899
24 650
24 766
24 783
24 403
24 537
24 416
24 664
24 821
24 770
24 969
24 167
24 284
24 114
24 83
24 24
24 273
24 639
24 120
24 749
24 31
24 631
24 530
24 943
24 632
24 383
24 75
24 556
24 415
24 891
24 908
24 572
24 761
24 491
24 434
24 611
24 405
24 640
24 822
25 795
25 260
25 785
25 700
25 740
25 661
25 184
25 199
25 165
25 396
25 25
25 189
25 567
25 987
25 37
25 968
25 225
25 748
25 591
25 281
25 676
25 314
25 559
25 856
25 121
25 889
25 695
26 182
26 62
26 196
26 768
26 775
26 645
26 261
26 842
26 514
26 106
26 726
26 390
26 328
26 503
26 740
26 968
26 192
26 905
26 956
26 61
26 366
26 954
26 470
26 734
26 742
26 626
26 64
26 707
27 520
27 29
27 200
27 248
27 261
27 726
27 786
27 472
27 971
27 634
27 632
27 777
27 30
27 51
27 877
27 366
27 383
27 131
27 954
27 965
27 742
27 153
27 63
27 802
27 772
27 995
27 807
28 559
28 810
28 467
28 985
28 908
28 660
28 620
28 534
28 542
28 159
28 357
28 871
28 800
28 28
28 627
28 287
28 276
28 530
28 942
28 441
28 328
28 394
28 947
28 745
28 756
29 261
29 145
29 887
29 204
29 472
29 786
29 765
29 341
29 810
29 159
29 548
29 539
29 213
29 61
29 383
29 137
29 734
29 992
29 742
29 427
29 739
29 319
29 152
29 648
29 930
29 551
29 402
30 430
30 130
30 261
30 242
30 172
30 144
30 293
30 730
30 801
30 687
30 504
30 859
30 608
31 257
31 532
31 506
31 294
31 533
31 230
31 95
31 128
31 127
31 545
31 395
31 778
31 269
31 228
31 267
31 515
31 998
31 740
31 413
31 912
31 111
31 965
31 828
31 106
31 517
31 843
31 772
31 837
31 317
31 619
31 881
31 249
31 466
31 817
32 411
32 539
32 885
32 927
32 544
32 666
32 605
32 36
32 258
32 306
32 503
32 987
32 806
32 676
32 550
32 73
32 350
32 627
32 416
32 612
32 838
33 39
33 777
33 790
33 624
33 287
33 347
33 649
33 290
33 62
33 69
33 589
33 743
33 103
33 966
33 595
34 774
34 351
34 559
34 61
34 571
34 277
34 406
34 645
34 187
34 271
34 577
34 942
34 695
34 419
35 155
35 525
35 867
35 913
35 976
35 391
35 333
35 255
35 514
35 272
35 586
35 826
35 53
35 134
35 179
35 700
35 856
35 474
35 50
35 104
35 650
35 526
35 178
35 281
36 602
36 927
36 674
36 676
36 829
36 496
36 171
36 939
36 374
36 97
36 785
36 191
36 617
36 477
36 379
36 277
36 995
37 898
37 285
37 541
37 130
37 855
37 932
37 332
37 432
37 437
37 313
37 846
37 602
37 382
37 489
37 650
37 352
37 431
37 823
38 263
38 795
38 291
38 162
38 677
38 960
38 251
38 567
38 359
38 659
38 766
38 163
38 589
38 725
38 98
38 579
39 420
39 933
39 39
39 97
39 382
39 305
39 622
39 130
39 574
39 77
39 166
39 318
39 570
39 301
39 321
39 669
39 618
39 46
39 565
39 196
39 686
39 846
39 602
39 856
39 561
39 448
39 150
39 840
39 126
40 898
40 677
40 523
40 548
40 562
40 393
40 481
40 866
40 681
40 389
40 311
40 56
40 279
40 473
40 747
41 594
41 410
41 540
41 76
41 813
41 360
41 939
41 481
41 65
41 131
41 126
41 564
41 844
41 112
42 69
42 645
42 483
42 235
42 767
42 896
42 190
42 673
42 758
42 276
42 435
42 975
42 122
43 751
43 242
43 563
43 525
43 542
43 400
43 528
43 404
43 321
43 52
43 570
43 802
43 301
43 791
43 798
43 496
43 365
43 777
43 684
43 295
43 855
43 660
43 781
43 312
43 970
43 308
43 663
44 73
44 904
44 277
44 406
44 549
44 679
44 924
44 54
44 584
44 198
44 837
44 44
44 953
44 47
44 269
44 900
44 343
44 462
44 646
44 538
44 71
44 942
44 600
44 499
45 676
45 261
45 221
45 897
45 548
45 965
45 881
45 785
45 729
45 609
45 116
45 638
45 408
45 600
45 596
46 391
46 275
46 913
46 333
46 601
46 946
46 470
46 179
46 988
46 215
46 889
46 597
46 628
46 524
47 275
47 248
47 385
47 638
47 397
47 976
47 84
47 175
47 892
47 921
47 138
48 409
48 992
48 164
48 315
48 597
48 105
48 728
48 153
48 67
48 585
48 626
48 638
48 971
48 75
48 104
48 558
48 63
48 722
48 293
48 302
48 826
48 657
48 857
48 636
48 480
48 831
48 940
48 575
48 995
48 70
48 942
48 445
48 999
48 563
48 730
48 695
48 450
49 760
49 486
49 650
49 276
49 667
49 416
49 717
49 726
49 969
49 377
49 424
49 530
49 771
50 479
50 179
50 415
50 436
50 322
50 223
50 810
50 93
50 323
50 173
50 781
50 591
50 631
50 869
50 646
50 86
50 723
50 58
50 685
50 452
50 367
50 843
50 148
50 371
51 674
51 264
51 552
51 51
51 758
51 832
51 322
51 461
51 534
51 821
51 438
51 762
51 394
51 436
51 696
51 442
51 452
51 358
51 500
51 104
51 792
51 235
51 963
52 527
52 296
52 69
52 605
52 923
52 904
52 818
52 946
52 864
52 616
52 266
52 528
52 678
52 772
52 940
52 325
52 473
53 515
53 430
53 618
53 121
53 899
53 783
53 667
53 416
53 181
53 83
53 135
53 368
53 57
54 514
54 520
54 414
54 577
54 279
54 620
54 400
54 406
54 547
54 418
54 339
54 103
54 539
54 388
54 328
54 541
54 695
54 312
54 964
54 600
54 235
54 896
54 57
54 990
55 382
55 184
55 548
55 121
55 440
55 588
55 646
55 828
55 60
55 731
55 561
55 389
55 680
55 122
56 601
56 73
56 897
56 647
56 671
56 548
56 505
56 854
56 215
56 467
56 697
56 60
56 889
56 116
56 731
56 238
56 484
56 951
56 126
56 589
56 730
56 592
56 749
56 677
56 106
56 150
56 306
56 831
56 609
56 481
56 635
56 135
56 835
56 348
57 948
57 480
57 553
57 481
57 319
57 115
57 630
57 764
57 138
57 185
57 831
57 493
57 860
57 640
57 511
57 931
57 608
57 990
57 896
57 418
57 401
57 86
57 395
57 701
57 905
57 750
57 904
57 646
57 605
58 945
58 526
58 280
58 797
58 801
58 289
58 936
58 449
58 178
58 608
59 619
59 305
59 392
59 142
59 889
59 401
59 770
59 886
59 964
59 793
59 688
59 957
59 555
59 210
59 303
59 708
59 112
59 968
59 90
59 72
59 565
59 870
59 89
59 706
59 282
59 476
59 207
59 281
59 535
59 899
59 819
59 507
59 717
59 938
59 264
59 657
59 802
59 92
59 185
59 287
59 556
59 743
59 569
59 119
59 568
59 599
60 512
60 145
60 548
60 486
60 231
60 221
60 232
60 608
60 235
60 833
60 208
60 481
60 121
60 667
60 224
60 141
60 407
60 325
60 308
60 767
61 677
61 775
61 786
61 221
61 992
61 978
61 765
61 225
61 507
61 204
61 999
61 742
61 472
61 366
61 146
61 103
61 131
61 645
61 539
61 228
61 986
61 299
61 280
61 105
61 324
61 614
61 855
61 344
61 868
61 521
61 147
61 954
61 200
61 734
61 416
61 386
62 182
62 777
62 677
62 295
62 618
62 601
62 753
62 290
62 344
62 543
62 665
62 743
62 463
62 544
62 493
62 701
62 672
62 868
62 687
62 562
62 882
62 682
62 736
62 480
62 489
62 697
62 657
63 632
63 175
63 652
63 144
63 86
63 730
63 993
63 224
63 962
63 357
63 792
63 529
63 614
63 87
64 389
64 787
64 663
64 317
64 320
64 793
64 110
64 568
64 444
64 707
64 994
64 893
64 431
64 475
64 575
64 64
64 94
64 87
64 380
64 428
64 245
64 492
64 219
64 292
64 148
64 404
64 374
64 192
64 189
64 260
64 254
64 987
64 940
64 858
64 343
64 662
64 615
64 72
65 650
65 655
65 270
65 916
65 724
65 766
65 808
65 960
65 329
65 363
65 300
65 522
65 858
65 970
66 463
66 517
66 391
66 155
66 567
66 913
66 652
66 827
66 997
66 416
66 367
66 372
66 856
66 638
66 756
66 919
67 204
67 415
67 401
67 153
67 164
67 293
67 561
67 824
67 722
67 850
67 739
67 135
67 159
68 948
68 278
68 536
68 539
68 677
68 916
68 173
68 984
68 480
68 489
68 885
68 674
68 635
68 398
68 499
69 777
69 539
69 156
69 960
69 677
69 220
69 681
69 344
69 618
69 290
69 332
69 252
69 536
69 900
69 206
69 323
69 591
69 949
69 213
69 365
69 124
69 955
69 470
69 201
69 601
69 480
69 489
69 885
69 762
69 785
69 204
69 672
69 436
69 897
69 481
69 730
69 192
70 933
70 456
70 487
70 787
70 320
70 237
70 444
70 510
70 95
70 730
70 649
71 794
71 155
71 969
71 693
71 132
71 92
71 806
71 551
71 193
71 983
71 857
71 859
71 748
72 118
72 305
72 602
72 403
72 771
72 282
72 968
72 708
72 310
72 894
72 530
72 76
72 83
72 557
72 417
72 529
72 974
73 506
73 922
73 927
73 666
73 249
73 350
73 674
73 912
73 617
73 304
73 774
73 980
73 496
73 882
73 711
73 901
73 553
73 84
73 346
73 191
73 188
73 416
73 530
73 848
73 284
73 632
73 182
73 582
73 281
73 594
73 864
73 542
73 843
73 235
73 958
74 658
74 562
74 386
74 352
74 908
74 531
74 540
74 956
74 942
74 874
74 275
74 143
74 849
74 745
74 756
74 975
74 747
74 643
75 437
75 349
75 391
75 932
75 184
75 385
75 153
75 561
75 820
75 315
75 723
76 539
76 452
76 540
76 797
76 449
76 94
76 457
76 462
76 695
76 879
76 663
76 893
76 303
77 387
77 411
77 686
77 437
77 443
77 313
77 188
77 975
77 80
77 554
77 269
77 204
77 981
77 322
77 272
77 551
77 307
77 896
77 281
77 161
78 882
78 179
78 911
78 538
78 828
78 97
78 285
78 498
78 206
78 983
78 235
78 928
78 461
79 913
79 786
79 802
79 772
79 307
79 705
79 627
79 194
80 527
80 653
80 480
80 496
80 199
80 204
80 906
80 299
80 442
80 439
80 984
80 358
80 675
80 826
80 364
80 326
81 833
81 116
81 650
81 770
81 766
81 783
81 929
81 969
81 884
81 703
81 839
81 167
81 808
81 83
81 918
81 899
81 346
81 933
81 333
81 954
81 524
81 652
81 657
81 763
81 398
81 152
81 542
81 400
81 757
82 515
82 279
82 788
82 551
82 389
82 807
82 566
82 689
83 443
83 427
83 315
83 929
83 181
83 664
83 839
83 274
83 703
83 501
83 541
83 380
83 625
83 519
83 814
83 449
83 734
83 704
83 735
83 88
83 348
83 526
83 584
83 680
84 732
84 774
84 674
84 676
84 690
84 191
84 829
84 250
84 877
84 89
84 603
84 570
84 859
84 349
84 106
84 561
84 331
84 287
85 166
85 441
85 681
85 978
85 731
85 615
85 637
85 154
85 91
85 226
85 995
85 460
86 901
86 716
86 690
86 111
86 553
86 733
86 927
86 912
86 599
86 711
86 563
86 430
86 381
86 357
86 815
86 415
86 95
86 914
86 349
86 617
86 249
86 330
86 276
86 397
86 134
86 670
86 759
86 361
87 933
87 819
87 202
87 850
87 667
87 997
87 516
87 660
87 320
87 479
87 322
87 762
87 222
87 255
87 371
87 519
88 544
88 214
88 770
88 929
88 181
88 655
88 501
88 916
88 918
88 88
88 664
88 834
88 262
88 539
88 947
88 180
88 813
88 90
88 375
88 623
88 858
88 359
88 524
89 774
89 592
89 787
89 126
89 412
89 680
89 708
89 210
89 112
90 988
90 121
90 650
90 493
90 673
90 807
90 680
90 210
91 891
91 742
91 678
91 308
91 975
91 805
91 297
91 168
91 621
91 702
91 943
91 132
91 393
91 573
91 293
91 314
91 287
91 995
91 235
91 787
92 998
92 898
92 170
92 577
92 835
92 789
92 903
92 277
92 942
92 919
92 136
92 129
92 842
93 658
93 322
93 629
93 672
93 155
93 598
93 543
93 688
93 641
94 998
94 242
94 319
94 853
94 623
94 634
94 287
94 917
95 512
95 267
95 532
95 288
95 803
95 421
95 744
95 934
95 372
95 136
95 269
95 430
95 228
95 915
95 395
95 95
95 257
95 776
95 506
95 778
95 128
95 343
95 750
95 572
95 718
95 253
95 904
95 847
95 891
95 689
95 721
95 189
95 918
95 334
95 180
95 168
95 589
95 255
95 426
95 618
95 676
95 659
95 562
95 486
95 964
95 419
95 914
96 927
96 260
96 517
96 391
96 779
96 913
96 179
96 700
96 856
96 722
96 526
96 217
96 406
96 444
96 893
97 898
97 285
97 166
97 313
97 372
97 475
97 442
97 489
97 954
97 658
97 293
97 126
97 896
98 554
98 289
98 353
98 404
98 792
98 772
98 593
98 678
98 473
98 776
98 163
98 376
98 285
98 368
98 320
99 632
99 463
99 736
99 904
99 153
99 497
99 203
99 880
99 241
99 144
99 123
99 714
99 197
99 361
99 518
99 343
99 222
99 990
99 964
99 323
99 278
99 496
99 662
99 149
99 734
99 743
99 128
99 883
99 567
99 888
100 292
100 285
100 156
100 722
100 218
100 529
100 911
100 287
100 258
100 163
100 538
100 139
100 125
100 614
100 356
100 309
100 783
100 182
100 197
100 112
100 502
100 738
100 775
100 879
100 579
101 512
101 263
101 563
101 142
101 897
101 548
101 215
101 609
101 481
101 981
101 583
101 706
101 889
101 955
102 862
102 396
102 401
102 725
102 728
102 730
102 723
102 971
102 104
102 702
102 168
102 515
102 874
102 560
102 466
102 837
102 405
102 572
102 890
103 291
103 344
103 716
103 261
103 520
103 147
103 704
103 559
103 974
103 488
103 366
103 202
103 204
103 723
103 739
103 886
103 277
103 767
103 977
104 972
104 221
104 208
104 401
104 153
104 824
104 315
104 456
104 845
104 730
104 638
104 598
104 204
104 994
104 476
104 195
104 964
104 822
104 835
104 280
104 404
104 930
104 950
104 975
105 525
105 902
105 401
105 164
105 820
105 456
105 730
105 993
105 403
105 384
105 279
105 412
106 489
106 768
106 261
106 520
106 842
106 673
106 976
106 880
106 383
106 645
106 904
106 145
106 322
106 895
106 513
106 575
107 676
107 191
107 293
107 797
107 466
107 516
107 534
107 143
107 341
107 399
107 886
107 524
107 855
107 386
107 508
107 531
107 522
107 507
107 457
107 989
107 799
107 234
107 141
107 821
107 566
107 307
107 526
107 954
107 699
107 620
107 425
108 275
108 659
108 758
108 769
108 302
108 524
108 657
108 572
108 707
108 896
108 185
108 827
108 991
109 532
109 313
109 783
109 761
109 942
109 414
109 662
109 596
109 784
110 667
110 501
110 942
110 287
110 389
110 958
110 475
110 952
110 176
110 893
111 846
111 602
111 912
111 927
111 550
111 553
111 690
111 349
111 617
111 383
111 145
111 611
111 931
112 463
112 923
112 867
112 202
112 498
112 918
112 312
112 974
112 565
112 446
112 329
112 851
112 906
112 413
112 976
112 902
112 266
112 739
113 862
113 639
113 674
113 224
113 746
113 799
113 673
113 680
113 708
114 267
114 635
114 783
114 276
114 929
114 969
114 398
114 167
114 546
114 724
114 918
114 956
114 757
114 123
114 987
114 146
114 523
114 226
114 615
114 244
114 817
114 143
114 607
114 990
115 829
115 268
115 418
115 224
115 616
115 997
115 259
115 359
115 609
115 841
115 649
115 464
115 297
115 502
115 379
115 534
115 817
115 907
115 827
115 642
116 291
116 589
116 897
116 523
116 671
116 548
116 833
116 486
116 116
116 505
116 117
116 527
116 569
116 404
116 333
116 508
116 634
116 145
116 993
116 334
116 183
117 677
117 344
117 785
117 913
117 393
117 174
117 562
117 825
117 729
117 481
117 121
117 413
117 958
118 267
118 286
118 934
118 127
118 421
118 794
118 230
118 294
118 482
118 479
118 754
118 527
118 168
118 575
118 249
118 908
118 279
118 962
118 789
118 989
118 411
118 220
118 188
118 467
118 947
118 224
118 713
118 193
119 567
119 721
119 629
119 783
119 747
119 240
119 771
119 865
119 712
119 403
119 909
119 490
119 656
119 161
119 454
120 913
120 179
120 567
120 700
120 988
120 837
120 639
120 195
120 929
120 631
121 480
121 897
121 393
121 174
121 671
121 176
121 741
121 952
121 215
121 467
121 208
121 505
121 697
121 731
121 729
121 187
121 481
121 231
121 355
121 763
121 805
121 919
121 770
121 498
121 152
121 860
121 534
121 501
121 304
121 263
121 163
121 139
121 314
121 728
121 400
121 828
122 696
122 849
122 930
122 673
122 207
122 283
122 499
122 680
122 963
122 935
122 755
122 490
122 511
122 444
122 831
123 532
123 739
123 836
123 991
123 888
123 780
124 257
124 515
124 794
124 632
124 778
124 265
124 545
124 944
124 128
124 378
124 346
124 739
124 713
124 974
124 756
124 804
124 285
124 366
124 406
124 695
124 325
124 859
124 590
125 632
125 396
125 911
125 865
125 235
125 163
125 902
125 944
125 290
125 580
125 361
125 928
125 596
125 303
126 617
126 151
126 531
126 784
126 149
126 970
126 773
126 235
126 958
126 320
126 893
126 787
126 475
126 364
126 409
126 352
126 304
126 383
126 631
126 683
126 830
126 348
126 763
127 512
127 515
127 267
127 778
127 372
127 878
127 176
127 638
127 466
127 863
127 805
127 479
127 690
127 992
127 187
127 379
127 621
127 657
127 759
127 827
127 499
128 512
128 257
128 265
128 267
128 269
128 803
128 794
128 715
128 532
128 421
128 596
128 849
128 752
128 592
128 964
128 196
128 514
128 304
128 180
128 303
128 948
128 998
128 211
128 299
128 455
128 697
128 280
128 422
128 631
128 149
128 991
129 372
129 744
129 548
129 510
129 526
129 397
129 826
129 722
129 615
129 254
129 849
129 352
129 670
129 287
129 222
130 794
130 898
130 314
130 242
130 318
130 539
130 775
130 537
130 411
130 285
130 432
130 182
130 720
130 617
130 261
130 726
130 299
130 367
130 562
130 766
130 583
130 888
131 776
131 336
131 520
131 366
131 383
131 137
131 992
131 742
131 645
131 652
131 711
131 201
131 197
131 340
131 701
131 728
131 413
131 145
131 204
131 470
131 216
131 764
131 806
131 241
132 261
132 897
132 953
132 315
132 577
132 908
132 849
132 532
132 947
132 779
132 865
132 524
132 788
132 357
132 620
133 981
133 760
133 833
133 897
133 769
133 758
133 392
133 548
133 731
133 481
133 679
133 865
134 432
134 553
134 496
134 137
134 818
134 833
134 315
134 650
134 386
134 215
134 229
134 773
134 652
134 528
134 792
134 772
134 970
134 764
134 193
135 857
135 671
135 951
135 853
135 997
135 554
135 477
135 685
135 519
135 577
135 373
135 379
135 259
135 233
135 195
135 944
135 421
135 332
135 179
135 993
135 899
135 809
135 319
135 979
135 365
135 662
136 512
136 776
136 532
136 794
136 395
136 452
136 207
136 561
136 685
136 639
136 744
136 913
136 415
136 952
136 315
136 570
136 473
136 840
137 762
137 674
137 690
137 768
137 775
137 520
137 366
137 954
137 887
137 142
137 507
137 742
137 981
137 470
137 734
137 472
137 202
137 200
137 726
137 747
137 676
137 544
137 447
137 353
137 939
137 695
137 679
137 848
137 915
137 307
137 536
137 682
137 146
137 204
137 629
137 491
137 397
137 844
137 963
137 210
138 179
138 856
138 384
138 826
138 446
138 609
138 185
138 991
139 794
139 263
139 819
139 709
139 768
139 221
139 837
139 366
139 166
139 538
139 473
139 235
139 879
140 898
140 387
140 653
140 382
140 819
140 263
140 487
140 762
140 544
140 754
140 746
140 409
140 285
140 541
140 182
140 602
140 291
140 517
140 904
140 558
140 377
140 353
140 896
140 931
140 680
141 166
141 903
141 695
141 272
141 406
141 549
141 340
141 198
141 550
141 535
141 449
141 678
141 319
141 403
141 277
141 178
142 520
142 786
142 261
142 742
142 514
142 734
142 221
142 339
142 913
142 363
142 147
142 906
142 456
142 979
143 145
143 908
143 788
143 542
143 209
143 152
143 169
143 962
143 517
143 472
143 183
143 585
143 726
143 764
143 352
143 886
143 575
144 627
144 167
144 340
144 967
144 371
144 498
144 727
144 389
144 185
144 977
144 991
144 888
145 980
145 786
145 366
145 750
145 925
145 887
145 904
145 765
145 734
145 328
145 203
145 562
145 500
145 985
145 573
145 965
145 202
145 992
145 742
145 248
145 208
146 567
146 520
146 877
146 366
146 734
146 925
146 726
146 202
146 384
146 365
146 658
146 274
146 309
146 941
146 954
146 204
146 470
146 850
146 154
146 193
147 768
147 261
147 904
147 225
147 147
147 877
147 842
147 999
147 750
147 507
147 726
147 765
147 514
147 472
147 269
147 425
147 675
147 820
147 480
147 235
147 388
147 391
147 585
147 234
147 421
147 800
147 954
147 965
147 200
147 202
147 672
147 810
147 730
147 638
147 817
148 650
148 903
148 648
148 150
148 246
148 811
148 340
148 656
148 312
148 668
148 895
148 618
148 425
148 817
148 860
148 277
148 406
148 695
148 964
148 504
148 983
148 673
148 566
149 291
149 992
149 760
149 352
149 620
149 404
149 530
149 792
149 996
149 239
149 325
149 798
149 186
149 301
149 772
149 785
149 829
149 191
149 384
149 932
149 231
149 557
149 827
149 407
149 806
149 193
149 663
150 753
150 179
150 698
150 302
150 434
150 708
150 930
150 195
150 702
150 942
150 212
151 774
151 927
151 617
151 893
151 783
151 279
151 516
151 439
151 905
151 235
151 185
151 977
152 452
152 353
152 508
152 524
152 531
152 796
152 397
152 855
152 534
152 542
152 386
152 516
152 471
152 261
152 601
152 346
152 854
152 163
152 849
152 612
152 357
153 285
153 382
153 777
153 489
153 520
153 401
153 902
153 558
153 845
153 164
153 610
153 953
153 627
153 175
153 723
153 638
153 875
153 376
153 561
153 347
153 626
153 993
153 676
153 756
153 692
153 688
153 832
153 436
153 598
153 858
153 815
153 384
153 565
153 990
153 829
153 353
153 695
153 170
153 293
153 302
153 820
153 707
153 640
153 974
154 754
154 279
154 449
154 604
154 300
154 649
154 217
154 280
154 814
154 384
154 540
154 695
154 785
154 362
154 381
154 903
154 954
154 693
154 571
154 466
154 325
154 995
154 911
155 391
155 976
155 740
155 255
155 972
155 525
155 165
155 392
155 396
155 559
155 275
155 661
155 199
155 179
155 567
155 429
155 700
155 932
155 474
155 235
155 507
155 277
155 393
155 718
155 798
155 865
155 335
155 570
155 469
155 314
155 482
155 816
155 856
155 965
155 750
155 835
155 940
156 426
156 601
156 885
156 162
156 220
156 681
156 790
156 696
156 825
156 395
156 313
156 332
156 589
156 463
156 480
156 264
156 728
156 433
156 531
156 360
156 823
156 767
157 489
157 559
157 401
157 181
157 433
157 782
157 788
157 641
157 879
157 991
157 642
157 673
157 680
157 822
157 708
158 901
158 204
158 647
158 571
158 271
158 256
158 167
158 761
158 678
158 975
158 226
158 488
158 828
158 334
159 463
159 986
159 972
159 393
159 399
159 788
159 404
159 959
159 718
159 612
159 620
159 804
159 488
159 538
159 185
159 446
160 278
160 543
160 885
160 215
160 730
160 384
160 562
160 956
160 289
160 466
160 534
160 538
160 457
161 532
161 220
161 690
161 839
161 397
161 326
161 183
161 822
161 894
161 901
161 715
161 441
161 562
161 801
162 166
162 543
162 986
162 736
162 438
162 162
162 624
162 489
162 961
162 375
162 526
162 954
162 553
162 668
162 887
162 694
162 677
162 589
162 463
162 458
162 293
162 488
162 787
163 532
163 228
163 690
163 345
163 542
163 612
163 903
163 975
163 905
163 526
163 848
164 479
164 548
164 401
164 910
164 347
164 164
164 975
164 355
164 874
164 483
164 922
164 681
164 492
164 845
164 597
164 577
164 801
164 466
164 497
164 695
164 802
164 287
165 388
165 674
165 913
165 923
165 559
165 635
165 846
165 411
165 413
165 179
165 567
165 700
165 825
165 357
165 871
165 695
166 286
166 898
166 411
166 296
166 443
166 305
166 709
166 933
166 541
166 653
166 336
166 751
166 166
166 679
166 557
166 208
166 428
166 802
166 820
166 943
166 509
166 272
166 432
166 314
166 313
166 774
166 760
166 306
166 586
166 516
166 648
166 528
167 382
167 349
167 652
167 650
167 770
167 416
167 475
167 908
168 182
168 451
168 327
168 689
168 752
168 178
168 271
168 806
168 551
168 950
168 885
168 463
168 710
168 616
168 251
168 318
168 563
168 490
168 473
169 762
169 853
169 384
169 908
169 660
169 516
169 353
169 399
169 651
169 863
169 408
169 745
169 602
169 947
169 332
169 283
169 333
169 780
169 305
169 250
169 357
169 949
169 990
169 326
170 774
170 927
170 550
170 350
170 553
170 851
170 551
170 191
170 617
170 249
170 954
170 731
171 533
171 336
171 550
171 658
171 542
171 430
171 629
171 193
171 995
171 879
171 444
171 958
172 900
172 790
172 291
172 677
172 812
172 600
172 466
172 849
172 451
172 463
172 350
172 648
172 423
173 432
173 781
173 415
173 552
173 207
173 290
173 358
173 758
173 528
173 827
174 509
174 769
174 548
174 952
174 440
174 174
174 533
174 389
174 517
174 602
174 749
174 276
174 379
174 578
174 598
175 810
175 401
175 385
175 409
175 412
175 240
175 752
175 993
175 650
175 218
175 233
175 405
176 774
176 338
176 769
176 647
176 442
176 281
176 236
176 562
176 697
176 825
176 483
176 845
176 491
176 571
176 406
176 836
176 644
177 356
177 466
177 911
177 746
177 575
177 673
177 807
177 910
177 974
178 520
178 739
178 522
178 745
178 321
178 219
178 404
178 919
178 859
178 962
178 226
178 636
178 207
179 391
179 816
179 988
179 779
179 913
179 856
179 275
179 785
179 926
179 694
179 740
179 525
179 396
179 184
179 429
179 517
179 867
179 923
179 465
179 333
179 932
179 851
179 746
179 696
179 297
179 254
179 656
179 720
179 558
179 376
179 382
179 936
179 780
179 649
179 742
179 523
179 330
179 474
179 507
179 935
179 783
179 903
179 277
179 307
179 793
180 409
180 398
180 259
180 268
180 606
180 492
180 683
180 832
180 647
180 186
180 390
180 224
180 616
180 970
180 911
180 245
181 709
181 770
181 537
181 410
181 416
181 284
181 501
181 808
181 253
181 982
181 591
181 687
181 350
181 386
181 532
181 314
181 517
181 934
181 946
181 516
181 272
181 787
182 915
182 898
182 411
182 285
182 432
182 594
182 314
182 755
182 622
182 420
182 263
182 989
182 846
182 691
182 431
182 940
182 987
182 584
182 801
182 457
182 905
182 673
182 382
182 291
182 986
182 953
182 597
182 730
182 969
182 468
183 700
183 322
183 548
183 521
183 911
183 229
183 708
183 874
183 587
183 775
183 622
183 927
183 287
184 392
184 779
184 429
184 559
184 458
184 590
184 426
184 703
184 922
184 474
184 725
184 534
184 620
184 307
185 206
185 731
185 361
185 461
185 668
185 485
185 907
185 185
185 869
185 582
185 973
185 608
185 714
185 841
185 991
185 495
185 587
185 931
185 914
185 402
185 712
185 542
185 597
185 581
185 447
185 385
185 339
185 718
185 478
185 826
185 371
185 654
185 720
185 729
185 545
185 360
186 760
186 481
186 341
186 407
186 772
186 940
186 979
186 836
186 970
186 592
187 933
187 350
187 548
187 467
187 806
187 267
187 215
187 729
187 695
187 435
187 192
187 320
187 608
187 799
188 602
188 774
188 674
188 690
188 303
188 351
188 617
188 249
188 386
188 352
188 708
189 420
189 666
189 391
189 652
189 275
189 913
189 242
189 608
189 465
189 338
189 554
189 365
190 397
190 331
190 849
190 940
190 865
190 896
190 827
190 608
190 914
190 409
190 886
190 313
190 373
190 880
190 841
190 990
190 888
191 625
191 674
191 690
191 666
191 337
191 599
191 605
191 676
191 930
191 478
191 473
191 858
191 568
191 711
191 350
191 391
191 560
191 714
192 221
192 935
192 201
192 985
192 386
192 788
192 911
192 955
192 828
192 473
192 644
192 307
192 822
192 342
192 670
192 325
192 882
192 532
192 848
193 998
193 676
193 399
193 551
193 830
193 471
193 813
193 701
193 939
193 621
193 513
193 834
193 226
193 757
193 412
193 964
193 781
193 550
193 450
193 343
193 975
193 435
194 652
194 727
194 576
194 271
194 834
194 308
194 329
194 554
194 476
194 661
194 995
195 479
195 686
195 900
195 774
195 901
195 674
195 676
195 550
195 327
195 249
195 469
195 272
195 828
195 235
195 879
195 977
196 674
196 676
196 690
196 421
196 926
196 349
196 528
197 589
197 764
197 896
197 931
197 227
197 913
197 461
198 846
198 521
198 400
198 406
198 695
198 837
198 600
198 235
198 943
199 313
199 295
199 517
199 391
199 913
199 429
199 559
199 567
199 700
199 625
199 262
199 634
199 906
199 258
199 732
199 725
199 695
199 615
200 327
200 520
200 225
200 514
200 842
200 204
200 593
200 450
200 506
200 524
200 882
200 235
200 563
200 202
200 470
200 742
200 811
200 837
200 791
200 684
200 237
200 245
201 696
201 442
201 322
201 908
201 798
201 358
201 498
201 207
202 285
202 553
202 559
202 514
202 261
202 954
202 965
202 366
202 765
202 225
202 734
202 221
202 742
202 992
202 925
202 520
202 472
202 726
202 887
202 999
202 259
202 761
202 306
202 361
202 471
202 237
202 233
202 805
202 985
202 746
202 607
202 996
202 907
202 807
202 449
202 850
202 766
202 416
203 819
203 510
203 217
203 400
203 964
203 285
203 256
203 806
203 708
204 520
204 383
204 925
204 842
204 978
204 887
204 765
204 726
204 261
204 877
204 225
204 478
204 768
204 775
204 954
204 965
204 734
204 413
204 875
204 797
204 239
204 506
204 666
204 996
204 916
204 601
204 947
204 369
204 363
204 968
204 470
204 992
204 742
204 669
204 224
204 219
204 983
205 296
205 432
205 413
205 224
205 357
205 896
205 402
205 736
205 986
205 596
205 990
205 991
205 207
206 409
206 536
206 795
206 291
206 812
206 451
206 218
206 631
206 915
206 463
206 480
206 762
206 926
206 700
206 766
206 270
206 839
206 307
207 263
207 902
207 705
207 802
207 608
207 673
207 807
207 446
207 642
207 326
207 328
207 578
207 507
207 630
207 604
207 781
207 334
207 373
208 238
208 704
208 889
208 214
208 393
208 647
208 818
208 864
208 502
208 524
208 567
208 481
208 911
209 948
209 420
209 470
209 500
209 993
209 516
209 788
209 352
209 357
209 497
209 371
209 865
209 389
210 851
210 737
210 401
210 268
210 802
210 822
210 957
210 870
210 312
210 792
210 948
210 940
210 634
210 980
211 898
211 653
211 933
211 432
211 313
211 387
211 420
211 668
211 747
211 601
212 666
212 383
212 415
212 400
212 406
212 964
212 646
212 991
212 249
212 259
212 920
212 600
212 405
212 896
212 974
213 948
213 338
213 801
213 289
213 571
213 469
214 411
214 470
214 935
214 671
214 467
214 854
214 908
214 439
214 428
214 889
214 403
214 873
214 940
214 822
215 548
215 562
215 467
215 697
215 752
215 818
215 635
215 704
215 483
215 505
215 729
215 854
215 763
215 897
215 825
215 486
215 952
215 889
215 785
215 519
215 629
215 508
215 969
215 909
215 855
215 495
215 274
215 970
215 668
215 757
215 561
215 235
216 711
216 366
216 322
216 899
216 979
216 516
216 660
216 871
216 497
216 886
216 610
216 395
216 321
216 231
216 677
216 944
216 875
216 612
216 620
216 747
216 921
216 475
217 801
217 936
217 571
217 985
217 797
217 628
217 484
217 469
217 611
217 526
217 353
217 948
217 697
217 651
217 274
217 664
217 942
217 226
217 579
218 456
218 477
218 418
218 454
218 503
218 997
218 309
218 218
218 944
218 744
218 246
218 437
218 379
218 890
219 980
219 741
219 908
219 792
219 802
219 467
219 539
219 955
219 930
219 841
220 915
220 677
220 332
220 589
220 463
220 438
220 678
220 696
220 626
220 901
220 489
220 885
220 762
220 517
220 221
220 367
220 467
220 845
220 406
221 372
221 228
221 329
221 775
221 366
221 954
221 470
221 726
221 225
221 999
221 768
221 984
221 273
221 586
221 920
221 671
221 992
221 742
221 507
221 500
221 406
221 943
222 772
222 684
222 896
222 991
222 841
222 587
222 926
222 724
222 329
222 340
222 857
222 566
223 512
223 388
223 489
223 700
223 856
223 436
223 322
223 338
223 862
223 500
223 738
223 528
223 271
223 943
224 550
224 414
224 809
224 580
224 853
224 259
224 454
224 348
224 947
224 519
224 872
224 946
224 847
224 309
224 685
224 477
224 675
224 616
224 864
224 606
224 359
224 873
224 365
224 418
224 835
224 868
224 679
224 830
224 323
224 375
224 612
224 800
224 510
224 945
224 900
224 229
224 909
224 694
224 534
224 503
224 434
224 404
224 931
225 395
225 263
225 686
225 242
225 775
225 842
225 667
225 277
225 792
225 334
226 489
226 772
226 513
226 529
226 930
226 419
226 551
226 717
226 773
226 806
226 576
226 838
226 469
226 405
226 846
226 603
226 940
226 406
226 269
226 554
226 856
227 809
227 801
227 713
227 620
227 903
227 648
227 406
227 412
227 785
227 570
227 307
228 257
228 267
228 803
228 632
228 436
228 747
228 960
228 567
228 742
228 825
228 410
228 289
228 412
229 473
229 673
229 326
229 974
229 368
229 243
229 469
229 944
230 778
230 421
230 288
230 515
230 257
230 632
230 532
230 776
230 517
230 617
230 912
230 484
230 350
230 907
230 978
230 338
230 401
230 456
230 475
231 885
231 358
231 897
231 393
231 523
231 548
231 562
231 481
231 441
231 809
231 549
231 967
231 708
232 387
232 451
232 327
232 661
232 700
232 988
232 745
232 615
232 890
232 936
232 470
232 548
232 233
232 817
232 636
232 320
232 977
233 732
233 382
233 383
233 825
233 809
233 599
233 522
233 792
233 236
233 303
234 525
234 925
234 418
234 792
234 940
235 366
235 824
235 538
235 473
235 746
235 368
235 240
235 657
235 828
235 590
235 712
235 236
235 879
235 362
235 644
235 817
235 307
235 405
235 865
235 625
235 688
235 664
235 784
235 843
235 661
235 791
235 626
235 841
235 326
236 677
236 779
236 932
236 561
236 792
236 371
236 771
236 657
236 598
236 747
236 468
236 405
236 636
236 654
236 275
236 562
236 844
236 729
236 406
236 568
236 824
236 980
236 638
237 781
237 739
237 793
237 949
237 575
237 817
237 610
238 671
238 486
238 355
238 330
238 386
238 258
238 560
238 660
238 871
238 745
238 844
238 888
239 265
239 898
239 885
239 690
239 988
239 726
239 727
239 528
239 404
239 792
239 802
239 940
239 773
239 955
239 380
240 624
240 249
240 481
240 985
240 297
240 771
240 657
240 538
240 435
240 473
240 879
241 954
241 470
241 796
241 911
241 817
241 572
241 473
241 614
241 615
241 746
241 281
242 388
242 263
242 437
242 443
242 709
242 720
242 473
242 518
242 382
242 964
242 596
242 708
243 288
243 632
243 263
243 829
243 742
243 722
243 649
243 801
243 693
243 623
243 802
243 271
243 473
243 587
244 992
244 293
244 561
244 845
244 722
244 730
244 994
245 257
245 567
245 697
245 389
245 320
245 579
245 245
245 684
245 377
245 402
245 310
245 900
245 790
245 759
245 767
246 903
246 277
246 406
246 557
246 695
247 856
247 961
247 503
247 324
247 876
247 615
247 746
247 250
247 320
247 799
248 329
248 775
248 877
248 470
248 805
248 634
248 706
249 594
249 927
249 674
249 676
249 304
249 716
249 617
249 349
249 881
249 569
249 882
249 544
249 829
249 327
249 535
249 563
249 690
249 891
249 249
249 329
249 554
249 372
249 789
249 367
249 626
249 941
249 975
249 395
249 318
249 825
249 262
249 954
249 814
249 368
249 343
249 638
249 418
249 772
250 366
250 654
250 473
250 814
250 641
250 656
251 278
251 795
251 291
251 677
251 960
251 480
251 885
251 639
251 877
251 548
251 293
251 655
251 580
251 407
252 278
252 536
252 539
252 677
252 426
252 959
252 589
252 489
252 885
252 762
253 690
253 605
253 650
253 273
253 667
253 416
253 929
253 491
253 377
253 403
253 982
253 766
253 383
253 295
253 765
253 758
253 339
253 926
253 837
253 466
253 606
254 344
254 965
254 935
254 455
254 367
254 498
254 508
254 445
254 679
254 423
255 391
255 559
255 816
255 458
255 465
255 856
255 742
255 311
255 592
255 490
255 654
256 269
256 954
256 264
256 962
256 353
256 341
256 542
256 510
256 885
256 617
256 703
256 315
256 524
256 788
256 612
256 620
257 430
257 632
257 533
257 799
257 289
257 281
257 267
257 794
257 820
257 787
258 613
258 674
258 839
258 982
258 616
258 369
258 406
258 291
258 462
258 583
258 563
258 894
258 644
258 287
258 572
258 983
258 368
259 742
259 306
259 979
259 868
259 373
259 448
259 816
259 408
259 405
259 573
259 753
259 418
259 809
259 309
259 319
259 359
259 801
259 788
259 588
259 807
260 602
260 790
260 694
260 867
260 447
260 260
260 950
260 431
260 905
260 946
260 524
260 599
260 391
260 785
260 559
260 816
260 458
260 742
260 897
260 942
260 815
260 684
261 877
261 978
261 775
261 470
261 742
261 925
261 904
261 594
261 956
261 402
261 520
261 366
261 954
261 984
261 500
261 486
261 493
262 715
262 313
262 676
262 548
262 956
262 930
262 565
262 874
262 911
262 538
262 287
262 828
262 473
263 388
263 541
263 751
263 653
263 318
263 574
263 686
263 382
263 432
263 898
263 862
263 989
263 594
263 562
263 840
263 385
263 607
263 285
263 437
263 602
263 637
263 826
263 727
263 389
264 776
264 432
264 699
264 455
264 591
264 345
264 752
264 415
264 442
264 322
264 629
264 540
264 796
264 928
264 692
265 512
265 294
265 934
265 715
265 709
265 583
265 267
265 286
265 938
265 489
265 674
265 768
265 738
265 357
266 794
266 709
266 922
266 561
266 908
266 834
266 566
266 352
266 620
266 287
267 421
267 778
267 294
267 794
267 754
267 512
267 998
267 934
267 269
267 479
267 545
267 430
267 506
267 776
267 948
267 715
267 533
267 962
267 976
267 598
267 348
267 788
267 648
267 926
267 276
267 835
267 376
267 969
267 727
267 968
267 917
267 748
267 938
267 795
267 649
268 548
268 872
268 577
268 448
268 847
268 379
268 951
268 414
268 487
268 675
268 685
268 895
268 786
268 880
268 984
268 725
268 332
268 526
268 716
268 809
268 853
268 307
269 512
269 515
269 292
269 409
269 447
269 820
269 794
269 479
269 550
269 393
269 491
269 675
269 379
269 397
269 798
270 650
270 284
270 546
270 403
270 651
270 840
270 298
270 416
270 789
271 512
271 432
271 504
271 683
271 838
271 806
271 363
271 513
271 445
271 405
271 322
271 920
271 529
271 930
271 551
271 576
272 956
272 612
272 557
272 340
272 547
272 518
272 402
272 400
272 277
272 406
272 964
272 727
272 600
272 772
272 551
272 590
273 650
273 284
273 437
273 608
273 485
273 420
273 969
273 491
273 406
273 549
273 707
274 650
274 929
274 510
274 808
274 703
274 792
274 889
274 701
274 837
274 295
274 863
275 602
275 391
275 785
275 851
275 333
275 567
275 892
275 488
275 691
275 913
275 429
275 972
275 729
275 893
275 461
275 860
276 709
276 639
276 650
276 546
276 821
276 542
276 321
276 374
276 667
276 969
276 809
276 477
276 607
276 893
277 618
277 901
277 954
277 486
277 903
277 648
277 964
277 811
277 656
277 966
277 727
277 450
277 942
277 937
277 557
277 511
277 316
277 902
277 770
277 308
277 723
277 498
277 941
277 427
277 922
277 740
277 384
277 406
277 924
277 549
277 695
277 445
277 673
278 432
278 986
278 677
278 499
278 431
278 366
278 408
278 290
278 291
278 489
278 562
278 586
278 524
279 743
279 520
279 366
279 729
279 401
279 649
279 761
279 300
279 462
279 540
279 573
279 801
279 433
279 705
279 484
279 279
279 686
279 367
279 463
279 670
279 812
279 280
279 693
279 985
279 623
279 843
279 662
280 645
280 375
280 693
280 649
280 422
280 411
280 445
280 346
280 380
281 382
281 913
281 895
281 897
281 335
281 584
281 360
281 991
281 415
281 891
282 819
282 358
282 853
282 616
282 386
282 381
282 475
282 594
282 347
282 303
282 708
283 451
283 711
283 571
283 813
283 828
283 949
283 747
283 673
283 974
284 288
284 701
284 760
284 477
284 667
284 929
284 858
284 801
284 300
284 924
284 530
284 354
284 757
284 708
285 898
285 653
285 411
285 409
285 751
285 720
285 432
285 441
285 622
285 613
285 382
285 356
285 691
285 637
285 541
285 388
285 313
285 501
285 782
285 329
285 373
285 674
285 789
285 696
285 681
285 648
285 292
285 733
285 304
285 420
285 602
285 677
285 470
285 671
285 835
285 802
286 778
286 744
286 803
286 533
286 754
286 945
286 903
286 838
286 657
286 625
286 479
286 432
286 443
286 617
286 429
286 567
286 734
286 651
286 849
286 663
287 291
287 913
287 447
287 338
287 538
287 865
287 368
287 771
287 468
287 563
287 480
287 434
287 465
287 307
287 598
287 888
288 512
288 778
288 527
288 794
288 944
288 878
288 294
288 811
288 304
288 658
288 681
288 632
288 948
288 346
288 366
288 966
288 320
289 934
289 649
289 789
289 434
289 466
289 540
289 335
289 526
289 634
289 289
289 562
289 682
289 636
289 777
289 701
289 571
289 985
289 930
289 719
290 790
290 539
290 762
290 900
290 543
290 438
290 290
290 763
290 392
290 328
290 629
290 832
290 291
290 677
290 451
290 589
290 463
290 489
290 304
290 394
290 971
290 580
290 838
290 907
290 714
291 790
291 451
291 900
291 681
291 618
291 543
291 753
291 736
291 480
291 489
291 438
291 426
291 589
291 536
291 539
291 509
291 295
291 666
291 477
291 377
291 943
291 404
291 528
291 493
291 525
291 867
291 530
291 677
291 463
291 703
291 858
291 370
291 977
292 512
292 515
292 794
292 848
292 994
292 732
292 998
292 567
292 889
292 701
292 911
292 983
293 658
293 910
293 401
293 376
293 302
293 626
293 971
293 730
293 875
293 561
293 845
293 315
293 293
293 301
293 473
293 588
293 514
293 504
293 520
293 384
293 722
293 399
293 886
294 776
294 794
294 646
294 342
294 632
294 948
294 744
294 734
294 452
294 853
294 879
294 707
295 356
295 762
295 344
295 817
295 987
295 579
295 959
295 589
295 489
295 599
295 954
295 985
296 409
296 622
296 305
296 819
296 989
296 653
296 420
296 356
296 873
296 742
296 587
296 362
296 432
296 350
296 496
296 903
296 521
297 927
297 546
297 570
297 960
297 790
297 468
298 854
298 403
298 546
298 649
298 528
298 802
298 701
298 639
298 869
298 665
298 970
298 598
299 734
299 781
299 415
299 935
299 374
299 500
299 810
299 672
299 569
299 886
299 325
299 678
299 442
299 452
299 358
299 760
299 710
299 485
300 639
300 774
300 675
300 864
300 801
300 518
300 434
300 693
300 937
300 958
301 803
301 451
301 480
301 514
301 561
301 335
301 445
301 964
301 528
301 855
301 302
301 881
301 940
301 435
301 673
302 527
302 332
302 638
302 658
302 569
302 845
302 722
302 789
302 538
303 733
303 465
303 854
303 412
303 680
303 464
303 870
303 828
303 557
303 819
303 606
303 446
303 326
304 927
304 632
304 920
304 690
304 329
304 617
304 322
304 491
304 995
305 387
305 541
305 720
305 774
305 610
305 313
305 743
305 379
305 368
305 640
306 913
306 698
306 650
306 655
306 416
306 992
306 700
306 724
306 616
306 772
306 701
306 767
307 898
307 988
307 415
307 322
307 671
307 695
307 911
307 307
307 555
307 784
307 502
307 973
307 828
307 879
307 334
308 730
308 529
308 805
308 876
308 702
308 360
308 446
308 504
308 992
308 995
309 401
309 946
309 947
309 580
309 737
309 405
309 862
309 879
309 577
309 835
309 571
309 521
309 557
309 974
310 960
310 327
310 700
310 669
310 788
310 727
310 900
310 378
310 446
310 708
311 877
311 809
311 528
311 799
311 325
311 991
312 992
312 824
312 623
312 908
312 815
312 811
312 641
312 716
312 377
312 825
312 800
312 387
312 964
312 727
312 793
313 898
313 933
313 686
313 437
313 441
313 622
313 409
313 313
313 846
313 594
313 388
313 432
313 420
313 356
313 336
313 783
313 973
313 367
313 782
313 859
313 478
313 491
313 440
313 545
313 321
313 888
313 727
313 912
313 602
313 452
313 481
313 828
313 807
314 388
314 686
314 441
314 318
314 594
314 337
314 893
314 587
314 795
314 780
314 846
314 895
314 469
314 772
314 917
315 605
315 385
315 561
315 597
315 728
315 610
315 725
315 871
315 851
315 494
315 848
315 722
315 730
315 466
315 404
315 991
316 618
316 392
316 652
316 429
316 567
316 700
316 901
316 856
316 935
316 467
316 845
316 650
316 416
316 554
316 542
316 702
316 572
316 714
317 881
317 917
317 663
317 949
317 893
317 908
317 810
317 721
317 320
318 898
318 409
318 686
318 432
318 602
318 489
318 507
318 620
318 320
319 559
319 554
319 487
319 580
319 424
319 616
319 997
319 434
319 530
319 702
319 853
319 379
319 475
320 929
320 551
320 787
320 475
320 663
320 684
320 692
320 378
320 917
320 943
320 453
320 452
320 855
320 363
320 957
320 755
320 344
320 987
320 579
320 893
320 485
321 904
321 401
321 611
321 352
321 404
321 791
321 836
322 436
322 669
322 629
322 323
322 699
322 781
322 367
322 698
322 961
322 455
322 689
322 338
322 591
322 895
322 659
322 358
322 442
322 672
322 984
322 935
322 810
322 552
322 502
322 865
322 587
322 864
322 509
322 941
322 375
322 568
322 877
322 853
322 483
322 588
322 955
322 452
322 760
322 523
322 449
322 404
322 381
322 840
322 888
323 383
323 672
323 436
323 442
323 949
323 396
323 948
323 505
323 452
323 338
323 853
323 789
324 803
324 509
324 820
324 845
324 369
324 557
324 695
324 950
324 596
324 798
324 748
325 424
325 528
325 772
325 798
325 784
325 802
325 570
325 940
325 646
325 749
325 370
325 678
325 836
325 439
325 954
325 879
325 331
325 515
325 883
325 851
325 347
325 736
325 895
325 970
326 849
326 745
326 584
326 396
327 411
327 774
327 535
327 927
327 674
327 690
327 857
327 346
327 563
327 672
327 441
327 987
327 786
327 966
327 827
327 511
328 480
328 481
328 623
328 813
328 566
328 963
329 901
329 676
329 496
329 492
329 725
329 394
329 783
329 858
329 590
329 583
330 658
330 442
330 832
330 777
330 910
330 760
330 895
330 991
331 862
331 877
331 649
331 660
331 353
331 811
331 849
331 528
331 970
331 747
331 977
331 974
332 539
332 795
332 543
332 536
332 624
332 590
332 828
332 765
332 827
332 791
332 463
332 801
332 446
333 441
333 517
333 391
333 913
333 559
333 700
333 775
333 486
333 406
333 404
333 368
333 958
334 689
334 466
334 389
334 787
334 748
334 444
334 840
334 583
334 740
334 639
334 893
334 608
335 438
335 624
335 770
335 417
335 801
335 571
335 713
335 586
335 746
335 428
335 730
335 744
335 851
335 823
336 898
336 653
336 432
336 856
336 439
336 602
336 589
336 929
336 484
336 473
337 938
337 479
337 774
337 927
337 666
337 976
337 349
337 477
337 660
338 742
338 415
338 669
338 338
338 552
338 629
338 672
338 591
338 699
338 498
338 832
338 442
338 779
338 844
338 854
338 661
338 499
338 895
338 549
339 432
339 563
339 617
339 918
339 643
339 787
339 917
339 534
340 391
340 820
340 502
340 903
340 400
340 549
340 733
340 746
341 775
341 745
341 472
341 402
341 497
342 754
342 411
342 774
342 638
342 526
342 571
342 466
342 608
342 879
342 793
343 421
343 780
343 649
343 865
343 368
343 896
343 714
343 860
344 790
344 677
344 452
344 885
344 774
344 349
344 742
344 689
344 833
344 571
345 385
345 401
345 561
345 456
345 662
345 993
346 437
346 690
346 569
346 605
346 887
346 781
346 379
346 623
346 745
346 964
346 402
347 777
347 927
347 617
347 401
347 824
347 456
347 597
347 730
347 952
347 604
347 349
347 467
347 600
348 432
348 563
348 520
348 650
348 414
348 776
348 640
348 864
348 379
348 896
349 716
349 733
349 912
349 881
349 711
349 922
349 980
349 857
349 676
349 774
349 901
349 424
349 773
349 515
349 443
349 508
349 706
349 740
349 617
349 661
349 510
349 365
349 598
349 608
350 846
350 774
350 674
350 690
350 762
350 373
350 696
350 858
350 458
350 854
351 898
351 819
351 637
351 674
351 666
351 837
351 866
351 974
351 700
351 845
351 970
351 930
352 912
352 913
352 899
352 357
352 620
352 522
352 612
352 745
352 352
352 803
352 532
352 822
352 367
352 895
353 496
353 913
353 908
353 522
353 534
353 637
353 963
353 872
353 620
353 529
353 958
353 608
354 900
354 737
354 367
354 404
354 792
354 802
354 970
354 671
354 764
354 381
354 680
355 816
355 897
355 647
355 548
355 481
355 669
355 871
355 478
355 730
356 479
356 432
356 819
356 720
356 837
356 661
356 382
356 851
356 366
356 650
356 521
356 419
356 566
357 516
357 908
357 660
357 508
357 620
357 357
357 497
357 376
357 716
357 474
357 669
357 934
357 750
358 532
358 906
358 781
358 696
358 760
358 374
358 945
358 669
358 883
358 654
358 891
358 551
358 505
358 446
358 910
358 427
358 594
358 981
358 367
358 725
358 417
358 890
359 720
359 978
359 809
359 554
359 577
359 835
359 853
359 873
359 481
359 627
359 902
359 386
359 571
359 393
359 379
359 612
360 532
360 674
360 452
360 969
360 847
360 873
360 551
360 975
360 724
360 473
360 732
360 574
360 378
360 905
361 443
361 516
361 977
361 991
361 584
361 768
362 786
362 416
362 593
362 817
362 435
362 955
362 828
362 614
362 990
363 936
363 683
363 567
363 625
363 675
363 917
363 643
363 714
364 561
364 641
364 865
364 643
364 787
364 663
364 579
364 759
365 853
365 459
365 413
365 779
365 452
366 515
366 520
366 366
366 470
366 877
366 383
366 775
366 394
366 954
366 478
366 786
366 768
366 726
366 750
366 822
366 832
366 755
366 556
366 397
366 727
366 572
366 683
366 751
366 983
366 965
366 734
366 367
366 673
367 550
367 415
367 552
367 696
367 781
367 367
367 669
367 935
367 984
367 737
367 779
367 954
367 903
367 381
367 601
367 819
367 751
367 760
367 414
367 964
368 391
368 669
368 833
368 955
368 828
368 865
368 848
368 564
368 560
368 983
368 657
368 473
368 598
368 911
368 723
368 899
368 514
368 931
368 742
368 623
368 521
368 626
368 914
368 767
369 525
369 540
369 801
369 936
369 464
369 400
369 572
370 387
370 862
370 501
370 772
370 836
370 570
370 948
370 383
370 658
371 676
371 773
371 930
371 806
371 551
371 813
371 490
371 425
371 747
372 515
372 794
372 506
372 934
372 385
372 677
372 824
372 667
372 573
373 856
373 984
373 414
373 418
373 809
373 947
373 477
373 616
373 620
373 678
373 893
373 827
374 781
374 669
374 415
374 698
374 500
374 671
374 772
374 714
374 890
375 432
375 700
375 520
375 693
375 571
375 713
375 524
376 602
376 674
376 456
376 722
376 730
376 993
376 459
376 620
376 695
376 473
377 691
377 734
377 415
377 455
377 854
377 766
377 929
377 724
377 510
377 762
377 601
377 427
377 706
377 760
377 556
378 644
378 431
378 688
378 414
378 911
378 712
378 893
379 794
379 753
379 734
379 750
379 946
379 577
379 835
379 503
379 502
379 413
379 477
379 418
379 554
379 459
379 454
379 868
379 738
379 685
379 864
379 606
379 448
379 664
379 662
379 983
379 404
379 408
379 506
379 802
379 397
379 781
379 800
379 481
379 615
380 906
380 695
380 921
380 759
380 684
380 640
380 708
380 893
381 846
381 382
381 628
381 528
381 784
381 570
381 630
381 687
381 793
381 385
381 667
381 485
381 501
382 388
382 411
382 432
382 819
382 846
382 602
382 862
382 637
382 574
382 686
382 622
382 594
382 994
382 389
382 896
382 882
382 601
382 689
382 870
382 489
382 442
382 833
382 561
382 620
382 412
383 665
383 842
383 768
383 478
383 520
383 877
383 472
383 988
383 547
383 815
383 856
383 421
383 954
383 470
383 742
383 730
383 916
383 667
383 880
383 460
383 673
384 429
384 721
384 987
384 384
384 611
384 802
384 407
384 443
384 957
384 526
384 571
384 466
385 391
385 456
385 896
385 819
385 870
385 422
385 697
385 401
385 413
385 497
385 549
385 528
385 570
385 636
385 963
386 567
386 982
386 855
386 843
386 660
386 782
386 631
386 620
386 393
386 765
386 812
386 516
386 908
386 542
386 849
386 612
386 949
387 898
387 637
387 510
387 686
387 432
387 437
387 846
387 436
387 910
387 425
387 911
387 643
387 787
388 622
388 602
388 898
388 541
388 727
388 669
388 547
388 401
388 933
388 432
388 846
388 489
388 667
389 579
389 428
389 928
389 994
389 431
389 809
389 615
389 968
389 861
389 958
390 463
390 785
390 470
390 648
390 592
390 473
390 640
390 714
390 977
390 869
390 888
390 890
391 391
391 740
391 913
391 972
391 816
391 396
391 737
391 429
391 779
391 976
391 851
391 932
391 465
391 988
391 945
391 528
391 721
391 739
391 547
391 527
391 970
391 648
391 406
391 595
391 914
391 448
391 580
391 845
391 821
391 995
391 931
392 409
392 932
392 763
392 806
392 525
392 516
392 660
392 404
392 931
392 565
393 451
393 729
393 818
393 523
393 671
393 952
393 984
393 783
393 532
393 751
393 868
393 562
393 467
393 483
393 410
394 520
394 904
394 954
394 981
394 561
394 407
394 501
394 611
394 695
395 512
395 778
395 803
395 846
395 994
395 800
395 968
395 517
395 452
395 456
395 929
395 621
396 517
396 972
396 856
396 988
396 596
396 944
396 785
396 429
396 477
396 586
396 917
396 583
396 412
396 446
397 489
397 877
397 571
397 524
397 531
397 534
397 962
397 749
397 971
397 767
397 788
397 796
397 612
397 745
397 620
397 764
397 644
398 517
398 500
398 899
398 969
398 724
398 821
398 714
398 547
398 425
398 942
399 885
399 401
399 516
399 863
399 855
399 620
399 781
399 997
399 849
399 497
399 837
400 677
400 438
400 667
400 648
400 656
400 445
400 880
400 400
400 762
400 701
400 941
400 581
400 505
400 691
400 406
400 557
400 991
401 728
401 638
401 626
401 910
401 902
401 722
401 456
401 739
401 875
401 971
401 953
401 824
401 561
401 958
401 505
401 641
401 990
401 480
401 687
401 717
401 435
401 756
401 820
401 416
401 801
401 471
402 552
402 519
402 657
402 615
402 896
402 495
402 804
402 491
402 443
402 826
402 540
402 827
402 714
402 977
402 596
402 990
402 888
403 989
403 674
403 498
403 899
403 858
403 491
403 857
403 550
403 416
403 929
404 745
404 837
404 528
404 792
404 646
404 791
404 678
404 556
404 670
404 749
404 439
404 592
404 802
404 772
404 404
404 978
404 870
404 468
404 873
404 783
404 571
404 964
404 459
404 500
404 812
404 988
404 836
404 896
405 480
405 690
405 904
405 644
405 876
405 828
405 598
405 614
405 673
406 818
406 722
406 648
406 656
406 804
406 679
406 942
406 450
406 937
406 445
406 966
406 727
406 504
406 662
406 881
406 659
406 550
406 980
406 610
406 424
406 609
406 901
406 874
406 838
406 516
406 964
407 686
407 637
407 677
407 861
407 620
407 792
407 593
407 500
407 706
407 752
407 499
407 670
407 772
407 630
407 583
408 998
408 589
408 617
408 447
408 620
408 886
408 802
408 917
408 475
409 637
409 420
409 755
409 653
409 518
409 585
409 915
409 686
409 437
409 858
410 700
410 481
410 899
410 650
410 918
410 766
410 667
410 510
410 812
410 605
410 933
410 416
410 929
410 985
410 648
410 695
411 751
411 574
411 441
411 755
411 898
411 933
411 420
411 564
411 844
411 480
411 967
411 686
411 602
411 667
411 501
411 849
411 837
411 475
412 969
412 673
412 565
412 935
412 799
412 680
413 803
413 818
413 809
413 853
413 490
414 794
414 606
414 580
414 454
414 459
414 997
414 427
414 859
414 983
414 590
414 540
414 809
414 880
415 441
415 658
415 672
415 415
415 436
415 945
415 669
415 935
415 629
415 552
415 500
415 591
415 442
415 883
415 698
415 721
415 895
415 925
415 499
415 604
415 555
415 530
415 503
415 967
415 573
415 495
415 854
415 712
415 808
415 984
415 760
415 931
416 783
416 839
416 918
416 491
416 510
416 808
416 724
416 682
416 703
416 501
416 858
416 916
416 766
416 969
416 664
416 416
416 658
416 762
416 590
416 690
416 430
416 752
416 532
416 472
416 850
416 891
416 587
416 814
416 804
416 929
416 592
416 575
416 673
417 432
417 789
417 526
417 540
417 654
417 855
417 936
417 571
417 985
417 538
418 500
418 510
418 554
418 951
418 418
418 675
418 519
418 459
418 587
418 728
418 508
418 626
418 874
418 747
418 502
418 879
418 767
419 618
419 429
419 965
419 723
419 516
419 940
419 578
419 597
419 929
419 551
419 995
419 757
419 538
420 898
420 862
420 709
420 691
420 989
420 431
420 608
420 887
420 642
420 819
420 443
420 602
420 743
420 722
421 512
421 776
421 794
421 545
421 479
421 885
421 901
421 750
421 693
421 431
421 555
422 743
422 623
422 861
422 573
422 571
422 593
422 506
422 783
422 466
422 985
423 655
423 903
423 551
423 813
423 581
423 613
423 598
423 473
423 615
424 762
424 892
424 873
424 532
424 809
424 580
424 853
424 738
424 865
425 915
425 812
425 529
425 495
425 576
425 975
425 579
425 708
426 790
426 543
426 451
426 671
426 666
426 456
426 589
426 489
426 980
426 857
426 954
426 469
426 903
426 806
426 852
427 601
427 470
427 897
427 739
427 722
427 427
427 462
427 475
427 689
427 561
427 571
427 924
427 830
428 489
428 993
428 529
428 823
428 893
428 767
429 988
429 785
429 447
429 851
429 694
429 816
429 932
429 559
429 867
429 813
429 793
429 675
429 884
429 575
429 877
429 759
429 700
429 972
429 528
429 566
430 532
430 938
430 991
430 474
430 711
431 933
431 447
431 842
431 436
431 787
431 583
431 893
431 511
431 555
432 541
432 637
432 819
432 898
432 862
432 720
432 613
432 755
432 686
432 594
432 574
432 602
432 443
432 933
432 712
432 618
432 895
432 803
432 902
432 467
432 753
432 703
432 740
432 922
432 496
432 700
432 551
433 846
433 602
433 465
433 936
433 722
433 826
433 985
433 849
433 521
433 939
434 785
434 993
434 801
434 936
434 614
434 693
434 942
434 888
435 720
435 470
435 903
435 911
435 538
435 879
435 970
435 948
435 768
435 756
435 572
436 906
436 781
436 658
436 832
436 500
436 945
436 442
436 883
436 875
436 912
436 707
436 731
436 468
436 763
436 514
436 568
436 452
436 498
436 648
437 613
437 755
437 933
437 709
437 637
437 862
437 574
437 541
437 622
437 602
437 686
437 896
437 584
437 707
437 871
437 757
437 625
437 790
437 627
437 475
437 640
437 846
437 594
437 451
437 617
437 649
437 797
437 460
437 977
437 680
438 777
438 790
438 762
438 465
438 582
438 451
438 589
438 489
438 624
438 654
438 663
439 507
439 696
439 940
439 903
439 518
439 946
439 970
439 444
440 948
440 744
440 465
440 569
440 494
440 643
440 995
440 609
440 540
440 713
441 686
441 989
441 691
441 833
441 708
441 522
442 832
442 452
442 591
442 510
442 652
442 964
442 995
442 605
442 931
442 505
442 455
442 548
442 630
442 975
442 905
443 686
443 709
443 691
443 443
443 884
443 850
443 873
443 708
443 690
444 569
444 474
444 783
444 930
444 787
444 823
444 596
444 475
444 767
445 902
445 581
445 985
445 460
446 774
446 538
446 566
446 555
446 569
446 646
446 572
447 539
447 913
447 700
447 923
447 898
447 761
447 988
447 730
447 956
447 801
448 624
448 829
448 750
448 809
448 662
448 863
448 477
448 864
448 849
449 540
449 789
449 738
449 958
449 827
450 605
450 477
450 942
450 456
450 719
450 837
450 727
451 900
451 665
451 677
451 959
451 795
451 451
451 777
451 551
451 902
451 459
451 718
451 480
451 871
451 490
451 708
452 906
452 658
452 696
452 698
452 721
452 781
452 895
452 672
452 945
452 591
452 552
452 629
452 903
452 916
452 843
452 639
452 459
452 982
452 711
452 921
452 761
452 758
452 760
452 588
452 907
453 617
453 853
453 792
453 787
453 578
453 457
453 476
453 940
453 893
453 807
454 506
454 972
454 835
454 554
454 933
454 671
454 668
454 762
454 738
454 502
454 908
454 771
454 684
454 692
454 896
455 867
455 698
455 649
455 578
455 760
455 869
456 617
456 597
456 971
456 626
456 585
456 722
456 725
456 848
456 605
456 899
456 792
456 949
456 845
456 993
456 793
457 850
457 905
457 911
457 657
457 865
458 652
458 567
458 737
458 968
458 524
458 921
458 680
459 722
459 809
459 641
459 614
459 979
459 695
459 848
460 720
460 760
460 656
460 791
460 931
460 714
460 892
460 874
460 977
461 666
461 710
461 907
461 914
461 668
461 931
461 586
461 637
461 741
461 751
461 977
461 888
462 483
462 801
462 634
462 957
462 670
462 722
462 970
462 612
462 663
463 795
463 589
463 753
463 743
463 624
463 986
463 539
463 736
463 489
463 812
463 692
463 964
463 847
463 568
463 902
463 658
463 699
463 480
463 845
463 597
463 918
463 950
463 893
464 846
464 799
464 673
464 708
464 517
465 517
465 785
465 913
465 932
465 559
465 700
465 903
465 651
465 806
465 585
465 856
465 523
465 483
465 561
465 797
465 571
465 516
465 865
466 927
466 839
466 693
466 571
466 705
466 985
466 987
466 611
466 484
466 649
466 797
466 466
466 957
466 536
466 790
466 485
466 703
466 498
466 643
466 528
467 618
467 671
467 562
467 697
467 897
467 647
467 833
467 780
467 518
467 765
467 527
467 930
467 896
467 729
467 741
467 979
467 908
467 678
467 719
468 691
468 932
468 700
468 657
468 955
468 555
468 896
469 571
469 586
469 693
469 987
469 634
469 894
469 928
469 985
469 745
469 648
469 784
469 963
470 816
470 954
470 887
470 904
470 842
470 981
470 999
470 734
470 965
470 478
470 925
470 645
470 472
470 992
470 775
470 810
470 830
470 691
470 956
470 589
470 921
470 667
470 689
470 480
470 621
470 705
470 932
470 742
470 946
470 853
470 576
471 816
471 529
471 975
471 755
471 582
472 617
472 474
472 520
472 734
472 759
473 616
473 649
473 620
473 679
473 911
473 828
473 598
473 614
473 572
473 654
473 999
473 541
473 840
473 811
473 855
473 615
473 735
473 974
474 913
474 856
474 972
474 567
474 694
474 687
474 499
474 749
474 618
474 503
474 597
474 727
474 905
474 890
475 663
475 575
475 579
475 840
475 787
475 921
475 943
475 949
475 826
475 555
475 594
475 493
475 708
476 907
476 673
476 566
476 576
477 512
477 589
477 809
477 554
477 853
477 580
477 685
477 487
477 947
477 634
477 581
477 603
477 701
477 747
477 655
477 817
478 978
478 721
478 685
478 543
478 741
478 837
479 938
479 998
479 532
479 715
479 776
479 482
479 644
479 999
479 991
479 665
479 689
479 724
480 812
480 736
480 681
480 885
480 677
480 900
480 589
480 509
480 601
480 959
480 960
480 811
480 663
480 844
480 827
480 952
480 998
480 567
480 762
480 742
480 999
480 897
480 908
481 677
481 897
481 671
481 818
481 731
481 486
481 825
481 763
481 523
481 562
481 889
481 833
481 952
481 746
481 937
481 883
481 607
481 814
481 785
481 762
481 563
481 766
481 853
481 949
481 673
482 803
482 625
482 632
482 948
482 514
482 635
482 685
482 659
482 754
482 856
482 903
483 744
483 897
483 671
483 548
483 635
483 769
483 523
483 833
483 854
483 641
483 536
483 508
483 954
483 703
483 751
483 910
483 888
483 708
484 563
484 913
484 947
484 540
484 826
484 571
484 957
484 733
484 718
484 712
484 596
485 517
485 954
485 827
485 977
485 587
485 735
485 608
485 504
485 510
485 755
485 945
485 889
486 897
486 671
486 704
486 889
486 833
486 952
486 576
486 526
486 708
487 825
487 809
487 946
487 947
487 738
487 524
487 830
488 806
488 830
488 654
489 794
489 677
489 589
489 795
489 986
489 509
489 812
489 601
489 639
489 489
489 536
489 960
489 762
489 624
489 714
489 859
489 923
489 992
489 530
489 496
489 895
489 780
489 993
490 637
490 624
490 899
490 995
490 576
490 813
490 975
490 490
490 663
490 913
490 876
490 957
491 653
491 825
491 650
491 929
491 982
491 839
491 783
491 770
491 515
491 989
491 879
491 952
491 709
492 898
492 695
492 970
492 575
492 893
493 714
493 869
493 494
493 974
493 888
494 506
494 913
494 559
494 877
494 598
495 637
495 837
495 767
495 896
495 714
495 977
496 774
496 927
496 674
496 716
496 617
496 544
496 891
496 948
496 507
496 588
496 935
496 747
497 733
497 659
497 722
497 745
497 559
497 696
497 900
497 886
498 781
498 935
498 637
498 951
498 500
498 760
498 908
499 848
499 680
499 742
499 860
500 591
500 721
500 500
500 984
500 838
500 620
500 549
500 880
500 724
500 849
500 917
501 734
501 650
501 929
501 839
501 969
501 543
502 809
502 979
502 853
502 738
502 606
502 856
502 972
502 591
502 637
502 617
502 651
502 624
502 595
503 642
503 553
503 563
503 575
504 639
504 929
504 586
504 903
504 687
504 966
504 662
504 695
504 726
504 879
504 913
504 709
504 670
504 935
505 515
505 671
505 548
505 805
505 942
505 717
505 511
506 512
506 776
506 915
506 938
506 948
506 794
506 912
506 621
506 986
506 537
506 644
507 786
507 965
507 656
507 894
507 722
507 573
507 620
507 784
507 974
508 809
508 853
508 660
508 788
508 612
508 598
509 900
509 536
509 677
509 630
509 604
509 934
509 639
510 779
510 913
510 923
510 664
510 650
510 969
510 655
510 963
510 761
510 868
510 538
510 990
511 757
511 827
511 841
511 714
511 977
511 650
512 944
512 533
512 515
512 794
512 632
512 545
512 625
512 778
512 619
512 776
512 844
512 643
512 980
512 919
512 824
512 989
512 560
512 737
512 663
512 639
512 696
512 787
512 575
513 549
513 683
513 975
513 667
513 593
513 620
513 529
513 813
513 995
514 887
514 837
514 674
514 954
514 965
514 750
514 780
514 685
514 788
515 527
515 803
515 744
515 778
515 533
515 520
515 603
515 872
515 582
515 915
515 998
515 856
515 818
515 813
515 827
516 686
516 554
516 796
516 620
516 660
516 863
516 843
516 745
516 962
516 534
516 542
516 531
516 855
516 516
516 849
516 800
516 908
516 532
516 909
516 773
516 939
516 603
516 567
516 937
516 903
516 522
516 886
517 816
517 661
517 923
517 972
517 851
517 525
517 652
517 932
517 913
517 867
517 561
517 815
517 519
517 871
517 707
517 668
517 700
517 856
517 889
517 724
517 577
517 937
517 663
518 794
518 686
518 656
518 747
518 841
518 977
518 991
519 969
519 858
519 656
519 850
519 577
519 896
520 775
520 742
520 645
520 978
520 992
520 750
520 954
520 887
520 804
520 530
520 535
520 566
520 762
520 693
520 850
520 667
520 965
520 657
520 582
521 733
521 571
521 903
521 648
521 909
521 547
521 924
521 606
521 695
521 964
522 677
522 885
522 809
522 652
522 958
523 523
523 965
523 835
523 548
523 818
523 833
523 650
523 571
523 848
524 704
524 997
524 843
524 531
524 918
524 641
524 886
525 541
525 709
525 972
525 923
525 856
526 780
526 847
526 634
526 605
526 666
526 713
526 964
527 998
527 944
527 778
527 948
527 878
527 961
527 532
527 794
527 619
527 754
527 801
527 852
528 929
528 802
528 919
528 710
528 570
528 592
528 630
528 749
528 792
528 646
528 556
528 593
528 867
528 703
528 845
528 716
528 649
528 571
528 626
528 940
529 980
529 650
529 830
529 588
529 551
529 926
529 775
529 559
529 806
530 686
530 899
530 886
530 603
530 802
530 940
530 836
531 763
531 969
531 908
531 788
531 620
531 813
531 588
531 572
532 778
532 944
532 803
532 732
532 545
532 934
532 882
532 854
533 632
533 866
533 750
533 803
533 637
533 743
533 658
534 897
534 908
534 871
534 856
534 966
534 808
534 834
534 788
534 843
534 849
535 960
535 901
535 690
535 857
535 629
535 717
535 644
535 922
535 676
535 829
535 711
535 716
535 767
535 991
536 539
536 915
536 782
536 700
536 677
536 779
536 552
536 667
536 837
536 621
536 860
536 799
537 762
537 650
537 724
537 729
537 714
537 904
537 667
537 772
538 548
538 725
538 657
538 644
538 615
538 598
538 538
538 853
538 732
538 817
539 777
539 790
539 543
539 539
539 681
539 561
539 926
539 978
539 877
539 575
539 622
539 812
539 589
539 624
539 885
539 609
539 837
540 729
540 741
540 814
540 797
540 987
540 826
540 870
540 735
540 938
540 896
540 908
540 571
540 792
541 898
541 624
541 718
541 837
541 935
541 543
541 723
541 977
542 829
542 567
542 850
542 760
543 900
543 753
543 618
543 766
543 861
543 677
543 885
543 762
543 954
543 695
544 774
544 857
544 972
544 741
544 674
544 676
544 649
544 583
545 938
545 878
545 649
545 585
545 647
545 759
545 868
545 833
545 730
545 990
545 991
546 681
546 650
546 858
546 999
546 969
546 570
546 977
547 559
547 700
547 783
547 557
547 964
547 837
547 600
547 582
548 897
548 769
548 752
548 729
548 704
548 825
548 889
548 671
548 635
548 833
548 595
548 708
548 964
548 588
548 745
548 944
548 643
548 622
548 739
548 749
548 818
548 807
548 565
549 577
549 826
549 648
549 815
549 727
549 937
549 698
549 814
549 964
550 550
550 980
550 857
550 922
550 666
550 912
550 553
550 863
550 947
550 916
550 713
550 829
550 605
550 865
551 776
551 950
551 578
551 581
551 701
551 834
551 702
551 813
551 879
551 988
551 865
551 966
551 638
551 659
551 963
551 603
552 915
552 906
552 672
552 961
552 629
552 669
552 837
552 715
552 576
552 950
552 804
552 696
552 693
552 586
553 589
553 927
553 674
553 768
553 740
553 617
553 942
553 995
553 582
554 742
554 984
554 809
554 737
554 787
554 760
554 853
554 738
555 898
555 993
555 773
555 579
555 673
555 807
555 695
555 708
556 690
556 792
557 790
557 903
557 942
557 695
557 584
557 937
557 943
557 887
557 807
557 594
557 610
557 588
557 629
557 712
558 790
558 856
558 832
558 752
558 962
558 722
558 942
558 575
558 608
559 913
559 856
559 661
559 923
559 559
559 785
559 700
559 606
559 725
559 625
559 689
559 869
560 819
560 905
560 654
560 911
560 640
561 602
561 742
561 638
561 561
561 875
561 850
561 819
561 806
561 613
561 722
561 964
561 990
562 832
562 704
562 731
562 854
562 769
562 852
562 686
562 615
562 892
562 791
562 889
562 843
563 803
563 715
563 754
563 922
563 927
563 674
563 690
563 912
563 780
563 569
563 716
563 617
563 818
564 677
564 672
564 836
564 975
564 911
564 657
564 828
564 983
564 615
564 692
565 770
565 811
565 807
565 680
565 726
565 627
565 727
566 690
566 893
566 841
566 799
566 673
566 680
566 566
566 634
566 958
566 606
566 936
566 885
566 990
567 913
567 567
567 816
567 851
567 785
567 831
567 803
567 793
567 866
567 700
567 955
568 900
568 752
568 730
568 787
568 823
569 624
569 774
569 927
569 690
569 711
569 944
569 872
569 668
569 748
569 977
569 708
570 792
570 940
570 679
571 713
571 789
571 604
571 861
571 761
571 814
571 693
571 611
571 987
571 628
571 720
571 732
571 658
571 589
571 695
571 614
571 879
572 626
572 657
572 817
572 718
572 798
572 865
572 615
573 867
573 821
573 936
573 693
573 889
573 766
573 962
573 662
574 898
574 653
574 933
574 686
574 819
574 720
574 742
574 770
574 675
574 701
574 949
574 799
575 783
575 663
575 793
575 823
575 893
575 971
575 579
576 904
576 833
576 783
576 788
576 773
576 879
576 987
576 840
576 800
576 785
577 589
577 954
577 809
577 616
577 853
577 847
577 868
577 997
577 998
577 770
577 726
577 941
577 620
578 658
578 698
578 783
578 806
579 774
579 580
579 787
579 663
579 793
579 692
579 684
579 893
579 994
579 949
579 783
579 657
579 693
579 612
579 686
579 909
579 639
580 777
580 809
580 616
580 847
580 606
580 882
580 793
580 958
580 664
580 853
580 911
581 617
581 809
581 964
581 880
582 913
582 742
582 667
582 615
582 896
582 827
582 666
582 927
582 882
582 991
583 856
583 787
583 958
583 663
583 583
584 829
584 873
584 964
584 837
584 727
584 830
585 686
585 910
585 845
585 730
585 849
585 793
586 667
586 929
586 801
587 896
587 827
587 967
587 977
587 990
587 888
588 930
588 859
588 837
588 873
588 921
588 995
589 677
589 812
589 736
589 681
589 795
589 762
589 601
589 649
589 973
589 764
589 923
589 879
589 699
589 818
589 752
589 935
589 853
590 818
590 788
590 654
590 911
590 766
590 865
591 794
591 812
591 906
591 699
591 813
592 674
592 626
592 792
592 791
592 996
592 772
592 828
592 631
592 659
592 854
592 630
592 595
593 846
593 946
593 792
593 967
593 763
593 764
594 682
594 818
594 772
595 925
595 734
595 693
595 985
595 799
595 673
595 807
595 974
595 938
596 931
596 769
596 888
596 890
597 819
597 789
597 709
597 730
597 836
597 822
598 911
598 657
598 654
598 712
598 689
598 821
598 674
598 614
598 747
599 774
599 674
599 690
599 716
599 617
599 834
600 964
600 750
600 830
600 611
600 890
600 792
600 975
600 876
601 960
601 618
601 959
601 624
601 639
601 850
601 674
601 628
601 743
601 885
601 711
601 929
601 997
601 893
602 898
602 819
602 846
602 720
602 933
602 989
602 751
602 862
602 653
602 739
602 926
602 646
602 799
602 679
602 812
602 763
602 637
602 711
602 809
603 995
603 876
603 787
603 896
603 827
603 642
604 882
604 801
604 826
604 928
605 774
605 716
605 922
605 825
605 817
606 853
606 716
606 616
606 746
607 762
607 639
607 802
607 995
607 828
607 977
608 671
608 809
608 801
608 844
608 640
608 931
608 827
608 977
608 990
608 608
608 928
608 880
608 937
608 951
609 647
609 956
609 740
609 993
609 918
609 614
609 888
610 922
610 910
610 845
610 722
610 725
610 730
610 993
610 828
611 972
611 649
611 789
611 801
611 985
611 692
611 911
611 888
612 908
612 660
612 788
612 871
612 620
612 927
612 851
612 890
612 831
612 685
613 898
613 653
613 862
613 690
613 863
613 829
613 742
613 699
613 888
614 993
614 628
614 654
614 828
614 746
614 865
614 879
614 852
614 848
614 809
614 873
614 641
614 867
614 851
614 669
614 724
615 725
615 964
615 911
615 865
615 733
615 866
615 737
615 879
616 677
616 809
616 738
616 947
616 726
616 918
616 633
616 826
616 657
616 746
617 666
617 674
617 676
617 891
617 912
617 927
617 881
617 857
617 901
617 733
617 874
617 838
617 926
617 921
617 910
617 943
617 899
617 916
617 837
618 677
618 665
618 885
618 984
618 648
619 794
619 778
619 632
619 998
619 977
619 859
619 865
619 703
619 959
619 915
619 777
619 972
619 997
619 660
619 995
620 873
620 788
620 849
620 863
620 631
620 871
620 796
620 855
620 886
620 843
620 745
620 936
620 832
620 779
620 825
620 945
620 931
620 687
621 648
621 791
621 630
621 859
621 955
621 827
622 653
622 686
622 626
622 895
622 693
622 995
622 807
623 667
623 801
623 693
623 985
623 664
623 909
624 790
624 677
624 681
624 762
624 624
624 825
624 732
624 806
624 751
624 916
624 896
624 734
624 809
624 631
625 794
625 754
625 915
625 944
625 747
625 818
625 722
625 742
625 658
626 674
626 949
626 989
626 675
626 958
627 704
627 820
627 824
627 993
627 886
627 714
628 922
628 825
628 649
628 801
628 791
628 636
628 991
629 935
629 672
629 766
629 892
629 992
629 772
629 916
629 910
629 693
629 641
629 764
629 869
630 794
630 886
630 784
630 970
630 678
630 708
630 936
630 762
630 990
630 764
631 908
631 660
631 989
631 760
631 828
632 807
632 973
632 925
632 853
632 802
633 856
633 646
633 708
633 642
633 753
633 924
633 682
633 679
634 677
634 992
634 892
634 801
634 936
634 667
634 806
634 859
634 787
634 893
635 635
635 690
635 783
635 880
635 679
635 806
635 911
636 998
636 999
636 906
636 993
636 865
636 805
637 898
637 720
637 862
637 709
637 637
637 660
637 815
637 710
637 958
637 930
638 824
638 730
638 993
638 870
638 772
638 958
638 893
638 719
639 790
639 677
639 959
639 743
639 988
639 792
639 806
639 859
639 893
639 977
640 650
640 964
640 896
640 668
640 816
640 725
640 841
640 714
640 991
640 888
640 680
641 768
641 641
641 924
641 909
641 679
641 702
641 911
641 691
641 690
641 695
641 964
642 943
642 968
642 811
642 673
642 807
643 760
643 936
643 792
643 949
643 643
643 732
643 872
643 999
643 684
643 767
644 942
644 678
644 644
644 959
644 746
645 684
645 959
645 904
645 734
646 932
646 734
646 902
646 961
646 918
646 655
646 856
646 772
646 836
646 764
647 927
647 897
647 825
647 697
647 698
647 810
647 914
647 733
647 661
647 671
647 746
648 829
648 856
648 942
648 880
648 815
648 648
648 695
648 909
648 811
648 953
648 929
648 992
648 863
648 988
648 964
648 837
648 836
648 958
648 869
649 674
649 729
649 761
649 711
649 809
649 801
649 985
649 684
650 682
650 858
650 929
650 969
650 821
650 982
650 655
650 956
650 808
650 918
650 667
650 819
650 799
650 805
650 768
650 817
651 690
651 997
651 849
651 834
652 694
652 842
652 699
652 837
653 846
653 923
653 952
653 856
653 819
653 900
653 872
654 666
654 825
654 702
654 749
654 911
654 852
655 927
655 734
655 884
655 969
655 821
655 982
655 783
655 659
655 714
655 877
655 665
655 667
656 915
656 674
656 903
656 972
656 964
656 837
656 963
657 801
657 911
657 657
657 817
657 747
657 771
657 909
657 772
657 943
657 795
657 856
657 958
658 986
658 659
658 935
658 961
658 895
658 781
658 669
658 945
658 838
658 744
658 893
659 781
659 972
659 699
659 895
659 822
660 985
660 908
660 788
660 849
660 720
660 970
660 784
660 678
660 773
660 859
661 913
661 996
661 836
662 927
662 974
662 695
662 837
662 702
662 865
662 958
663 819
663 801
663 663
663 974
663 695
663 767
664 774
664 667
664 884
664 682
664 912
664 777
664 767
664 929
664 826
665 790
665 665
665 677
665 810
665 848
666 881
666 725
666 690
666 760
666 685
666 985
666 908
666 911
667 993
667 899
667 770
667 982
667 884
667 839
667 766
667 892
667 956
667 682
667 808
667 883
667 922
667 724
667 964
668 739
668 908
668 747
668 896
668 931
668 977
668 888
669 935
669 782
670 972
670 793
670 678
670 983
670 799
671 819
671 671
671 744
671 913
671 922
671 999
671 994
671 990
671 792
672 689
672 906
672 718
672 770
672 976
673 965
673 858
673 874
673 799
673 673
673 822
673 894
673 710
673 946
673 726
673 826
673 970
673 802
673 823
673 921
673 917
673 951
673 974
674 774
674 676
674 857
674 733
674 901
674 891
674 766
674 738
674 750
675 776
675 835
675 705
675 809
675 693
676 980
676 676
676 723
676 936
676 751
676 678
676 690
677 743
677 795
677 777
677 686
677 945
677 882
677 750
677 924
677 950
677 986
677 885
677 762
678 886
678 784
678 996
678 918
678 700
678 757
678 962
678 836
678 970
678 911
679 753
679 730
679 942
679 695
679 772
680 845
680 703
680 807
680 688
680 894
680 808
681 900
681 743
681 701
681 762
681 857
681 770
682 953
682 976
682 969
682 983
683 989
683 988
683 970
683 930
683 806
683 995
684 842
684 904
684 837
684 773
684 787
684 692
684 893
684 926
684 984
684 949
684 958
685 809
685 853
685 787
686 855
686 721
686 709
686 908
686 727
686 806
687 897
687 971
687 837
687 727
687 991
688 918
688 970
688 710
688 708
689 790
689 727
689 977
690 857
690 733
690 927
690 711
690 829
690 855
690 800
690 958
690 734
690 992
691 933
691 819
691 845
691 846
691 809
691 908
691 782
691 772
691 896
692 938
693 789
693 693
693 809
693 699
693 755
693 991
694 913
694 828
694 856
694 988
695 942
695 966
695 727
695 837
695 695
695 804
695 924
695 937
695 880
695 903
695 802
695 830
695 972
695 807
695 964
695 764
696 935
696 760
696 810
696 732
696 884
696 716
696 700
696 726
696 820
696 865
696 807
697 736
697 897
697 825
697 697
697 933
697 719
697 908
697 833
697 969
698 699
698 984
698 760
698 970
698 859
699 938
699 700
699 810
699 945
699 962
699 965
699 794
699 855
699 926
699 733
699 832
699 760
699 703
699 921
699 714
700 737
700 976
700 785
700 816
700 926
700 913
700 882
700 808
700 863
700 844
700 856
700 988
700 783
700 853
700 890
701 885
701 773
701 930
702 936
702 764
702 788
703 929
703 804
703 839
703 985
704 952
704 854
704 768
704 969
705 945
705 801
705 851
705 970
705 879
705 888
706 807
706 944
707 716
707 988
707 958
707 941
707 765
707 893
707 896
708 858
708 888
708 968
708 974
708 807
708 957
708 821
708 854
708 922
709 819
709 820
709 988
709 977
709 735
710 993
710 792
710 772
710 826
710 743
710 914
711 819
711 901
711 881
711 882
711 796
711 733
711 799
712 820
712 942
712 905
712 863
713 762
713 985
713 987
713 797
713 740
713 981
713 920
713 904
713 865
714 722
714 914
714 977
714 888
714 973
714 783
714 791
714 774
714 814
714 869
715 778
715 794
715 803
715 790
715 969
716 980
716 774
716 754
716 875
716 814
716 858
716 970
717 742
717 961
717 770
717 806
717 975
717 995
717 876
717 787
718 912
718 775
718 738
718 975
718 911
718 841
719 846
719 954
719 975
719 821
719 990
719 991
720 819
720 932
720 786
720 773
720 945
720 903
720 942
721 935
721 896
722 733
722 845
722 739
722 850
722 875
722 996
722 833
722 866
722 862
722 730
722 806
723 731
723 910
723 822
723 728
723 730
723 993
723 916
723 985
723 756
723 903
724 783
724 926
724 979
725 902
725 845
725 993
725 784
725 792
725 970
726 768
726 954
726 885
726 961
726 734
727 804
727 942
727 903
727 966
727 925
727 733
727 953
727 839
728 824
728 908
728 792
728 887
728 730
728 993
728 940
729 952
729 871
729 739
730 925
730 993
730 850
730 902
730 885
730 775
730 941
730 956
730 912
730 964
730 893
731 897
731 769
732 794
732 803
732 798
732 801
732 787
733 774
733 829
733 996
733 940
734 812
734 904
734 887
734 742
734 863
734 869
734 926
734 967
734 822
735 912
735 899
735 826
735 977
736 778
736 933
736 901
736 750
736 743
737 913
737 914
737 995
737 936
737 903
737 924
738 809
738 853
738 864
738 794
738 968
738 744
738 958
739 790
739 803
739 789
739 787
740 929
741 825
741 741
742 846
742 954
742 877
742 750
742 842
742 981
742 992
742 806
742 987
742 804
742 951
742 903
743 777
743 960
743 795
743 959
743 896
743 915
743 887
743 932
743 892
743 837
744 794
744 938
745 913
745 859
746 965
746 828
746 865
747 771
747 911
747 817
747 828
747 865
747 934
747 750
747 845
747 879
747 949
748 964
748 840
748 893
748 767
749 887
749 903
749 940
749 828
749 840
750 969
750 807
751 898
751 819
751 758
751 770
751 766
752 825
753 803
753 762
753 949
754 794
754 778
754 883
754 965
754 994
754 846
754 822
755 819
755 862
756 778
756 908
756 761
756 858
757 806
757 973
757 920
758 923
758 810
758 945
758 907
758 845
758 760
758 809
758 905
758 860
759 795
759 809
759 908
759 787
759 958
759 767
759 796
759 830
759 815
759 893
760 898
760 810
760 760
760 883
760 906
760 961
760 984
760 836
760 763
760 768
760 933
760 881
760 857
760 849
760 879
761 827
762 790
762 885
762 960
762 893
762 897
762 763
762 809
762 935
762 856
763 897
763 818
763 825
763 824
763 836
764 772
764 836
764 838
764 841
764 973
765 856
765 768
765 842
765 877
765 954
765 981
765 992
765 796
765 787
766 899
766 766
766 783
766 883
766 826
766 929
766 969
766 809
766 801
767 908
767 975
767 823
767 787
767 793
767 848
768 786
768 960
768 811
768 775
768 904
768 992
768 847
769 825
769 854
769 907
769 993
770 935
770 897
770 910
770 899
770 858
770 816
770 959
770 929
771 954
771 969
771 779
771 911
771 828
772 792
772 802
772 784
772 791
772 836
772 911
772 970
773 954
773 995
773 876
773 893
774 878
774 891
774 784
775 954
775 913
775 867
775 905
775 918
775 902
775 925
775 992
775 906
775 824
775 869
776 915
776 878
776 940
776 803
776 948
776 998
776 872
777 900
777 812
777 790
777 885
777 781
777 801
777 964
777 983
778 983
778 958
778 875
778 794
778 938
778 925
778 879
779 790
779 913
779 809
779 817
780 794
780 897
780 936
780 964
780 806
781 805
781 811
781 792
782 936
782 909
782 886
782 930
783 959
783 839
783 808
783 884
783 892
783 936
783 969
784 984
784 837
784 802
784 970
784 940
784 869
785 988
785 878
785 796
786 842
786 877
786 847
786 830
786 954
786 965
786 970
786 888
787 803
787 995
787 941
787 921
787 958
787 840
787 994
787 949
788 954
788 962
788 863
788 871
788 928
788 818
788 811
789 797
789 936
789 826
790 885
790 877
790 979
790 795
790 913
790 974
791 952
791 849
791 792
791 895
791 970
792 883
792 964
792 967
792 836
792 798
792 802
792 940
792 972
792 822
792 977
792 949
792 858
792 924
793 885
793 972
793 943
793 831
793 813
793 893
794 915
794 861
794 896
794 985
794 852
795 900
795 938
795 875
795 865
796 918
796 849
797 801
798 809
798 970
799 827
799 835
799 807
800 992
800 865
801 898
801 993
801 853
801 985
801 826
801 966
802 999
802 970
802 862
802 817
803 878
803 843
803 985
803 938
803 948
804 964
805 929
805 973
805 806
805 888
806 859
806 806
806 829
806 840
806 934
806 993
806 813
807 898
807 859
807 822
807 846
807 881
807 847
807 977
808 954
808 817
809 947
809 951
809 864
809 946
809 997
809 833
809 916
809 906
810 841
810 990
811 931
812 885
812 940
813 975
813 813
813 972
813 870
813 995
814 913
814 929
814 985
815 857
815 837
816 820
816 893
817 865
818 877
818 825
819 898
819 850
821 929
821 969
822 939
822 831
823 959
823 832
824 953
824 875
824 952
824 944
824 993
825 952
825 927
826 948
826 935
826 943
827 897
827 955
827 977
827 866
827 882
827 911
827 971
827 908
827 991
827 888
828 865
828 879
828 860
828 914
828 958
829 927
829 980
829 881
829 955
831 836
831 931
831 977
831 888
832 931
832 853
833 959
833 851
833 961
833 897
833 952
833 872
833 942
834 897
834 927
834 885
834 917
835 847
836 967
836 836
836 893
836 905
836 970
837 965
837 903
837 909
837 942
837 880
837 873
837 870
837 925
837 940
837 967
838 894
839 929
840 893
841 860
841 890
841 977
841 990
842 994
842 922
842 877
842 970
843 934
843 872
845 993
845 849
845 970
846 989
846 891
848 882
848 903
848 990
848 991
849 908
849 962
849 849
849 870
851 856
852 901
852 911
852 977
853 989
853 971
853 979
853 997
853 868
853 951
853 864
853 872
853 855
853 934
853 976
856 913
856 926
856 932
856 991
856 909
856 894
857 862
857 922
858 899
858 918
858 929
858 919
858 865
859 930
859 870
860 931
860 888
860 995
860 980
861 927
861 947
861 936
861 955
861 908
861 914
862 898
862 933
862 960
862 904
862 927
862 919
863 908
863 958
863 886
863 964
864 868
864 920
864 907
864 985
865 882
865 883
865 911
865 865
865 879
865 924
865 963
866 936
866 908
866 967
866 896
866 931
866 977
866 890
867 913
868 889
869 882
869 879
870 888
871 911
872 979
873 979
873 995
873 977
874 937
874 911
875 993
876 930
876 876
876 902
876 952
877 877
877 944
877 904
877 981
877 880
878 896
878 982
878 915
879 892
879 965
879 977
879 888
880 964
881 920
881 931
882 885
882 952
882 936
883 935
883 931
884 915
884 918
884 969
884 911
885 933
885 998
885 931
885 977
886 939
886 949
886 958
887 954
887 992
888 988
888 919
888 973
888 931
888 890
888 888
888 990
888 894
889 897
889 889
889 937
890 896
890 977
890 991
890 964
891 958
891 974
892 897
892 918
892 929
893 940
893 949
893 893
893 894
894 974
895 913
895 984
895 970
895 948
896 914
896 920
896 896
896 999
896 897
896 936
896 977
897 897
897 925
897 969
897 911
898 967
898 976
898 953
898 921
899 916
899 918
899 957
899 929
900 959
901 927
901 929
901 908
901 911
902 925
903 942
903 909
903 944
903 964
904 981
904 992
904 993
905 966
905 911
906 970
907 923
907 993
907 969
907 977
908 959
908 908
908 948
909 929
909 942
910 965
910 972
910 922
910 940
911 970
911 983
911 991
911 915
913 923
913 976
913 926
913 972
914 992
914 958
914 977
915 915
916 918
916 929
916 947
917 945
918 929
918 969
919 969
919 942
920 932
920 991
921 995
922 998
922 922
924 981
925 927
925 954
926 969
926 990
926 974
927 935
927 937
928 933
928 940
929 956
929 966
929 948
929 965
929 931
929 969
929 995
930 936
930 939
930 975
930 950
930 947
930 995
931 977
934 948
936 974
938 944
938 948
938 950
938 951
938 963
938 955
939 997
939 975
940 940
940 967
940 971
940 970
941 974
942 964
943 979
944 998
945 984
947 977
949 981
949 949
949 988
950 979
950 989
952 972
952 974
952 966
953 963
954 963
954 967
956 969
957 992
958 975
958 994
958 999
963 964
964 964
964 966
964 984
967 995
969 987
971 998
972 984
972 997
976 989
977 990
978 992
988 992
989 998
991 991
993 993
995 995
997 998
