0 95
0 857
0 617
0 534
0 406
0 793
0 53
0 498
0 287
1 267
1 653
1 206
1 392
1 700
1 145
1 984
1 160
1 134
1 733
1 484
1 873
1 555
1 72
2 550
2 29
2 954
2 909
2 349
2 752
2 837
2 731
2 848
2 514
2 522
2 688
2 491
2 312
2 970
2 461
3 411
3 382
3 790
3 472
3 906
3 832
3 833
3 723
3 153
3 730
3 592
3 635
3 749
3 677
3 106
3 150
3 306
3 831
3 989
3 435
3 127
3 806
3 267
3 448
3 768
3 524
3 341
3 344
3 81
3 576
3 545
3 134
3 368
3 872
3 696
3 398
3 763
3 395
3 493
3 43
3 95
3 248
3 548
3 864
3 502
3 567
3 145
3 486
4 387
4 166
4 676
4 346
4 927
4 195
4 442
4 536
4 421
4 852
4 158
4 277
4 932
4 21
4 275
4 29
4 574
4 423
4 629
4 717
4 644
4 223
4 177
4 566
4 280
4 638
4 323
4 20
4 17
4 145
4 895
4 770
4 664
4 491
4 577
4 224
4 143
4 849
4 528
4 404
4 787
4 461
4 122
5 754
5 296
5 69
5 204
5 334
5 456
5 928
5 485
5 260
5 415
5 436
5 760
5 801
5 484
5 516
5 152
5 99
5 888
6 18
6 944
6 639
6 500
6 956
6 435
6 285
6 589
6 241
6 427
6 214
6 921
6 209
6 667
6 232
6 480
6 390
6 621
6 216
7 411
7 862
7 141
7 940
7 178
7 732
7 489
7 479
7 982
7 295
7 792
7 285
7 686
7 617
7 913
7 897
7 164
7 274
7 224
7 936
7 880
7 389
7 787
7 446
8 451
8 438
8 408
8 337
8 943
8 706
8 185
8 529
8 865
8 84
8 992
8 367
8 979
8 224
8 738
8 649
8 307
8 673
9 532
9 743
9 147
9 338
9 902
9 401
9 730
9 550
9 72
9 301
9 58
9 524
9 473
9 615
9 235
10 479
10 38
10 480
10 249
10 204
10 322
10 270
10 858
10 74
11 426
11 349
11 867
11 809
11 357
11 949
11 13
11 777
11 819
11 898
11 486
11 669
11 306
11 258
11 902
11 221
11 878
11 532
11 650
11 910
11 944
11 589
11 431
11 597
11 483
11 298
12 290
12 346
12 952
12 649
12 571
12 424
12 593
12 748
12 166
12 570
12 975
12 896
12 566
12 708
13 602
13 156
13 426
13 69
13 36
13 391
13 153
13 88
13 294
13 803
13 571
13 620
13 400
13 678
13 836
13 100
13 958
13 896
13 402
13 991
14 230
14 432
14 182
14 346
14 652
14 707
14 683
14 639
14 914
14 354
14 210
14 995
14 383
14 204
14 760
14 671
14 993
14 573
14 528
14 405
14 949
14 714
15 543
15 959
15 480
15 765
15 527
15 28
15 930
15 896
15 273
15 289
15 657
16 267
16 31
16 411
16 777
16 758
16 215
16 181
16 379
16 620
16 802
16 799
17 619
17 285
17 420
17 39
17 589
17 779
17 976
17 343
17 750
17 520
17 859
17 982
17 626
17 299
17 614
17 684
17 542
17 191
17 945
17 528
17 721
17 340
17 368
17 385
17 739
17 547
17 527
17 970
17 648
17 406
17 595
17 914
17 204
17 667
17 886
17 150
18 265
18 948
18 18
18 128
18 715
18 430
18 180
18 820
18 417
18 341
18 962
18 976
18 598
18 114
18 348
18 788
18 648
18 926
18 276
18 835
18 376
18 969
18 727
18 968
18 917
18 748
18 307
18 495
18 409
18 256
18 447
18 722
18 622
18 86
18 829
18 794
18 118
18 291
18 762
18 73
18 429
18 367
18 818
18 268
18 865
19 795
19 66
19 856
19 726
19 470
19 442
19 659
19 394
19 362
19 729
19 48
19 738
19 792
19 911
19 888
20 482
20 527
20 346
20 986
20 360
20 852
20 100
20 521
20 513
20 98
20 794
20 998
20 543
20 170
20 617
20 393
20 427
20 971
20 958
20 896
21 211
21 922
21 73
21 857
21 107
21 798
21 365
21 138
21 443
21 366
21 146
21 147
21 204
21 101
21 612
22 443
22 278
22 539
22 550
22 366
22 415
22 883
22 486
22 722
22 620
22 341
22 276
22 280
22 698
22 413
22 826
22 456
22 994
22 97
22 429
22 517
22 865
22 893
22 990
22 161
22 708
23 912
23 856
23 367
23 467
23 854
23 153
23 402
23 807
23 878
23 666
23 722
23 766
23 610
23 395
23 231
23 131
23 677
23 944
23 100
24 489
24 716
24 733
24 179
24 700
24 200
24 470
24 537
24 218
24 730
24 395
24 949
24 687
24 290
24 998
24 853
24 525
24 219
24 157
24 394
24 415
24 752
24 684
24 631
24 691
24 680
24 391
24 176
24 351
24 220
24 324
24 316
24 463
24 450
24 848
24 345
24 775
24 934
24 759
24 653
24 224
24 903
24 44
24 320
24 963
25 31
25 539
25 251
25 976
25 179
25 90
25 256
25 534
25 697
25 204
25 393
25 488
25 686
25 789
25 564
25 995
25 971
25 192
25 755
25 860
25 597
25 40
25 568
25 561
25 63
25 422
25 657
26 62
26 73
26 106
26 726
26 641
26 960
26 139
26 811
26 265
26 512
26 848
26 274
26 837
26 54
26 301
26 674
26 253
26 522
26 213
26 558
26 29
26 61
26 728
26 766
26 969
26 985
26 119
27 69
27 86
27 775
27 603
27 707
27 955
27 962
27 434
27 461
27 237
27 336
27 594
27 45
27 30
27 102
27 403
27 598
27 692
27 320
27 673
27 42
28 700
28 452
28 215
28 788
28 773
28 883
28 101
28 363
28 102
28 344
28 505
28 873
28 131
28 203
28 485
28 404
28 409
28 396
28 846
28 583
28 232
28 109
28 676
28 549
28 538
29 432
29 402
29 130
29 473
29 759
29 187
29 850
29 75
29 624
29 696
29 637
29 987
29 470
29 810
29 899
29 956
29 477
29 586
29 880
29 630
29 490
29 896
29 185
29 714
30 898
30 121
30 819
30 312
30 792
30 746
30 114
30 667
30 573
30 152
30 620
30 406
30 371
30 865
30 485
31 794
31 715
31 288
31 625
31 257
31 778
31 552
31 528
31 498
31 891
31 126
31 456
31 770
31 975
31 757
31 630
31 489
31 591
31 379
31 71
31 139
31 266
31 414
31 130
31 518
31 861
31 896
31 118
31 885
31 249
31 137
31 470
31 121
31 114
31 675
31 797
31 936
31 406
31 207
32 411
32 602
32 536
32 677
32 762
32 774
32 174
32 722
32 992
32 678
32 486
32 212
32 725
32 654
32 711
32 525
32 293
32 969
32 951
32 43
32 57
32 99
33 512
33 39
33 182
33 669
33 938
33 171
33 497
33 300
33 62
33 463
33 489
33 137
33 145
33 992
33 792
33 307
33 614
33 42
34 901
34 700
34 904
34 323
34 76
34 517
34 501
34 644
34 692
34 282
34 207
34 178
34 57
34 827
34 708
35 465
35 856
35 559
35 532
35 269
35 579
35 365
35 875
35 248
35 169
35 428
35 934
35 473
35 904
35 946
35 61
35 366
35 507
35 338
35 969
35 858
35 216
36 228
36 862
36 636
36 229
36 953
36 301
36 937
36 889
36 715
36 527
36 915
36 690
36 902
36 293
36 418
36 224
36 386
36 74
36 513
36 813
36 673
37 388
37 39
37 70
37 187
37 87
37 431
37 736
37 928
37 432
37 819
37 624
37 927
37 779
37 347
37 88
37 801
37 516
37 802
37 991
38 263
38 686
38 543
38 677
38 924
38 522
38 285
38 950
38 236
38 216
38 400
38 233
38 741
38 327
38 73
38 498
38 548
38 416
38 462
38 287
38 767
38 896
39 130
39 305
39 39
39 664
39 787
39 329
39 716
39 248
39 475
39 518
39 276
39 492
39 570
39 301
39 321
39 669
39 618
39 46
39 690
39 121
39 270
39 76
39 148
39 950
39 193
39 975
39 575
40 506
40 898
40 677
40 200
40 992
40 354
40 737
40 220
40 779
40 669
40 56
40 121
40 728
40 359
40 353
40 955
41 998
41 602
41 825
41 414
41 516
41 745
41 277
41 811
41 703
41 842
41 530
41 210
42 720
42 69
42 992
42 302
42 107
42 234
42 235
42 871
42 146
42 378
43 751
43 327
43 913
43 316
43 66
43 366
43 726
43 649
43 716
43 927
43 163
43 359
43 851
43 890
43 831
43 462
43 685
43 272
43 51
43 795
43 101
43 806
43 715
43 511
43 977
44 857
44 517
44 316
44 199
44 954
44 201
44 897
44 548
44 274
44 96
44 664
44 955
44 407
44 394
44 321
44 111
44 692
44 957
44 336
44 449
44 733
44 865
44 185
44 990
45 506
45 819
45 690
45 906
45 366
45 954
45 903
45 969
45 227
45 504
45 473
45 236
46 544
46 517
46 391
46 853
46 214
46 469
46 417
46 897
46 401
46 63
46 416
46 418
46 908
46 497
46 557
46 806
46 368
46 931
47 532
47 803
47 934
47 451
47 743
47 155
47 179
47 299
47 410
47 580
47 379
47 784
47 298
47 226
47 787
48 409
48 819
48 795
48 291
48 415
48 322
48 825
48 401
48 751
48 462
48 669
48 871
48 478
48 433
48 599
48 219
48 540
48 846
48 726
48 398
48 762
48 402
48 703
48 692
48 388
48 284
48 49
48 261
48 576
48 95
48 333
48 526
48 277
48 911
48 657
49 533
49 60
49 410
49 929
49 718
49 559
49 613
49 724
49 809
49 289
49 747
49 680
50 479
50 690
50 73
50 458
50 934
50 200
50 393
50 789
50 146
50 418
50 536
50 364
50 651
50 202
50 207
50 478
50 550
50 819
50 315
50 923
50 519
50 414
50 404
50 551
50 888
50 807
50 708
51 878
51 479
51 285
51 550
51 394
51 781
51 415
51 963
51 371
51 470
51 525
51 156
51 345
51 752
51 256
51 96
51 969
51 335
51 641
51 389
51 122
52 527
52 166
52 617
52 179
52 954
52 116
52 571
52 534
52 400
52 966
52 836
52 911
52 72
53 778
53 948
53 624
53 179
53 561
53 416
53 907
53 840
53 947
53 379
53 526
53 57
54 913
54 106
54 264
54 481
54 580
54 801
54 335
54 353
54 172
54 777
54 461
54 941
54 715
54 393
54 192
54 282
54 836
55 948
55 637
55 856
55 151
55 766
55 137
55 892
55 119
55 121
55 655
55 814
55 745
55 648
56 230
56 720
56 986
56 191
56 857
56 460
56 849
56 149
56 508
56 445
56 560
56 995
56 451
56 463
56 496
56 281
56 622
56 314
56 970
56 106
56 948
56 489
56 888
56 912
56 568
56 859
56 796
56 552
56 268
56 526
56 466
56 634
56 256
56 397
56 538
56 64
57 715
57 569
57 881
57 293
57 491
57 713
57 985
57 788
57 893
57 767
57 95
57 929
57 838
57 115
57 441
57 536
57 768
57 982
57 795
57 508
57 995
57 599
57 687
57 163
57 883
57 232
57 121
57 130
57 829
58 709
58 992
58 201
58 338
58 153
58 737
58 405
58 648
58 64
59 118
59 437
59 489
59 275
59 63
59 993
59 491
59 967
59 79
59 817
59 617
59 623
59 257
59 400
59 839
59 102
59 709
59 900
59 278
59 510
59 897
59 180
59 611
59 292
59 678
59 666
59 208
59 154
59 580
59 991
59 635
59 387
59 884
59 915
59 901
59 124
59 493
59 641
59 255
59 881
59 373
59 732
59 133
59 330
59 218
59 621
60 257
60 532
60 382
60 202
60 204
60 933
60 643
60 881
60 857
60 824
60 809
60 908
60 570
60 930
60 787
60 475
60 977
61 305
61 677
61 559
61 261
61 137
61 742
61 867
61 333
61 905
61 918
61 341
61 902
61 804
61 719
61 210
61 271
61 323
61 617
61 553
61 891
61 539
61 368
61 676
61 316
61 208
61 736
61 209
61 466
61 362
61 388
61 814
61 366
61 897
61 730
61 319
61 853
62 960
62 220
62 618
62 601
62 699
62 202
62 541
62 865
62 935
62 169
62 104
62 934
62 936
62 943
62 103
62 513
62 544
62 493
62 701
62 672
62 868
62 687
62 562
62 922
62 889
62 477
62 445
62 964
62 98
62 446
63 128
63 145
63 954
63 765
63 292
63 868
63 908
63 620
63 404
63 772
63 389
64 938
64 734
64 667
64 949
64 663
64 245
64 378
64 917
64 718
64 426
64 381
64 476
64 76
64 934
64 550
64 451
64 557
64 347
64 401
64 155
64 733
64 190
64 910
64 728
64 812
64 971
64 837
64 214
64 419
64 488
64 630
64 878
64 962
64 97
64 141
64 859
64 168
65 690
65 147
65 548
65 899
65 178
65 123
65 237
65 729
65 481
65 840
65 431
65 679
65 809
65 817
65 893
65 460
65 566
66 288
66 285
66 720
66 812
66 344
66 155
66 179
66 171
66 329
66 730
66 243
66 366
66 338
66 969
66 353
66 772
66 325
66 241
66 566
67 128
67 263
67 437
67 711
67 726
67 742
67 322
67 401
67 526
67 964
67 404
68 527
68 715
68 437
68 790
68 536
68 665
68 168
68 301
68 553
68 785
68 992
68 456
68 997
69 296
69 536
69 543
69 677
69 220
69 681
69 197
69 464
69 756
69 999
69 472
69 920
69 970
69 86
69 93
69 179
69 496
69 323
69 591
69 949
69 213
69 365
69 124
69 955
69 470
69 661
69 742
69 322
69 358
69 208
69 293
69 105
69 929
69 325
69 911
70 84
70 202
70 174
70 704
70 650
70 410
70 660
70 792
70 363
70 810
70 996
70 72
71 989
71 179
71 864
71 903
71 648
71 695
71 324
71 424
71 333
71 96
71 221
71 473
72 127
72 437
72 862
72 790
72 690
72 351
72 189
72 879
72 793
72 888
72 468
72 266
72 119
72 110
73 166
73 674
73 676
73 881
73 73
73 346
73 170
73 115
73 648
73 542
73 128
73 480
73 205
73 558
73 250
73 661
73 664
73 835
73 521
73 930
73 478
73 473
73 858
73 568
73 107
73 421
73 926
73 734
73 355
73 750
73 430
73 283
73 145
73 910
73 132
73 557
73 404
74 286
74 442
74 101
74 516
74 127
74 983
74 616
74 404
74 269
74 506
74 144
74 869
75 314
75 617
75 881
75 275
75 694
75 856
75 978
75 153
75 83
75 424
75 379
75 693
75 76
75 611
75 612
75 425
75 813
76 512
76 409
76 536
76 662
76 863
76 188
76 406
76 404
76 193
76 911
77 432
77 356
77 226
77 512
77 560
77 783
77 973
77 367
77 782
77 262
77 859
77 478
77 742
77 696
77 760
77 548
77 723
77 796
77 849
77 419
77 841
77 608
77 90
78 263
78 539
78 249
78 458
78 470
78 722
78 730
78 997
78 695
78 764
79 382
79 155
79 629
79 477
79 880
79 725
79 820
79 93
80 532
80 136
80 388
80 140
80 846
80 743
80 249
80 737
80 225
80 742
80 415
80 436
80 952
80 801
80 648
80 161
81 182
81 617
81 315
81 650
81 145
81 927
81 202
81 249
81 188
81 735
81 530
81 216
81 957
81 490
81 352
81 962
81 397
81 670
81 257
81 322
81 85
81 426
81 680
81 558
81 226
81 491
81 600
81 246
81 404
81 772
81 271
81 551
81 893
82 166
82 432
82 441
82 489
82 544
82 353
82 528
82 949
83 938
83 432
83 313
83 86
83 913
83 204
83 668
83 133
83 472
83 733
83 624
83 95
83 855
83 495
83 369
83 264
83 900
83 411
83 514
83 481
83 185
83 634
83 216
83 612
83 955
84 267
84 625
84 170
84 768
84 952
84 156
84 855
84 615
84 675
84 263
84 848
84 93
84 391
84 137
84 204
84 730
84 650
84 655
84 600
84 149
84 551
84 974
85 545
85 313
85 720
85 677
85 690
85 447
85 261
85 742
85 935
85 153
85 87
85 893
86 409
86 674
86 502
86 717
86 614
86 172
86 681
86 742
86 783
86 411
86 237
86 523
86 740
86 961
86 588
86 857
86 567
86 338
86 647
86 102
86 664
86 135
86 837
86 865
86 663
87 263
87 437
87 927
87 617
87 478
87 416
87 809
87 951
87 399
87 695
87 340
87 529
87 648
87 176
87 123
87 763
87 999
87 249
88 512
88 709
88 290
88 332
88 674
88 401
88 172
88 521
88 407
88 948
88 351
88 316
88 640
88 529
88 148
88 819
88 799
88 523
88 348
88 175
88 449
88 152
88 450
88 630
89 776
89 506
89 350
89 126
89 973
89 227
89 771
89 184
90 265
90 520
90 561
90 858
90 872
90 191
90 702
91 391
91 913
91 552
91 121
91 820
91 394
91 273
91 338
91 698
91 814
91 385
91 231
91 406
91 254
91 635
91 133
91 473
91 874
91 949
92 128
92 998
92 898
92 686
92 188
92 750
92 730
92 466
92 352
92 982
92 259
92 897
92 338
92 975
92 575
93 559
93 221
93 445
93 396
93 686
93 394
93 277
93 853
93 970
93 955
94 998
94 318
94 751
94 429
94 264
94 833
94 902
94 728
94 586
94 109
94 277
94 557
94 942
94 608
94 974
95 257
95 286
95 744
95 482
95 732
95 776
95 395
95 128
95 974
95 960
95 930
95 709
95 691
95 190
95 655
95 338
95 368
95 563
95 787
95 753
95 301
95 324
95 413
95 843
95 985
95 848
95 100
95 994
95 646
95 342
95 554
95 758
95 981
95 904
95 909
95 568
95 162
95 406
95 893
95 501
95 96
95 136
95 541
95 720
95 172
95 690
95 349
95 652
95 442
95 609
95 505
95 325
95 435
96 989
96 751
96 674
96 913
96 116
96 827
96 997
96 470
96 436
96 752
96 783
96 667
96 216
96 141
96 787
96 583
96 511
97 263
97 755
97 853
97 976
97 683
97 403
97 757
97 770
97 618
97 624
97 690
97 726
97 470
97 698
97 854
97 638
97 662
98 571
98 497
98 296
98 212
98 426
98 191
98 423
98 874
98 757
98 333
98 171
98 437
98 908
98 888
99 128
99 162
99 463
99 736
99 391
99 954
99 164
99 104
99 937
99 149
99 325
99 192
99 473
99 661
99 290
99 764
99 894
99 983
99 857
99 948
99 600
99 531
99 837
99 259
99 873
99 921
99 452
99 505
99 680
99 566
100 653
100 285
100 539
100 730
100 667
100 623
100 961
100 633
100 918
100 655
100 856
100 207
100 261
100 292
100 106
100 438
100 890
100 152
100 733
100 981
100 529
100 453
100 663
100 931
101 257
101 263
101 443
101 327
101 351
101 199
101 202
101 686
101 615
101 130
101 722
101 180
101 289
101 152
101 112
102 285
102 356
102 913
102 272
102 488
102 594
102 742
102 682
102 619
102 676
102 756
102 692
102 688
102 406
102 911
102 572
102 714
102 708
103 790
103 291
103 601
103 733
103 816
103 535
103 375
103 566
103 762
103 348
103 178
103 742
103 500
103 427
103 956
103 967
103 813
103 644
104 882
104 447
104 120
104 906
104 483
104 832
104 436
104 598
104 858
104 815
104 384
104 565
104 990
104 829
104 353
104 695
104 170
104 242
104 172
104 144
104 466
104 352
104 612
104 235
104 185
104 827
104 977
104 608
105 430
105 913
105 645
105 696
105 375
105 898
105 596
105 146
105 114
105 519
105 422
105 849
105 813
106 803
106 624
106 279
106 693
106 153
106 850
106 667
106 432
106 454
106 645
106 954
106 895
106 483
106 597
106 300
106 903
106 964
106 896
107 182
107 690
107 483
107 899
107 224
107 611
107 956
107 890
107 112
107 491
107 358
107 654
107 571
107 362
107 290
107 750
107 391
107 543
107 296
107 396
107 820
107 653
107 864
107 909
107 617
107 993
107 406
107 312
107 792
107 714
108 803
108 155
108 559
108 179
108 442
108 697
108 467
108 215
108 416
108 491
108 521
108 964
108 446
109 794
109 728
109 892
109 571
109 169
109 700
109 632
109 507
109 970
109 747
110 382
110 142
110 436
110 809
110 606
110 371
110 331
110 515
110 883
110 851
111 803
111 443
111 594
111 602
111 927
111 674
111 617
111 184
111 147
111 202
111 164
111 953
111 616
111 695
111 575
112 506
112 589
112 344
112 179
112 786
112 734
112 452
112 758
112 562
112 135
112 516
112 620
112 657
112 342
112 829
112 567
112 827
112 938
112 239
112 617
113 409
113 613
113 172
113 774
113 550
113 854
113 477
113 908
113 977
114 221
114 456
114 826
114 751
114 206
114 943
114 428
114 417
114 717
114 815
114 544
114 473
114 512
114 635
114 251
114 659
114 714
114 423
114 418
114 352
114 792
114 764
114 888
115 267
115 541
115 443
115 391
115 366
115 992
115 853
115 989
115 879
115 952
115 137
115 709
115 917
115 843
115 727
115 802
115 828
115 207
116 437
116 291
116 206
116 774
116 590
116 134
116 642
116 957
116 326
116 588
116 646
116 828
116 819
116 387
116 931
116 408
116 136
116 974
116 966
116 791
116 882
116 722
116 993
116 638
116 940
117 677
117 601
117 391
117 661
117 481
117 121
117 308
117 872
117 797
118 778
118 632
118 723
118 849
118 965
118 832
118 866
118 138
118 977
118 859
118 865
118 703
118 959
118 896
118 774
118 982
118 772
118 702
118 528
118 411
118 332
118 220
118 327
118 981
118 760
118 910
118 728
118 359
118 571
118 908
118 352
118 148
118 970
118 490
118 235
118 991
119 465
119 647
119 650
119 253
119 970
119 873
119 181
119 448
119 826
119 549
119 649
119 651
119 971
120 429
120 275
120 793
120 611
120 952
120 619
120 454
120 548
120 481
120 724
120 418
120 141
120 970
120 572
120 787
121 463
121 562
121 393
121 481
121 505
121 389
121 311
121 965
121 881
121 785
121 280
121 745
121 959
121 327
121 199
121 533
121 517
121 602
121 749
121 442
121 281
121 236
121 738
121 395
121 385
121 444
121 125
121 518
121 451
121 470
121 637
121 852
121 561
121 416
121 551
122 479
122 332
122 885
122 550
122 672
122 358
122 367
122 548
122 407
122 185
122 605
122 262
122 856
122 889
122 526
123 794
123 382
123 249
123 260
123 672
123 783
123 502
123 300
123 529
124 127
124 421
124 794
124 547
124 860
124 466
124 892
124 736
124 331
124 933
124 691
124 903
124 215
124 895
124 683
124 987
124 771
124 128
124 285
124 901
124 347
124 588
124 911
124 245
124 485
125 128
125 898
125 777
125 913
125 629
125 370
125 666
125 542
125 805
125 604
125 874
126 776
126 777
126 790
126 589
126 249
126 891
126 832
126 546
126 212
126 747
126 368
126 828
126 416
126 255
126 631
126 659
126 854
126 763
126 362
126 467
126 204
126 539
126 955
126 671
126 284
126 623
126 273
126 640
126 973
127 515
127 527
127 168
127 575
127 249
127 908
127 279
127 962
127 789
127 989
127 328
127 711
127 659
127 415
127 357
127 807
127 446
128 512
128 267
128 360
128 693
128 260
128 719
128 807
128 973
128 243
128 904
128 280
128 612
128 961
128 608
128 860
128 378
128 998
128 754
128 602
128 690
128 455
128 133
128 889
128 631
128 970
128 368
129 632
129 230
129 599
129 199
129 696
129 231
129 722
129 379
129 221
129 622
129 806
129 473
129 663
129 974
130 898
130 510
130 370
130 614
130 740
130 790
130 619
130 611
130 313
130 249
130 742
130 699
130 452
130 174
130 491
130 570
131 602
131 755
131 605
131 221
131 173
131 798
131 690
131 770
131 534
131 733
131 709
131 612
131 270
131 551
131 426
131 220
131 135
131 310
131 327
131 539
131 147
131 264
131 552
131 832
131 483
131 175
131 549
131 964
131 168
131 834
131 896
131 827
131 973
131 461
132 332
132 736
132 726
132 208
132 274
132 403
132 929
132 335
132 326
132 587
132 920
132 516
132 551
132 579
132 888
133 142
133 742
133 649
133 578
133 377
133 908
133 192
133 215
133 164
133 626
133 406
133 802
133 787
134 948
134 819
134 569
134 249
134 700
134 965
134 731
134 403
134 858
134 357
134 212
134 382
134 888
134 991
134 708
135 927
135 349
135 567
135 218
135 542
135 174
135 321
135 374
135 891
135 759
135 157
135 757
135 656
135 711
135 339
135 796
135 609
135 463
135 659
135 269
135 682
135 477
135 620
135 964
135 592
135 950
136 778
136 739
136 713
136 974
136 756
136 804
136 248
136 845
136 942
136 409
136 165
136 394
136 781
136 322
136 403
136 473
136 579
136 888
137 762
137 639
137 550
137 711
137 366
137 742
137 559
137 974
137 488
137 673
137 976
137 880
137 924
137 420
137 155
137 766
137 794
137 247
137 397
137 311
137 251
137 944
137 818
137 494
137 331
137 358
137 264
137 309
137 308
137 595
137 188
137 202
137 523
137 724
137 788
137 837
137 287
138 972
138 775
138 765
138 483
138 143
138 648
138 701
138 714
139 286
139 263
139 846
139 602
139 191
139 781
139 984
139 671
139 820
139 801
139 148
139 570
139 583
140 794
140 263
140 487
140 762
140 544
140 754
140 746
140 392
140 730
140 272
140 165
140 285
140 862
140 291
140 954
140 899
140 929
140 379
140 678
140 663
141 744
141 166
141 463
141 976
141 623
141 550
141 219
141 916
141 917
141 523
141 283
141 344
141 397
141 720
141 695
141 940
141 828
141 598
142 776
142 533
142 480
142 496
142 375
142 914
142 474
142 663
142 151
142 632
142 219
142 436
142 854
142 410
142 964
143 589
143 447
143 856
143 202
143 415
143 802
143 781
143 174
143 481
143 598
143 607
143 642
143 861
143 156
143 407
143 620
143 937
143 964
143 575
144 774
144 147
144 403
144 969
144 979
144 158
144 192
144 852
144 759
144 937
144 807
145 285
145 332
145 350
145 394
145 805
145 940
145 190
145 870
145 994
145 631
145 800
145 590
145 412
145 582
145 745
145 822
145 356
145 452
145 760
145 897
145 315
145 946
145 516
145 277
145 193
145 538
146 465
146 887
146 832
146 755
146 556
146 250
146 397
146 727
146 572
146 216
146 683
146 751
146 288
146 983
146 235
146 672
146 699
146 671
146 416
146 580
146 502
146 357
146 930
146 991
147 686
147 451
147 904
147 750
147 842
147 538
147 821
147 669
147 236
147 244
147 618
147 903
147 948
147 172
147 988
147 323
147 212
147 547
147 233
147 815
147 856
147 421
147 367
147 158
147 681
147 704
147 326
147 322
147 452
147 929
147 969
147 806
147 615
147 207
148 574
148 489
148 187
148 322
148 936
148 958
148 827
148 765
148 562
148 485
148 740
148 440
148 981
148 695
149 291
149 517
149 867
149 470
149 415
149 238
149 739
149 801
149 886
149 594
149 814
149 237
149 540
149 956
149 942
149 874
149 275
149 614
149 190
149 811
149 338
149 503
149 579
149 827
149 991
150 885
150 972
150 367
150 523
150 154
150 256
150 511
150 163
150 169
150 819
151 794
151 915
151 605
151 332
151 700
151 530
151 552
151 268
151 249
151 816
151 353
151 312
151 614
151 579
151 931
151 303
152 479
152 589
152 559
152 935
152 769
152 561
152 902
152 571
152 393
152 175
152 232
152 599
152 412
152 779
152 452
152 189
152 349
152 602
152 686
152 277
152 528
153 285
153 637
153 382
153 774
153 652
153 971
153 188
153 383
153 747
153 959
153 949
153 434
153 939
153 284
153 275
153 649
153 279
153 871
153 540
153 258
153 170
153 185
153 190
153 365
153 332
153 331
153 668
153 956
153 539
153 740
153 804
153 515
153 420
153 341
153 580
153 243
153 611
153 635
153 853
153 908
153 497
153 792
154 744
154 182
154 434
154 540
154 786
154 811
154 622
154 807
154 620
154 263
154 726
154 615
154 853
154 215
154 895
154 880
154 984
154 529
154 475
154 869
154 673
155 677
155 184
155 199
155 976
155 189
155 923
155 409
155 307
155 847
155 846
155 634
155 720
155 770
155 185
155 296
155 647
155 762
155 810
155 711
155 625
155 343
155 585
155 897
155 475
155 421
155 892
155 488
155 691
155 582
155 504
155 253
155 953
155 559
155 470
155 671
155 467
155 650
155 416
155 466
156 426
156 753
156 618
156 541
156 766
156 861
156 160
156 684
156 287
156 347
156 649
156 721
156 186
156 416
156 903
156 212
156 673
157 624
157 927
157 700
157 993
157 853
157 903
157 584
157 528
157 404
157 970
157 813
158 742
158 215
158 997
158 272
158 495
158 963
159 601
159 220
159 496
159 255
159 383
159 897
159 231
159 722
159 847
159 866
159 994
159 348
159 951
159 975
159 473
159 673
159 708
160 900
160 762
160 816
160 818
160 401
160 929
160 523
160 727
160 368
160 708
161 794
161 220
161 304
161 415
161 218
161 837
161 413
161 236
161 567
161 625
161 675
161 939
161 917
161 740
162 878
162 479
162 166
162 668
162 887
162 694
162 175
162 927
162 207
162 260
162 822
162 585
162 580
162 239
162 923
162 204
162 646
162 375
162 349
162 232
162 293
162 638
162 493
162 673
163 794
163 228
163 432
163 295
163 711
163 785
163 945
163 174
163 820
163 416
163 466
163 504
163 967
163 354
163 995
163 767
163 841
163 608
163 673
164 482
164 506
164 290
164 509
164 548
164 633
164 962
164 237
164 304
164 869
164 923
164 429
164 367
164 755
164 993
164 650
164 466
164 620
164 406
164 325
164 911
164 793
164 974
165 387
165 790
165 795
165 553
165 391
165 281
165 306
165 484
165 582
165 486
165 635
165 713
165 772
165 911
165 614
166 288
166 411
166 296
166 819
166 420
166 242
166 587
166 362
166 444
166 330
166 657
166 500
166 210
166 658
166 190
166 670
166 573
166 730
166 275
166 679
166 557
166 208
166 428
166 686
166 437
166 535
166 785
166 638
166 979
166 397
166 277
166 695
166 764
166 746
166 688
167 637
167 332
167 617
167 913
167 366
167 449
167 360
167 562
167 902
167 964
168 372
168 432
168 211
168 674
168 337
168 669
168 201
168 760
168 215
168 824
168 839
168 477
168 713
168 863
168 190
168 894
168 389
168 580
168 879
168 840
168 974
169 411
169 639
169 954
169 832
169 279
169 208
169 676
169 989
169 842
169 305
169 538
169 993
169 677
169 519
169 329
169 465
169 664
170 304
170 569
170 503
170 987
170 806
170 521
170 388
170 396
171 794
171 230
171 602
171 690
171 563
171 658
171 698
171 699
171 693
171 813
171 236
172 267
172 291
172 666
172 456
172 348
172 496
172 605
172 316
172 809
172 630
172 977
173 819
173 291
173 927
173 318
173 439
173 894
173 508
173 266
173 641
173 615
173 368
174 388
174 567
174 381
174 601
174 819
174 751
174 777
174 980
174 904
174 311
174 845
174 611
174 893
174 991
175 382
175 563
175 954
175 452
175 441
175 215
175 599
175 274
175 468
175 993
175 667
175 623
175 806
175 235
175 708
176 265
176 395
176 676
176 978
176 358
176 770
176 495
176 637
176 889
176 359
176 502
176 534
176 400
176 504
176 838
176 555
177 622
177 261
177 470
177 935
177 730
177 809
177 406
177 445
178 285
178 305
178 899
178 324
178 978
178 244
178 910
178 310
178 314
178 360
178 538
178 714
178 485
178 888
178 210
179 980
179 391
179 779
179 179
179 567
179 429
179 460
179 301
179 516
179 656
179 235
179 507
179 277
179 393
179 718
179 798
179 865
179 335
179 570
179 469
179 314
179 482
179 907
179 758
179 510
179 206
179 735
179 191
179 593
179 190
179 582
179 994
179 795
179 514
179 272
179 586
179 826
179 992
179 415
179 299
179 818
179 481
179 892
179 526
179 940
179 354
179 813
179 575
179 595
180 372
180 915
180 409
180 589
180 617
180 897
180 548
180 185
180 223
180 786
180 992
180 381
180 477
180 937
180 893
181 506
181 846
181 382
181 877
181 225
181 397
181 979
181 312
181 963
181 769
181 904
181 555
181 428
181 801
181 614
181 434
181 636
181 489
181 209
181 710
181 609
181 571
181 695
181 806
181 865
181 931
182 545
182 938
182 285
182 336
182 411
182 282
182 671
182 468
182 377
182 845
182 702
182 756
182 886
182 220
182 502
182 771
182 514
182 936
182 222
182 652
182 459
182 737
182 637
182 382
182 291
182 986
182 857
182 525
182 658
182 274
182 416
182 929
182 807
183 333
183 474
183 204
183 760
183 895
183 486
183 792
183 381
183 193
183 538
183 250
183 608
183 454
183 441
183 591
183 369
184 913
184 793
184 286
184 675
184 419
184 884
184 575
184 877
184 384
184 759
184 904
184 876
184 647
184 416
184 727
184 940
184 836
185 208
185 518
185 190
185 668
185 761
185 678
185 743
185 340
185 938
185 956
185 271
185 228
185 777
185 947
185 645
185 928
185 594
185 802
185 544
185 599
185 324
185 351
185 289
185 193
185 782
185 444
185 637
185 219
185 262
185 861
185 642
185 872
185 941
185 436
185 597
185 356
186 441
186 382
186 440
186 293
186 315
186 571
186 600
186 367
187 512
187 605
187 189
187 804
187 662
187 766
187 577
187 477
187 975
187 905
187 911
187 207
188 515
188 846
188 862
188 774
188 619
188 237
188 851
188 224
188 942
188 880
188 404
188 802
188 772
188 592
188 767
189 372
189 387
189 285
189 933
189 690
189 700
189 679
189 655
189 322
189 671
189 481
189 597
189 571
189 678
189 663
189 320
190 288
190 391
190 837
190 792
190 336
190 422
190 708
191 632
191 927
191 196
191 327
191 408
191 853
191 363
191 584
191 689
191 867
191 616
191 619
191 326
191 561
191 271
191 299
191 599
191 988
191 322
191 268
191 487
191 352
191 879
192 366
192 750
192 248
192 906
192 452
192 725
192 501
192 685
192 549
192 695
192 528
192 630
192 529
192 193
192 200
192 285
192 256
192 733
193 602
193 777
193 451
193 690
193 881
193 952
193 379
193 801
193 837
193 792
193 970
193 853
193 367
193 343
193 904
193 921
193 280
193 587
193 849
193 784
193 277
193 235
193 210
194 292
194 411
194 313
194 602
194 790
194 391
194 913
194 478
194 358
194 404
194 875
194 983
194 643
194 893
195 619
195 479
195 686
195 382
195 901
195 690
195 524
195 605
195 429
195 786
195 877
195 264
195 481
195 969
195 526
195 406
195 419
195 975
196 915
196 988
196 607
196 311
196 239
196 651
196 556
196 617
196 932
196 672
196 746
196 334
197 619
197 206
197 925
197 697
197 483
197 284
197 407
198 532
198 336
198 589
198 463
198 366
198 415
198 406
198 669
198 303
199 409
199 443
199 777
199 681
199 666
199 280
199 938
199 617
199 940
199 340
199 413
199 586
199 751
199 289
199 311
199 610
199 416
199 649
199 648
199 911
200 267
200 754
200 437
200 795
200 716
200 366
200 536
200 682
200 475
200 561
200 329
200 407
200 290
200 708
200 829
200 908
200 640
200 628
200 467
200 836
200 226
200 905
200 663
200 361
201 409
201 925
201 344
201 334
201 479
201 577
201 342
201 522
202 512
202 541
202 709
202 569
202 700
202 904
202 775
202 339
202 935
202 306
202 749
202 924
202 455
202 274
202 880
202 233
202 341
202 785
202 654
202 328
202 203
202 562
202 500
202 985
202 573
202 640
202 458
202 268
202 579
202 364
202 977
202 384
202 365
202 658
202 309
202 941
202 698
202 889
202 434
202 470
202 452
202 650
202 491
202 418
202 319
203 437
203 384
203 771
203 310
203 325
203 520
203 402
203 817
203 827
204 700
204 225
204 904
204 877
204 842
204 730
204 398
204 737
204 890
204 577
204 789
204 988
204 949
204 622
204 269
204 425
204 675
204 820
204 480
204 235
204 388
204 391
204 585
204 234
204 421
204 800
204 531
204 879
204 852
204 778
204 595
204 632
204 863
204 699
204 969
204 908
204 849
204 497
204 615
205 228
205 819
205 489
205 251
205 674
205 470
205 540
205 908
205 772
205 975
205 859
206 915
206 409
206 296
206 879
206 699
206 477
206 553
206 818
206 988
206 760
206 501
206 218
206 217
206 657
206 595
207 421
207 263
207 553
207 455
207 338
207 345
207 400
207 684
207 654
207 232
207 605
207 779
207 731
207 632
207 679
207 301
207 970
207 948
208 372
208 612
208 890
208 765
208 633
208 583
208 834
208 281
208 925
208 534
208 722
208 376
208 524
208 581
208 865
209 715
209 933
209 574
209 514
209 562
209 825
209 650
209 828
209 235
209 893
209 807
210 426
210 768
210 548
210 993
210 540
210 911
210 793
210 756
210 865
210 287
210 819
210 268
211 819
211 356
211 936
211 479
211 892
211 678
211 778
211 740
211 742
211 601
211 913
211 845
211 667
212 395
212 322
212 580
212 970
212 784
212 678
212 773
212 565
212 708
213 948
213 819
213 602
213 777
213 856
213 383
213 671
213 809
213 835
213 863
213 695
213 236
214 267
214 803
214 411
214 690
214 261
214 221
214 835
214 985
214 736
214 725
214 519
214 649
214 660
214 406
214 575
215 329
215 617
215 548
215 833
215 897
215 878
215 758
215 392
215 489
215 526
215 514
215 343
215 585
215 317
215 903
215 289
215 360
215 534
215 698
215 810
215 914
215 733
215 661
215 639
215 727
215 965
215 465
215 322
215 655
215 964
215 865
216 512
216 927
216 716
216 760
216 577
216 289
216 985
216 917
216 364
216 559
216 605
216 666
216 650
216 815
216 695
216 584
217 391
217 797
217 462
217 985
217 374
217 709
217 597
217 579
217 309
217 301
217 534
217 635
217 685
217 757
217 823
217 444
217 347
217 511
217 516
217 908
217 621
217 236
217 888
218 394
218 478
218 323
218 897
218 809
218 960
218 329
218 363
218 300
218 522
218 733
218 510
218 477
218 826
218 611
218 236
218 958
219 350
219 261
219 699
219 367
219 835
219 524
219 964
220 512
220 938
220 900
220 658
220 355
220 678
220 696
220 626
220 392
220 906
220 436
220 910
220 293
220 723
220 597
220 662
220 529
220 975
221 632
221 482
221 980
221 700
221 465
221 263
221 797
221 790
221 491
221 696
221 646
221 651
221 960
221 624
221 942
221 931
221 710
221 674
221 452
221 845
221 562
221 763
221 561
221 722
221 487
221 792
221 828
221 389
222 897
222 889
222 597
222 626
222 414
222 224
222 289
222 320
222 428
222 315
222 329
222 554
222 476
223 257
223 411
223 624
223 474
223 520
223 953
223 614
223 418
223 875
223 467
223 397
223 746
223 402
224 653
224 989
224 922
224 563
224 835
224 503
224 365
224 809
224 606
224 919
224 705
224 510
224 918
224 849
224 530
224 354
224 369
224 884
224 589
224 346
224 933
224 333
224 954
224 524
224 652
224 657
224 763
224 538
224 505
224 457
224 731
224 541
224 380
224 625
224 814
224 449
224 734
224 770
224 704
224 903
224 235
225 934
225 263
225 751
225 428
225 283
225 885
225 790
225 971
225 809
225 600
225 308
225 876
225 235
225 787
226 479
226 624
226 674
226 503
226 584
226 300
226 517
226 565
226 781
226 844
226 346
226 229
226 267
226 228
226 350
226 470
226 614
226 339
226 599
226 979
226 625
226 393
226 953
226 320
227 541
227 396
227 567
227 842
227 693
227 620
227 350
227 954
227 836
227 579
227 566
227 708
228 632
228 286
228 747
228 319
228 481
228 864
228 965
228 291
228 451
228 465
228 261
228 935
228 635
228 722
228 414
228 516
228 886
229 441
229 496
229 809
229 908
229 865
229 949
229 634
229 467
229 846
230 515
230 286
230 632
230 517
230 617
230 912
230 484
230 350
230 907
230 328
230 483
230 440
230 742
230 452
230 671
230 845
230 610
230 903
230 940
231 267
231 762
231 944
231 251
231 442
231 268
231 643
231 622
231 739
231 826
231 450
231 646
231 368
231 378
232 898
232 451
232 676
232 690
232 337
232 351
232 913
232 968
232 524
232 350
232 763
232 695
232 598
233 732
233 755
233 637
233 589
233 734
233 889
233 910
233 724
233 809
233 577
233 826
233 516
233 324
233 389
234 532
234 927
234 913
234 366
234 801
234 738
235 925
235 472
235 436
235 338
235 952
235 385
235 274
235 936
235 504
235 313
235 727
235 705
235 431
235 489
235 594
235 264
235 601
235 731
235 352
235 978
235 870
235 392
235 593
235 315
235 873
235 783
235 370
235 333
235 571
235 964
235 459
235 500
236 432
236 720
236 913
236 694
236 322
236 270
236 693
236 802
236 469
236 896
236 846
236 649
236 916
236 660
236 892
236 286
236 334
236 787
236 799
236 807
237 567
237 904
237 734
237 436
237 964
237 439
237 896
237 640
238 506
238 285
238 665
238 447
238 548
238 547
238 305
238 797
238 456
238 340
238 772
239 267
239 898
239 463
239 762
239 567
239 520
239 742
239 315
239 770
239 271
239 930
239 598
239 896
240 885
240 563
240 883
240 293
240 770
240 516
240 352
240 620
240 549
240 862
240 942
240 888
240 714
240 460
240 990
241 794
241 674
241 699
241 467
241 404
241 348
241 581
241 914
241 527
241 781
241 566
242 709
242 771
242 799
242 620
242 660
242 815
242 351
242 495
242 710
242 490
242 407
242 988
242 307
242 958
242 511
242 673
243 292
243 263
243 762
243 935
243 984
243 667
243 929
243 660
243 612
243 551
243 865
243 684
243 914
244 420
244 602
244 415
244 548
244 952
244 888
244 826
244 416
244 503
244 289
244 890
245 515
245 686
245 720
245 260
245 913
245 851
245 984
245 889
245 722
245 386
245 347
245 736
245 895
245 826
245 299
245 325
245 461
245 608
246 686
246 900
246 580
246 623
246 601
246 346
246 854
246 363
246 371
247 480
247 775
247 742
247 500
247 671
247 788
247 876
247 307
247 712
247 807
248 774
248 881
248 520
248 725
248 304
248 924
248 651
248 897
249 602
249 489
249 674
249 690
249 857
249 901
249 733
249 437
249 581
249 874
249 286
249 472
249 453
249 456
249 838
249 926
249 347
249 339
249 921
249 910
249 943
249 408
249 797
249 948
249 296
249 507
249 588
249 432
249 353
249 920
249 317
249 604
249 865
249 869
249 848
249 988
249 415
249 969
249 801
249 524
249 903
249 792
249 457
249 991
250 674
250 350
250 391
250 404
250 352
250 499
250 841
251 451
251 480
251 414
251 969
251 455
251 995
251 877
251 992
251 698
251 638
251 946
251 466
251 516
251 787
251 582
251 714
251 461
252 790
252 589
252 463
252 502
252 300
252 931
252 696
252 761
253 625
253 986
253 711
253 617
253 667
253 700
253 576
253 936
253 444
253 329
253 272
253 776
253 437
253 608
253 485
253 420
253 324
253 797
253 913
253 373
253 352
253 837
253 727
254 515
254 601
254 700
254 458
254 470
254 452
254 375
254 568
254 877
254 626
254 903
254 942
254 879
254 977
255 878
255 372
255 472
255 795
255 903
255 651
255 806
255 440
255 935
255 528
255 579
255 673
255 822
256 470
256 746
256 826
256 372
256 328
256 885
256 333
256 961
256 792
257 776
257 844
257 643
257 980
257 919
257 824
257 989
257 515
257 948
257 677
257 758
257 783
257 695
258 622
258 382
258 543
258 550
258 867
258 763
258 824
258 491
258 997
258 660
258 557
258 970
258 975
258 608
259 653
259 432
259 382
259 517
259 734
259 552
259 739
259 501
259 858
259 928
259 691
259 401
259 852
259 346
259 620
259 528
259 590
260 862
260 278
260 655
260 264
260 376
260 733
260 678
260 331
260 262
260 806
260 750
260 700
260 552
260 467
260 730
260 616
260 876
260 371
260 475
261 980
261 478
261 765
261 636
261 950
261 895
261 385
261 415
261 855
261 492
261 384
261 617
261 520
261 383
261 954
261 671
261 818
261 483
261 964
261 880
262 732
262 690
262 829
262 517
262 737
262 853
262 487
262 837
262 896
262 446
263 267
263 998
263 387
263 432
263 898
263 643
263 938
263 744
263 628
263 581
263 562
263 840
263 385
263 607
263 784
263 351
263 846
263 842
263 906
263 820
263 418
263 648
263 983
264 625
264 691
264 609
264 676
264 322
264 377
264 612
264 357
264 745
264 404
265 512
265 402
265 456
265 469
265 520
265 754
265 624
265 553
265 856
265 470
265 397
265 528
265 404
265 772
265 460
265 990
266 846
266 666
266 347
266 655
266 969
266 832
266 695
266 389
267 421
267 479
267 288
267 395
267 527
267 294
267 934
267 715
267 709
267 583
267 642
267 748
267 983
267 958
267 736
267 756
267 875
267 469
267 913
267 489
267 490
267 559
267 333
267 927
267 557
267 719
267 774
267 721
267 771
267 563
267 780
267 571
267 794
267 539
267 666
267 322
267 384
267 849
267 695
267 528
267 911
267 389
268 781
268 860
268 794
268 899
268 828
268 714
268 385
268 912
268 777
268 767
268 435
268 604
268 729
268 904
268 506
268 977
268 521
268 747
268 595
269 512
269 479
269 717
269 287
269 596
269 801
269 829
269 726
269 964
269 794
269 803
269 619
269 846
269 563
269 854
269 546
269 365
269 279
269 524
269 837
269 381
269 995
269 921
269 317
269 888
270 948
270 291
270 447
270 730
270 613
270 863
271 515
271 819
271 589
271 514
271 660
271 364
271 610
271 802
271 981
271 944
271 372
271 445
271 764
271 535
271 551
271 865
272 689
272 760
272 548
272 853
272 516
272 427
272 465
272 732
272 320
272 475
272 841
272 303
273 877
273 850
273 725
273 650
273 952
273 944
273 910
273 372
273 678
273 588
274 992
274 401
274 312
274 763
274 775
274 571
274 791
274 490
274 565
275 794
275 432
275 862
275 448
275 580
275 302
275 964
275 495
275 436
275 358
275 579
276 296
276 709
276 846
276 774
276 856
276 781
276 562
276 650
276 986
276 677
276 534
276 872
276 693
276 386
276 528
276 556
276 888
277 624
277 383
277 470
277 734
277 367
277 889
277 293
277 920
277 904
277 516
277 481
277 396
277 552
277 278
277 761
277 457
277 449
277 978
277 794
277 957
277 670
277 722
277 970
277 746
277 428
277 281
277 730
277 301
277 744
277 851
277 385
277 792
278 819
278 639
278 558
278 779
278 877
278 689
278 715
278 557
278 979
278 739
278 332
278 743
278 954
278 452
278 548
278 505
278 450
279 432
279 589
279 489
279 856
279 330
279 993
279 402
279 656
279 850
279 339
279 914
279 563
279 918
279 757
279 401
279 722
279 635
279 956
279 960
279 633
279 344
279 428
279 905
279 976
279 788
279 404
279 950
280 512
280 959
280 517
280 645
280 925
280 978
280 809
280 979
280 928
280 657
281 512
281 776
281 506
281 637
281 857
281 559
281 775
281 520
281 766
281 418
281 516
281 955
281 767
282 897
282 548
282 571
282 484
282 531
282 631
282 896
283 451
283 489
283 404
283 701
283 461
284 294
284 313
284 857
284 415
284 781
284 335
284 516
284 620
284 903
284 975
284 747
284 893
284 991
284 680
285 420
285 594
285 751
285 720
285 432
285 402
285 711
285 948
285 693
285 796
285 681
285 361
285 556
285 661
285 778
285 357
285 727
285 548
285 398
285 845
285 843
285 393
285 451
285 501
285 782
285 329
285 313
285 862
285 520
285 734
285 481
285 993
285 466
285 352
285 911
285 943
285 767
286 794
286 462
286 597
286 847
286 350
286 320
286 405
286 315
286 669
286 632
286 313
286 351
286 465
286 742
286 658
286 401
286 577
286 466
286 623
286 908
286 966
286 407
286 673
287 291
287 429
287 559
287 988
287 842
287 671
287 854
287 638
287 873
287 528
287 792
287 766
287 956
287 557
287 715
287 621
287 678
287 494
287 577
287 333
287 888
288 512
288 532
288 780
288 756
288 764
288 422
288 829
288 891
288 775
288 945
288 619
288 349
288 689
288 729
288 955
288 461
289 938
289 480
289 415
289 654
289 606
289 532
289 325
289 881
289 563
289 946
289 974
289 558
289 926
289 931
289 528
289 693
290 753
290 736
290 480
290 866
290 988
290 744
290 934
290 653
290 357
290 308
290 488
290 823
290 616
290 291
290 332
290 829
290 455
290 649
290 342
290 620
291 619
291 426
291 539
291 509
291 489
291 295
291 975
291 666
291 477
291 377
291 943
291 404
291 528
291 493
291 525
291 867
291 530
291 560
291 600
291 356
291 993
291 642
291 961
291 375
291 526
291 954
291 553
291 677
291 463
291 984
291 833
291 385
291 853
291 616
291 405
291 767
291 680
292 944
292 878
292 341
292 330
292 811
292 304
292 541
292 496
292 517
292 851
292 910
292 977
293 948
293 674
293 750
293 442
293 548
293 889
293 400
293 669
293 746
293 937
293 883
293 607
293 814
293 729
293 410
293 313
293 785
293 328
293 762
293 563
293 777
293 655
293 620
293 837
293 710
293 967
293 473
293 888
294 732
294 681
294 583
294 548
294 378
294 649
294 585
294 647
294 742
294 658
294 393
294 738
294 611
294 620
295 613
295 567
295 359
295 659
295 766
295 938
295 349
295 470
295 832
295 969
295 510
295 379
295 549
295 958
296 336
296 420
296 707
296 818
296 320
296 345
296 633
296 895
296 894
296 868
296 972
296 873
296 605
296 567
296 540
296 592
296 381
297 432
297 819
297 846
297 674
297 327
297 458
297 847
297 788
297 903
297 570
297 579
298 776
298 666
298 904
298 394
298 501
298 519
298 847
298 849
298 316
299 544
299 645
299 981
299 768
299 674
299 404
299 805
299 634
299 706
299 635
299 366
299 656
299 452
299 801
299 693
299 419
299 827
300 774
300 535
300 858
300 864
300 764
300 745
300 995
300 828
301 589
301 743
301 716
301 992
301 671
301 561
301 638
301 655
301 724
301 936
301 657
301 817
302 532
302 543
302 332
302 733
302 984
302 954
302 505
302 465
302 703
302 352
302 921
302 958
302 708
303 915
303 313
303 327
303 349
303 391
303 768
303 506
303 365
303 379
303 758
303 360
303 368
303 474
303 442
304 915
304 541
304 674
304 510
304 944
304 923
304 559
304 322
304 760
304 820
304 359
304 673
305 732
305 399
305 947
305 880
305 439
305 917
305 812
305 489
305 618
305 835
305 477
305 404
306 589
306 674
306 734
306 367
306 725
306 416
306 629
306 805
306 780
306 798
306 660
306 830
306 320
306 931
306 977
307 512
307 898
307 923
307 520
307 965
307 322
307 760
307 467
307 481
307 406
307 940
307 984
307 730
307 963
307 950
307 596
307 798
307 327
307 893
308 856
308 742
308 929
308 377
308 941
308 427
308 922
308 740
308 384
308 848
309 696
309 401
309 993
309 953
309 855
309 903
309 314
309 421
309 863
309 612
309 909
309 837
309 381
309 995
310 776
310 451
310 716
310 988
310 436
310 699
310 993
310 577
310 528
310 911
310 983
311 665
311 672
311 826
312 532
312 415
312 392
312 773
312 939
312 603
312 567
312 419
312 465
312 958
313 388
313 313
313 356
313 989
313 691
313 418
313 333
313 833
313 708
313 415
313 830
313 482
313 589
313 337
313 893
313 587
313 795
313 780
313 999
313 504
313 520
313 747
313 354
313 803
313 876
313 884
313 361
313 850
313 873
313 843
313 899
313 602
313 539
313 816
313 961
313 338
313 393
313 414
313 538
314 387
314 437
314 594
314 346
314 707
314 871
314 757
314 625
314 790
314 627
314 475
314 640
314 443
314 559
314 436
314 481
314 824
314 853
314 406
314 320
314 888
315 617
315 699
315 401
315 682
315 742
315 527
315 569
315 404
315 333
315 508
315 634
315 800
315 488
315 831
315 660
315 416
315 477
315 406
315 942
315 538
316 709
316 624
316 782
316 870
316 937
316 951
316 571
316 404
316 813
316 893
316 990
317 803
317 653
317 639
317 869
317 665
317 494
317 406
317 455
318 898
318 653
318 686
318 851
318 514
318 542
318 598
318 846
318 624
318 774
318 429
318 467
318 836
318 714
319 700
319 750
319 897
319 762
319 590
319 690
319 430
319 752
319 532
319 472
319 850
319 401
319 362
319 903
319 930
320 762
320 954
320 739
320 454
320 964
320 665
320 533
320 590
320 403
320 410
320 801
320 581
320 514
320 638
320 679
320 594
320 537
320 691
320 374
320 911
320 714
321 846
321 954
321 993
321 435
321 525
321 828
321 368
321 958
321 677
321 879
321 579
321 827
322 778
322 532
322 550
322 374
322 552
322 672
322 500
322 669
322 945
322 527
322 360
322 708
322 687
322 348
322 553
322 830
322 799
322 925
322 499
322 604
322 555
322 530
322 503
322 967
322 377
322 573
322 495
322 854
322 712
322 808
322 440
322 966
322 564
322 718
322 770
322 976
322 358
322 697
322 930
322 879
322 896
322 402
323 709
323 366
323 547
323 673
323 770
323 331
323 338
323 611
323 908
323 352
324 774
324 645
324 783
324 652
324 441
324 834
325 545
325 574
325 463
325 489
325 496
325 452
325 506
325 559
325 696
325 385
325 900
325 456
325 334
325 761
325 723
325 858
325 866
325 733
325 590
325 851
325 988
325 978
325 720
326 599
326 785
326 366
326 783
326 792
326 772
326 955
327 411
327 829
327 337
327 780
327 339
327 405
327 590
327 944
327 872
327 444
327 668
327 921
327 349
328 795
328 743
328 605
328 856
328 366
328 557
328 784
328 644
328 977
329 967
329 603
329 836
329 510
329 944
329 593
329 616
330 948
330 762
330 972
330 997
330 726
330 824
331 613
331 881
331 658
331 620
331 614
331 747
331 893
331 974
332 382
332 985
332 578
332 958
332 682
332 590
332 384
332 526
332 540
332 871
332 620
332 404
332 368
332 389
333 700
333 370
333 918
333 632
333 907
333 856
333 897
333 845
333 477
333 936
333 727
333 404
333 772
334 372
334 898
334 496
334 406
334 439
334 831
334 564
334 597
334 661
334 905
334 714
335 438
335 736
335 885
335 912
335 491
335 581
335 862
335 804
335 607
335 791
335 998
335 770
335 620
335 557
336 898
336 794
336 821
336 943
336 464
336 350
336 589
336 459
336 970
337 944
337 482
337 674
337 617
337 658
337 649
337 386
337 942
337 340
338 545
338 690
338 742
338 762
338 394
338 425
338 618
338 915
338 598
338 432
338 844
338 521
338 631
338 869
338 646
338 723
338 685
338 597
338 502
338 528
339 878
339 691
339 760
339 766
339 379
339 644
340 925
340 650
340 783
340 788
340 619
340 720
340 392
340 782
340 958
341 794
341 432
341 677
341 520
341 383
341 695
341 830
341 896
342 744
342 411
342 535
342 969
342 664
342 933
342 905
343 625
343 938
343 677
343 463
343 877
343 659
343 849
343 995
344 677
344 753
344 964
344 847
344 568
344 902
344 658
344 762
344 535
344 617
344 904
344 552
344 638
344 501
344 879
345 671
345 520
345 925
345 445
345 646
345 969
345 615
345 990
346 594
346 498
346 932
346 436
346 477
346 843
346 612
346 557
346 772
346 905
346 817
346 566
347 619
347 900
347 674
347 825
347 712
347 430
347 471
347 642
347 469
347 417
347 667
347 473
348 506
348 819
348 629
348 760
348 561
349 512
349 463
349 711
349 563
349 381
349 357
349 815
349 415
349 914
349 426
349 681
349 644
349 413
349 722
349 521
349 996
349 497
349 359
349 429
349 355
349 929
349 384
349 663
350 451
350 814
350 976
350 426
350 529
350 877
350 603
350 570
350 859
350 818
350 525
350 853
350 490
350 566
351 898
351 437
351 913
351 843
351 558
351 474
351 456
351 614
351 893
352 933
352 544
352 932
352 700
352 833
352 650
352 739
352 771
352 470
352 876
352 377
352 835
352 395
352 656
352 513
353 429
353 965
353 415
353 760
353 398
353 686
353 367
353 463
353 797
353 670
353 812
353 811
353 600
353 865
353 931
354 382
354 415
354 423
354 944
354 576
355 700
355 782
355 956
355 993
355 360
355 626
355 929
355 641
355 859
355 793
356 512
356 482
356 541
356 798
356 370
356 857
356 960
356 567
356 768
356 858
356 801
356 908
356 542
356 612
356 600
356 381
356 995
357 382
357 394
357 393
357 833
357 416
357 948
357 695
357 785
357 362
357 381
357 903
357 954
357 669
357 709
357 706
357 867
357 602
357 378
357 893
358 794
358 509
358 672
358 707
358 731
358 468
358 387
358 763
358 514
358 568
358 451
358 766
358 636
358 485
358 646
358 803
358 732
358 884
358 716
358 700
358 416
358 695
358 813
358 859
359 420
359 602
359 742
359 456
359 722
359 770
359 858
359 933
359 995
359 772
359 537
359 515
359 745
360 532
360 794
360 795
360 451
360 550
360 769
360 729
360 985
360 660
360 400
360 879
360 673
361 762
361 734
361 984
361 729
361 418
361 695
361 698
361 660
362 992
362 833
362 911
362 593
363 559
363 742
363 620
363 641
363 539
363 483
363 714
364 489
364 766
364 947
364 970
364 911
364 893
364 990
365 589
365 489
365 760
365 546
365 529
365 958
365 767
366 778
366 437
366 507
366 520
366 645
366 369
366 590
366 821
366 879
366 962
366 958
366 908
366 923
366 578
366 390
366 503
366 740
366 968
366 905
366 956
366 989
366 833
366 764
366 587
366 980
366 619
366 971
366 373
366 612
366 688
367 676
367 563
367 737
367 726
367 439
367 512
367 751
367 456
367 466
367 463
367 382
367 578
367 542
367 396
367 836
367 485
367 393
367 518
367 538
367 896
367 801
367 792
367 802
367 817
368 927
368 391
368 699
368 481
368 728
368 610
368 630
368 384
368 932
368 557
368 827
368 447
368 434
368 489
368 510
368 623
368 839
368 764
368 680
368 844
368 609
368 719
369 778
369 382
369 677
369 913
369 742
369 500
369 551
370 480
370 739
370 554
370 379
370 886
370 814
370 482
370 551
370 582
371 690
371 563
371 716
371 842
371 845
371 712
371 434
371 414
372 482
372 998
372 918
372 589
372 613
372 517
372 737
372 629
372 627
372 809
372 903
372 400
373 602
373 676
373 775
373 671
373 561
373 881
373 822
373 571
373 861
373 836
373 949
374 934
374 690
374 652
374 562
374 433
374 710
374 593
374 481
374 821
375 819
375 474
375 697
375 377
375 873
375 571
375 908
375 450
375 657
376 862
376 550
376 972
376 833
376 589
376 707
376 783
376 667
376 985
376 772
376 836
376 911
376 767
377 382
377 658
377 910
377 960
377 593
377 563
377 462
377 540
377 538
377 707
377 753
377 936
377 657
377 977
378 395
378 677
378 866
378 381
378 673
379 681
379 885
379 567
379 954
379 658
379 810
379 993
379 413
379 543
379 411
379 394
379 790
379 403
379 762
379 691
379 601
379 427
379 706
379 760
379 556
379 743
379 879
379 634
379 747
379 383
379 765
379 758
379 926
379 837
379 466
379 553
379 963
379 761
379 538
379 982
379 449
379 399
379 678
380 736
380 489
380 447
380 856
380 436
380 650
380 766
380 853
380 911
380 527
381 594
381 637
381 523
381 853
381 801
381 942
381 879
381 606
381 433
381 603
382 411
382 541
382 602
382 409
382 387
382 819
382 780
382 429
382 568
382 603
382 633
382 787
382 860
382 454
382 619
382 624
382 972
382 883
382 655
382 809
382 837
382 836
382 888
383 790
383 514
383 775
383 411
383 536
383 415
383 919
383 609
383 850
383 966
383 791
383 810
383 548
383 539
383 627
383 678
383 547
383 452
383 929
383 510
383 675
383 809
383 508
383 528
383 473
383 389
383 767
384 794
384 520
384 647
384 899
384 929
384 443
384 821
384 588
384 743
384 816
384 516
384 888
384 566
385 632
385 608
385 904
385 676
385 461
385 468
385 434
385 967
385 401
385 993
385 540
385 615
385 579
385 896
385 991
386 851
386 824
386 809
386 853
386 997
386 471
386 634
386 581
386 450
386 603
386 396
386 701
386 747
386 655
386 716
386 490
386 473
387 855
387 727
387 669
387 984
387 481
387 730
387 657
387 714
388 720
388 441
388 933
388 529
388 607
388 843
388 716
388 808
388 573
388 701
388 478
388 923
388 624
388 550
388 456
388 809
388 644
389 432
389 637
389 782
389 819
389 702
389 733
389 540
389 639
389 671
390 601
390 661
390 700
390 571
390 630
390 893
390 722
391 517
391 559
391 851
391 926
391 923
391 816
391 846
391 404
391 727
391 496
391 699
391 691
391 950
391 431
391 905
391 946
391 524
391 599
391 894
391 939
391 515
391 612
391 589
391 564
391 530
391 633
391 936
391 621
391 735
391 398
391 853
391 673
391 566
392 795
392 561
392 815
392 485
392 519
392 845
392 701
393 451
393 480
393 906
393 459
393 982
393 711
393 921
393 761
393 890
393 669
393 401
393 730
393 414
393 477
393 888
393 673
394 877
394 907
394 419
394 466
394 695
394 784
394 657
395 512
395 794
395 638
395 466
395 863
395 805
395 927
395 539
395 769
395 850
395 580
395 807
396 512
396 601
396 859
396 907
396 844
396 744
396 786
396 895
397 754
397 624
397 954
397 722
397 618
397 997
397 659
397 794
397 968
397 554
397 718
397 744
397 896
397 555
398 562
398 929
398 987
398 940
398 729
398 774
398 842
398 685
398 801
398 528
398 621
399 762
399 676
399 591
399 647
399 456
399 993
399 958
399 601
399 876
399 572
400 776
400 677
400 480
400 910
400 809
400 422
400 658
400 589
400 523
400 889
400 766
400 962
400 507
400 851
400 978
400 462
400 738
400 813
401 520
401 824
401 723
401 820
401 875
401 888
401 779
401 568
401 678
401 780
401 854
401 497
401 452
401 790
401 869
401 614
401 919
401 925
401 669
401 758
401 505
401 785
401 519
401 629
401 508
401 969
401 909
401 855
401 495
401 970
401 668
401 757
401 908
401 620
402 452
402 427
402 985
402 964
402 806
402 405
402 649
402 871
402 446
403 553
403 562
403 527
403 871
403 851
403 494
403 848
403 652
403 801
403 542
403 930
404 792
404 530
404 646
404 760
404 785
404 765
404 959
404 718
404 621
404 963
404 894
404 584
404 683
404 602
404 947
404 780
404 562
404 872
404 855
404 813
404 572
404 747
405 743
405 711
405 954
405 415
405 649
405 490
405 501
405 619
405 608
405 888
406 489
406 520
406 704
406 752
406 667
406 947
406 654
406 932
406 669
406 551
406 999
406 508
406 957
406 536
406 790
406 485
406 703
406 498
406 643
406 538
406 596
406 437
406 794
406 894
406 426
406 928
406 761
406 608
406 581
406 930
406 911
406 888
407 677
407 415
407 452
407 724
407 845
407 585
407 433
407 983
407 683
407 702
407 472
407 746
407 949
408 998
408 589
408 743
408 932
408 988
408 825
408 649
408 516
408 949
409 532
409 483
409 977
409 891
409 756
409 914
409 518
409 617
409 734
409 770
409 477
409 616
409 801
409 871
410 474
410 467
410 516
410 568
410 935
410 694
410 673
410 848
410 605
410 792
410 612
410 549
410 764
410 911
411 574
411 441
411 760
411 520
411 564
411 844
411 480
411 967
411 833
411 772
411 686
411 567
411 696
411 809
411 612
411 792
411 970
411 572
412 599
412 877
412 415
412 758
412 725
412 650
412 770
412 809
412 864
412 473
412 991
413 803
413 567
413 877
413 925
413 470
413 742
413 486
413 772
414 686
414 447
414 672
414 798
414 434
414 812
414 501
414 605
414 933
414 693
414 557
414 473
414 475
415 913
415 721
415 628
415 792
415 634
415 957
415 914
415 800
415 690
415 988
415 643
415 953
415 741
415 962
415 631
415 604
415 569
415 875
415 994
415 839
415 424
415 614
416 599
416 856
416 737
416 825
416 839
416 650
416 783
416 808
416 971
416 819
416 542
416 637
416 660
416 538
416 615
416 598
416 789
416 474
416 463
416 709
416 488
416 908
416 792
416 887
416 662
416 605
416 775
416 494
416 532
416 946
416 837
416 991
417 691
417 480
417 972
417 748
417 708
418 898
418 591
418 818
418 476
418 694
418 584
418 810
418 639
418 899
418 942
418 504
418 771
419 686
419 753
419 901
419 674
419 470
419 695
419 666
419 708
420 898
420 432
420 624
420 525
420 718
420 837
420 935
420 649
420 497
420 922
420 632
420 846
420 489
420 667
420 466
421 524
421 452
421 561
421 685
421 639
421 846
421 994
421 451
421 762
421 517
421 520
421 810
421 729
421 526
421 516
421 648
422 790
422 489
422 845
422 992
422 682
422 827
422 554
422 538
422 828
423 532
423 676
423 517
423 992
423 627
423 650
423 475
424 543
424 677
424 639
424 617
424 897
424 556
424 891
424 693
425 938
425 438
425 997
425 970
425 778
425 899
425 714
425 977
426 777
426 987
426 579
426 809
426 701
426 856
426 726
426 470
426 738
426 538
426 827
427 479
427 986
427 750
427 507
427 548
427 825
427 467
427 916
427 448
427 641
427 801
427 466
427 942
427 975
427 598
427 977
428 794
428 959
428 624
428 561
428 931
429 812
429 779
429 652
429 740
429 790
429 895
429 510
429 891
429 752
429 996
429 451
429 741
429 432
429 543
429 998
429 829
429 936
429 442
429 516
429 615
429 893
430 794
430 597
430 916
430 764
430 917
430 804
430 629
430 950
430 765
430 462
430 648
430 528
430 792
430 977
431 933
431 443
431 912
431 988
431 842
431 904
431 597
431 908
431 702
431 995
432 441
432 432
432 751
432 637
432 992
432 931
432 687
432 855
432 951
432 905
432 547
432 770
432 702
432 915
432 884
432 914
432 792
432 837
432 756
432 973
432 588
432 575
432 490
432 465
432 891
432 988
432 765
432 578
432 619
432 802
432 666
432 474
432 629
432 918
432 841
433 594
433 862
433 885
433 768
433 783
433 802
433 561
433 977
434 661
434 897
434 561
434 456
434 660
434 815
434 974
435 794
435 762
435 877
435 993
435 667
435 592
435 859
435 964
435 863
435 811
435 780
435 526
436 552
436 452
436 844
436 997
436 775
436 636
436 970
436 741
436 627
436 978
436 667
436 805
436 777
436 873
436 620
436 630
437 541
437 720
437 437
437 774
437 610
437 973
437 939
437 731
437 785
437 673
437 511
437 549
437 466
437 764
437 617
437 597
437 711
437 663
437 677
437 470
437 650
437 623
437 849
437 745
437 708
438 777
438 591
438 734
438 600
438 466
438 849
438 465
438 885
438 470
438 858
438 445
438 565
439 602
439 567
439 647
439 739
439 941
439 544
439 754
440 715
440 642
440 586
440 836
440 666
440 768
440 745
441 471
441 718
441 889
441 450
441 623
441 896
441 716
441 784
441 475
442 512
442 613
442 480
442 517
442 520
442 954
442 838
442 744
442 625
442 578
442 972
442 497
442 751
442 840
442 849
442 976
442 523
442 731
442 947
442 767
442 608
443 515
443 594
443 764
443 719
443 624
443 870
443 940
443 987
443 584
443 801
443 846
443 602
443 489
443 711
443 617
443 447
443 904
443 766
443 849
443 657
443 787
444 686
444 520
444 734
444 546
444 701
444 893
444 827
445 726
445 650
445 918
445 612
445 809
445 983
445 914
446 535
446 548
446 977
446 473
446 909
446 616
446 772
446 943
446 795
446 856
447 900
447 696
447 850
447 965
447 629
447 929
447 853
447 620
447 695
448 933
448 885
448 700
448 810
448 969
448 891
448 587
448 634
448 792
449 891
449 478
449 507
449 845
449 800
449 614
449 846
449 930
450 617
450 470
450 487
450 995
450 865
450 991
451 515
451 686
451 550
451 535
451 816
451 502
451 551
451 902
451 459
451 718
451 674
451 649
451 792
451 772
451 673
452 601
452 984
452 552
452 496
452 651
452 708
452 837
452 715
452 576
452 536
452 950
452 804
452 665
452 746
452 700
452 908
452 971
452 543
452 569
452 886
452 946
452 799
453 709
453 507
453 698
453 484
453 473
453 741
453 776
454 754
454 927
454 825
454 948
454 909
454 964
454 680
455 480
455 786
455 678
455 917
455 705
455 871
456 618
456 544
456 671
456 937
456 517
456 770
456 690
456 783
456 880
456 531
456 879
456 567
456 853
456 772
456 657
457 665
457 775
457 809
457 940
457 991
458 960
458 618
458 629
458 746
458 696
458 656
458 720
458 972
458 856
458 520
458 697
458 467
458 475
459 862
459 667
459 504
459 586
459 965
459 528
459 462
459 670
459 911
459 890
460 574
460 930
460 657
460 663
460 862
460 703
460 995
460 481
461 721
461 597
461 610
461 771
461 972
461 515
462 899
462 679
462 660
462 882
462 995
462 598
462 680
463 480
463 743
463 753
463 627
463 818
463 580
463 894
463 907
463 678
463 575
463 470
463 629
463 604
463 651
463 864
463 683
463 938
463 483
463 499
463 966
463 638
463 985
463 745
463 714
463 977
464 512
464 776
464 788
464 557
464 792
464 768
465 851
465 515
465 822
465 540
465 628
465 558
465 831
465 803
465 542
465 793
465 650
465 655
465 745
465 893
465 974
466 545
466 674
466 483
466 571
466 726
466 517
466 941
466 549
466 788
466 684
466 660
466 844
466 991
466 558
466 524
466 819
466 882
466 871
466 576
466 473
466 747
467 691
467 624
467 913
467 505
467 635
467 480
467 830
467 942
467 907
467 637
467 654
467 504
467 993
467 899
467 929
467 868
467 964
467 949
468 617
468 694
468 474
468 623
468 531
468 510
468 542
469 755
469 758
469 825
469 910
469 793
469 958
469 579
469 497
469 772
469 764
469 888
470 790
470 700
470 765
470 726
470 507
470 877
470 808
470 771
470 485
470 543
470 719
470 963
470 967
470 816
470 780
470 513
470 910
470 837
470 746
470 673
470 699
470 535
470 986
470 593
470 481
470 724
470 571
470 484
470 576
470 990
471 700
471 734
471 477
471 837
471 880
471 551
471 977
472 506
472 524
472 882
472 563
472 991
472 905
472 792
472 579
473 751
473 638
473 660
473 849
473 836
473 684
473 594
473 833
473 750
473 830
473 611
473 890
473 919
473 842
473 785
473 877
473 581
473 673
474 948
474 754
474 913
474 536
474 833
474 611
474 882
474 808
474 863
474 547
474 772
474 983
474 787
475 686
475 613
475 742
475 730
475 899
475 979
475 806
475 905
475 879
475 923
475 712
475 747
475 502
475 954
476 722
476 969
476 905
476 657
476 975
477 816
477 970
477 988
477 708
477 721
477 700
477 977
477 565
477 923
477 538
477 974
478 907
478 807
478 850
478 483
478 538
478 828
478 879
478 958
479 506
479 778
479 587
479 731
479 553
479 653
479 579
479 688
479 644
479 999
479 991
479 933
479 790
479 954
479 577
479 738
479 827
480 527
480 812
480 736
480 681
480 523
480 706
480 745
480 838
480 877
480 801
480 507
480 484
480 807
480 770
480 908
480 553
480 748
480 811
480 663
480 844
480 827
480 567
480 972
480 935
480 552
480 760
480 993
480 650
480 964
480 917
480 583
480 974
481 948
481 898
481 677
481 897
481 704
481 671
481 913
481 922
481 999
481 994
481 990
481 705
481 713
481 899
481 838
481 628
481 584
481 856
481 812
481 975
481 849
481 500
481 661
481 625
481 739
481 491
481 809
481 484
481 534
481 620
481 710
482 514
482 635
482 685
482 659
482 775
482 507
482 548
482 592
482 529
483 674
483 895
483 626
483 764
483 942
483 970
483 873
483 977
483 762
483 947
483 730
483 606
483 583
484 625
484 774
484 508
484 855
484 934
484 589
484 976
485 802
485 911
485 634
485 807
485 870
485 639
485 708
486 512
486 674
486 913
486 856
486 575
486 684
486 667
486 595
486 538
486 708
486 964
486 588
486 745
486 929
486 801
487 729
487 889
487 606
487 881
487 646
487 582
487 834
487 516
487 860
488 504
488 888
488 822
489 589
489 795
489 677
489 959
489 681
489 533
489 915
489 887
489 954
489 755
489 493
489 560
489 512
489 995
489 782
489 549
489 521
489 784
489 655
489 855
489 731
489 966
489 585
489 844
489 557
489 994
489 902
489 516
489 908
489 497
489 865
490 885
490 629
490 977
490 844
490 728
490 663
490 579
491 545
491 635
491 884
491 751
491 816
491 681
491 574
491 959
491 746
491 564
491 883
491 964
492 898
492 686
492 980
492 722
492 626
492 571
492 529
492 911
493 515
493 618
493 908
493 764
493 569
494 932
494 700
494 763
495 602
495 734
495 835
495 580
495 995
495 828
496 624
496 762
496 674
496 951
496 776
496 791
496 993
496 979
496 775
496 985
496 719
496 567
496 766
496 695
496 727
496 958
497 509
497 617
497 667
497 930
497 840
498 873
498 841
498 502
498 510
498 652
498 964
498 995
498 561
498 551
498 813
498 893
498 869
499 778
499 794
499 900
499 856
499 520
499 742
499 671
499 825
499 649
499 787
500 790
500 954
500 516
500 840
500 962
500 965
500 794
500 855
500 613
500 926
500 733
500 931
500 558
500 562
500 853
500 738
500 792
500 787
501 653
501 658
501 820
501 877
501 665
501 908
501 519
501 651
501 840
501 896
502 877
502 760
502 845
502 510
502 809
502 577
502 596
502 770
502 757
502 987
502 648
502 595
503 520
503 672
503 523
503 615
503 540
504 512
504 653
504 774
504 600
504 589
504 669
504 846
504 578
504 955
504 977
505 690
505 672
505 883
505 895
505 892
505 791
505 993
505 903
505 551
505 621
506 545
506 625
506 938
506 593
506 697
506 954
506 897
506 742
506 580
506 516
506 631
506 575
507 864
507 627
507 665
507 561
507 667
507 940
507 836
507 747
508 617
508 558
508 801
508 826
508 634
508 584
508 991
509 677
509 992
509 903
509 705
509 998
509 755
509 893
509 897
509 760
509 577
509 620
510 913
510 520
510 734
510 650
510 929
510 969
510 792
510 889
510 701
510 837
510 617
510 723
510 693
510 908
510 942
511 539
511 842
511 696
511 802
511 813
511 680
512 944
512 533
512 616
512 988
512 956
512 965
512 855
512 555
512 994
512 788
512 917
512 991
512 949
512 525
512 514
512 915
512 774
512 897
512 728
512 540
512 792
513 539
513 589
513 743
513 695
514 915
514 676
514 571
514 528
515 934
515 663
515 978
515 599
515 966
515 999
515 713
515 706
515 829
515 799
515 617
515 775
515 752
515 839
515 937
516 901
516 571
516 992
516 846
516 806
516 841
516 639
516 875
516 877
516 982
516 988
516 663
516 540
516 725
516 518
516 620
516 940
516 975
516 615
517 803
517 898
517 617
517 652
517 844
517 687
517 641
517 801
517 791
517 640
517 875
517 830
517 983
517 957
517 959
517 535
517 554
517 789
517 520
517 853
517 738
517 799
518 751
518 562
518 910
518 903
518 930
518 806
518 579
519 523
519 857
519 577
519 571
519 695
519 920
520 686
520 572
520 831
520 687
520 749
520 618
520 777
520 758
520 878
520 977
520 888
520 709
520 899
520 806
520 963
521 676
521 904
521 954
521 561
521 922
521 778
521 541
521 695
522 762
522 826
522 861
522 533
522 947
522 727
522 792
522 822
523 545
523 619
523 972
523 713
523 561
523 893
524 616
524 680
524 994
524 877
524 883
524 640
524 654
525 846
525 542
525 736
525 572
525 590
525 897
525 808
526 697
526 944
526 606
526 993
526 899
526 788
526 940
526 974
527 934
527 988
527 971
527 881
527 996
527 592
527 796
527 620
527 879
528 677
528 816
528 916
528 717
528 928
528 818
528 576
528 590
528 811
528 707
528 969
528 647
528 906
528 934
528 668
528 627
528 942
528 772
528 828
529 700
529 688
529 926
529 659
529 684
529 810
529 566
530 686
530 624
530 842
530 675
530 577
530 586
530 648
530 631
530 888
531 999
531 781
531 864
531 726
531 918
531 828
531 852
531 977
531 807
532 948
532 878
532 776
532 550
532 926
532 848
532 803
532 915
532 854
532 918
532 853
532 695
532 802
533 934
533 670
533 611
533 975
533 603
533 755
533 698
533 685
534 619
534 700
534 721
534 820
534 633
534 643
534 627
534 608
535 922
535 664
535 617
535 671
535 620
535 930
535 576
536 561
536 926
536 978
536 877
536 812
536 617
536 913
536 558
536 809
536 572
536 799
536 807
537 898
537 639
537 733
537 725
537 541
537 722
537 778
537 924
537 859
537 942
537 836
537 708
538 935
538 995
538 761
538 706
538 887
538 680
539 778
539 898
539 777
539 790
539 591
539 578
539 696
539 825
539 737
539 878
539 822
539 759
539 938
539 743
539 885
539 816
539 872
539 644
539 572
539 888
540 567
540 809
540 725
540 716
540 818
540 607
540 636
540 972
540 700
540 614
541 696
541 681
541 648
541 733
541 893
541 644
542 927
542 835
542 933
542 676
542 898
542 563
542 977
543 794
543 751
543 884
543 739
543 677
543 762
543 658
543 616
543 911
544 735
544 690
544 913
544 965
544 704
544 929
544 808
544 849
545 732
545 741
545 784
545 911
545 846
545 783
545 929
545 648
546 619
546 812
546 911
546 699
546 826
546 938
546 837
546 579
547 901
547 700
547 729
547 730
547 650
547 892
547 997
548 589
548 741
548 609
548 780
548 562
548 928
548 762
548 736
548 684
548 938
548 967
548 996
548 654
548 891
548 551
548 910
548 594
548 981
548 812
548 630
548 815
548 924
548 823
548 585
548 997
548 800
548 782
549 676
549 818
549 666
549 723
549 595
549 703
549 794
549 864
549 660
549 695
549 828
550 733
550 617
550 809
550 797
550 656
550 592
550 649
550 626
550 930
550 838
550 991
551 829
551 691
551 779
551 848
551 845
551 668
551 661
551 662
551 965
551 964
551 814
551 895
551 618
551 817
551 860
551 958
551 720
551 927
551 988
551 973
551 822
552 938
552 561
552 554
552 582
552 987
552 804
552 574
552 802
552 636
552 562
552 729
552 788
552 903
552 772
552 673
553 766
553 738
553 657
553 730
553 788
553 876
553 896
553 673
554 915
554 846
554 743
554 927
554 658
554 671
554 833
554 680
554 792
554 989
554 811
554 592
554 945
554 695
554 888
555 998
555 898
555 918
555 801
555 815
555 640
555 959
556 640
556 974
557 881
557 842
557 718
557 769
557 596
557 722
557 664
557 667
557 644
557 968
558 775
558 621
559 665
559 932
559 748
559 591
559 676
559 605
559 789
559 574
559 564
559 920
559 995
559 982
559 942
559 820
559 987
559 567
559 856
559 583
559 931
560 794
560 818
560 824
560 839
560 695
561 862
561 932
561 827
561 598
561 871
561 687
561 933
561 740
561 636
561 997
561 578
561 786
561 805
561 919
561 770
561 817
561 793
562 951
562 865
562 792
562 931
562 661
562 985
562 703
562 611
562 578
562 742
562 838
562 620
562 745
562 886
562 747
562 787
562 888
563 732
563 744
563 995
563 971
563 863
563 689
563 647
563 752
563 770
563 788
563 714
563 680
563 974
564 948
564 602
564 677
564 676
564 982
564 577
564 837
564 608
565 829
565 617
565 722
565 738
565 710
565 767
565 702
566 632
566 711
566 966
566 940
566 911
566 831
566 803
566 992
566 837
566 915
566 579
566 587
567 743
567 927
567 740
567 635
567 846
567 687
567 810
567 999
567 624
567 802
567 728
567 813
567 877
567 750
567 832
567 729
567 858
567 662
567 678
568 674
568 824
568 929
568 660
569 885
569 947
569 916
569 713
569 703
569 768
569 740
569 877
569 635
569 730
569 995
570 900
570 690
570 954
570 606
570 697
570 572
570 893
571 632
571 604
571 634
571 693
571 737
571 787
571 760
571 666
571 613
571 593
571 748
571 621
571 916
571 683
571 832
571 647
571 996
571 935
571 959
571 746
571 890
572 625
572 954
572 969
572 584
572 617
573 913
573 786
573 954
573 766
573 853
573 862
573 879
573 742
573 950
573 888
574 622
574 998
574 919
574 962
574 602
574 801
574 977
574 673
575 913
575 650
575 892
575 604
575 611
575 788
575 911
575 738
576 954
576 695
576 782
576 743
576 586
576 982
576 708
577 589
577 720
577 916
577 669
577 805
577 975
577 667
577 803
577 591
577 654
577 692
577 908
577 940
577 836
577 921
578 892
578 620
579 837
579 598
579 903
579 946
579 798
579 799
579 790
579 679
579 979
580 805
580 744
580 679
580 780
580 901
580 966
581 981
581 693
581 881
581 657
581 817
581 896
582 778
582 857
582 617
582 824
582 722
582 809
582 695
582 697
582 839
583 637
583 775
583 760
583 824
583 727
583 772
583 902
583 680
583 708
584 785
584 660
584 691
584 828
584 977
585 686
585 768
585 992
585 730
585 792
586 856
586 954
586 781
586 809
586 702
586 612
586 905
587 760
587 801
587 865
588 709
588 589
588 762
588 895
588 638
588 609
588 901
588 896
589 900
589 677
589 639
589 812
589 945
589 962
589 654
589 817
589 759
589 934
589 592
589 729
589 649
589 973
589 764
589 923
589 716
589 906
590 927
590 779
590 801
590 931
591 734
591 992
591 890
591 760
591 853
591 788
591 964
591 977
592 915
592 993
592 969
592 731
592 737
592 848
592 720
592 742
592 723
592 663
593 794
593 594
593 954
593 889
593 886
593 896
594 742
594 719
594 754
594 774
594 901
594 829
594 696
594 995
594 614
595 933
595 676
595 658
595 648
595 802
595 784
596 915
596 743
596 913
596 664
596 693
596 806
596 911
597 954
597 788
597 729
598 923
598 969
598 764
598 941
598 925
598 733
598 686
598 953
599 942
599 916
599 649
599 930
599 991
600 798
600 858
600 989
600 613
600 946
600 787
600 608
600 807
601 637
601 753
601 981
601 669
601 675
601 850
601 674
601 885
601 762
601 716
601 742
601 847
602 619
602 898
602 602
602 773
602 945
602 856
602 682
602 818
602 668
602 747
602 923
602 630
602 965
602 726
602 981
602 787
602 793
602 637
602 716
602 693
602 806
602 702
602 955
602 767
603 778
603 659
603 783
603 747
603 673
603 807
604 929
605 696
605 858
605 816
605 837
605 883
605 635
605 947
605 853
605 801
606 700
606 932
606 907
606 697
606 969
607 639
607 774
607 856
607 734
607 713
607 684
608 933
608 988
608 609
608 612
608 620
608 759
608 816
608 921
608 615
608 945
608 924
608 700
608 767
608 718
608 958
609 720
609 613
609 820
609 788
610 666
610 763
610 722
610 730
610 987
610 929
610 727
610 838
610 995
611 926
611 974
612 908
612 865
612 766
612 858
612 803
612 942
613 794
613 819
613 904
613 927
613 954
613 935
613 896
613 977
613 680
614 694
614 645
614 658
614 985
614 903
614 942
614 911
614 755
614 924
614 707
614 727
614 969
614 944
615 774
615 786
615 738
615 648
615 942
615 755
615 784
615 870
615 803
615 867
615 869
615 974
616 677
616 676
616 913
616 760
616 673
616 708
616 716
616 919
616 865
616 639
616 693
616 648
616 714
616 977
617 690
617 912
617 999
617 877
617 731
617 944
617 773
617 706
617 740
617 879
617 945
617 734
617 788
617 648
617 942
617 964
617 727
618 819
618 677
618 832
618 778
618 642
618 977
618 686
618 671
618 942
618 630
618 852
619 803
619 706
619 918
619 938
619 647
619 660
619 673
620 938
620 700
620 756
620 785
620 640
620 710
620 877
620 993
620 721
620 697
620 657
620 732
620 766
620 777
620 663
620 966
620 887
620 955
620 787
620 896
621 754
621 630
621 833
621 942
621 720
621 643
621 663
621 896
622 837
622 661
622 690
622 863
622 829
622 626
622 665
622 969
622 648
622 940
622 673
623 809
623 873
623 773
623 769
623 944
623 744
623 964
623 799
624 959
624 885
624 795
624 859
624 923
624 992
624 957
624 658
624 693
624 788
624 970
625 750
625 718
625 904
625 700
625 737
625 935
626 677
626 975
626 874
626 922
626 681
626 773
626 801
626 747
627 760
627 918
627 967
627 893
628 677
628 986
628 912
628 666
628 726
628 635
628 837
628 940
628 663
629 795
629 906
629 717
629 833
629 710
629 868
629 963
629 648
629 998
629 763
629 730
629 970
629 643
629 896
629 977
630 639
630 886
630 819
630 953
630 929
631 989
631 675
631 809
631 783
631 790
631 793
632 944
632 747
632 818
632 722
632 789
632 910
632 677
632 829
632 857
632 887
632 734
632 672
632 725
632 675
632 802
632 970
632 787
632 949
633 775
633 985
634 677
634 737
634 887
634 760
634 667
634 853
634 776
634 640
634 827
635 671
635 927
635 654
635 827
635 890
636 998
636 850
636 650
636 886
636 911
637 898
637 686
637 743
637 708
637 867
637 687
637 994
637 896
637 882
637 689
637 870
637 659
637 739
637 788
637 678
637 869
638 720
638 989
638 866
638 755
638 870
638 714
638 799
639 763
639 809
639 935
639 856
639 713
639 786
639 769
639 648
639 964
639 802
639 827
639 974
640 802
640 817
640 684
641 989
641 993
641 985
641 718
641 782
641 702
641 780
641 866
641 643
641 737
641 930
641 882
642 933
642 882
642 788
642 896
643 913
643 954
643 763
643 811
643 695
643 964
643 961
644 733
644 730
644 837
644 876
644 793
644 823
645 986
645 855
645 961
645 975
646 862
646 694
646 954
646 658
646 697
646 850
646 995
646 712
647 674
647 798
647 777
647 910
647 922
647 899
647 806
647 680
648 933
648 775
648 809
648 699
648 755
648 951
648 664
648 930
648 735
648 757
648 922
648 964
649 972
649 753
649 742
649 791
649 788
649 849
649 746
649 787
649 827
650 794
650 858
650 916
650 783
650 682
650 976
650 958
650 994
650 700
650 728
650 790
650 795
650 987
650 673
650 988
650 826
650 850
650 657
650 857
650 831
650 940
650 995
650 942
650 873
651 811
651 991
652 811
652 959
652 952
652 858
652 853
652 828
652 865
653 856
653 896
653 861
653 833
653 660
654 845
654 730
654 791
655 674
655 658
655 819
655 806
655 991
656 794
656 938
656 695
656 708
657 946
657 970
657 951
657 716
657 825
657 800
657 985
657 719
658 984
658 705
658 863
658 869
658 926
658 685
658 951
658 767
659 741
659 914
659 854
659 760
659 838
659 714
660 939
660 972
660 776
660 802
660 859
660 738
660 722
660 727
660 958
661 878
661 700
661 671
661 825
662 674
662 713
662 843
662 860
663 885
663 930
663 895
663 972
663 673
664 983
664 846
664 981
664 947
664 773
665 986
665 716
665 677
665 799
666 709
666 935
666 705
666 847
666 905
666 742
666 964
666 806
666 859
667 992
667 825
667 884
667 761
667 712
667 854
667 891
667 996
667 833
667 866
667 714
667 862
667 820
667 874
667 879
667 850
667 942
667 896
668 779
668 956
668 858
668 985
668 937
668 964
668 859
669 992
669 698
669 929
669 969
669 772
670 923
670 847
670 811
670 865
671 754
671 812
671 781
671 844
671 788
671 972
671 784
671 825
671 730
671 993
671 693
671 985
672 716
672 949
672 677
673 728
673 802
673 835
673 787
673 873
673 929
673 967
673 921
673 724
673 732
673 718
673 950
673 913
674 829
674 767
674 776
674 955
674 863
674 969
674 822
674 935
674 937
674 925
674 861
674 972
674 741
674 783
674 879
675 677
675 969
675 749
675 943
675 903
676 901
676 676
676 908
676 943
676 960
676 684
676 777
676 926
676 928
676 965
676 695
677 798
677 865
677 786
677 742
677 751
677 772
677 991
677 822
677 686
677 945
677 882
677 750
677 929
677 695
677 806
678 690
678 963
678 872
678 930
678 806
678 865
679 862
679 885
679 913
679 965
679 929
679 908
679 738
679 911
680 825
680 853
680 838
680 973
680 920
680 726
680 779
681 730
681 842
681 722
681 981
681 887
681 817
681 885
681 702
682 731
682 739
682 744
682 886
683 777
683 936
683 893
684 904
684 925
684 954
684 993
684 828
684 817
685 768
685 784
685 949
686 709
686 861
686 824
686 707
686 964
686 827
687 885
687 913
687 993
687 853
687 836
687 896
688 905
688 966
688 842
689 700
689 903
689 946
689 831
689 899
689 983
690 744
690 723
690 936
690 751
690 998
690 939
690 785
690 855
690 913
690 992
690 727
690 970
691 753
691 703
691 740
691 984
691 693
691 886
691 964
691 970
692 944
692 695
692 977
693 993
693 948
693 779
693 833
693 859
694 785
694 947
694 775
694 908
695 965
695 929
695 880
695 947
695 779
695 865
695 707
695 719
695 718
695 836
695 818
695 878
695 911
695 896
695 827
696 927
696 978
696 809
696 892
696 837
696 930
696 793
696 822
696 728
696 783
696 903
697 736
697 897
697 907
697 845
697 751
697 953
697 730
697 783
697 811
698 921
698 760
698 893
699 944
699 913
699 856
699 988
699 806
699 853
699 940
699 968
700 790
700 976
700 856
700 922
700 907
700 843
700 725
700 795
700 904
700 979
700 823
701 762
701 923
701 925
701 992
701 868
701 936
701 886
701 916
702 839
702 970
702 896
703 948
703 856
703 906
703 899
703 929
703 942
703 746
704 763
704 802
704 924
704 964
704 864
704 837
705 774
705 760
705 893
706 803
706 824
706 787
707 733
707 779
707 783
707 807
708 809
708 975
708 767
708 826
708 730
708 895
708 853
708 732
708 896
709 958
709 978
709 881
709 733
709 882
709 865
709 807
709 974
710 714
711 855
711 800
711 958
711 734
711 856
711 925
711 832
711 849
712 819
712 783
712 890
713 785
713 856
713 867
713 730
713 891
713 849
714 954
714 868
714 966
714 963
714 885
714 960
714 790
714 967
715 915
715 980
715 889
716 796
716 726
716 897
716 739
716 772
716 746
716 893
716 890
717 935
717 722
717 993
717 979
717 908
717 802
718 927
718 809
719 932
719 889
719 766
719 809
720 984
720 980
720 965
720 788
720 971
720 730
721 777
721 932
721 821
721 772
722 803
722 770
722 996
722 949
722 916
722 784
722 915
722 761
722 753
722 769
722 729
722 985
722 936
722 903
722 942
722 772
722 879
722 827
723 734
723 825
723 826
723 977
723 813
724 824
724 821
724 780
724 988
724 928
724 807
724 980
724 985
725 980
725 793
725 781
725 837
725 979
725 783
725 849
725 747
725 787
725 893
726 847
726 979
726 792
726 865
726 793
727 846
727 908
727 879
727 877
727 868
727 852
727 856
727 808
727 834
727 849
728 925
728 982
728 801
728 865
729 882
729 883
729 907
730 990
730 770
730 972
730 922
730 776
730 928
730 785
730 943
730 789
730 946
730 903
731 754
731 989
731 735
732 837
732 885
732 867
732 788
733 774
733 783
733 754
733 875
733 801
734 925
734 954
734 734
734 855
734 761
734 805
734 985
734 746
734 996
734 906
734 833
734 997
734 908
734 759
735 738
735 745
736 901
736 750
736 935
736 977
737 975
738 774
738 809
738 906
738 749
738 926
738 970
739 794
739 862
739 742
739 789
739 825
739 771
740 803
740 885
740 847
742 972
742 965
742 875
742 797
742 996
742 916
742 947
742 968
742 863
742 983
742 791
742 949
742 924
742 885
742 961
742 897
742 936
743 952
743 998
743 898
743 936
743 798
743 929
743 828
743 759
744 778
744 883
744 965
744 994
744 882
744 849
745 786
745 938
745 896
746 900
746 845
747 846
747 965
747 783
747 801
747 759
747 789
747 807
748 898
748 964
748 817
749 783
749 837
749 879
749 822
750 840
750 888
750 858
750 772
751 885
751 854
752 915
752 774
752 899
752 770
752 787
752 896
753 940
753 927
753 809
753 893
754 794
754 912
754 986
754 989
754 845
754 772
754 828
754 893
755 819
755 958
755 817
755 812
755 936
755 869
756 856
756 877
756 765
756 993
756 911
756 869
757 790
757 924
757 823
758 762
758 821
758 833
758 766
758 826
758 903
758 990
759 825
759 826
759 964
759 879
759 837
759 896
760 898
760 895
760 876
760 939
760 962
760 865
760 864
760 941
760 970
761 819
761 988
762 776
762 885
762 762
762 766
762 933
762 998
762 793
762 882
762 977
762 909
762 985
762 806
762 767
763 795
763 856
763 995
763 985
764 992
764 863
764 988
765 900
765 885
765 880
765 806
765 860
765 810
765 903
766 969
766 936
767 964
767 837
767 840
767 776
767 948
767 860
767 890
767 936
768 898
768 774
768 833
768 844
768 911
768 825
768 858
768 985
768 995
769 829
769 780
769 916
769 843
770 999
770 798
770 813
771 911
772 803
772 952
772 934
772 911
772 975
772 859
772 999
773 882
773 853
773 849
773 915
773 833
773 865
773 991
774 974
774 795
774 871
774 857
774 940
774 970
774 995
775 898
775 972
775 991
775 909
775 894
775 929
775 931
775 841
776 803
776 865
776 998
776 856
777 825
777 984
777 887
777 886
777 817
777 958
778 778
778 872
778 843
778 803
779 871
779 806
779 836
779 958
780 932
780 972
780 897
780 809
780 964
780 827
781 954
781 920
781 946
781 837
781 787
781 958
781 991
782 790
782 968
782 964
783 960
783 891
783 854
783 816
783 787
783 837
783 896
783 841
784 901
784 947
784 828
785 959
785 956
785 919
785 821
785 899
785 879
785 990
785 822
786 877
786 890
786 936
786 837
786 893
787 837
787 972
787 970
787 822
787 977
787 858
787 924
787 792
788 897
788 841
788 856
788 972
788 990
789 867
789 904
790 826
790 915
790 890
790 801
790 851
790 954
790 849
790 940
791 875
791 958
791 928
792 992
792 833
792 824
792 941
792 936
792 859
792 951
792 965
792 959
792 882
792 948
792 870
792 817
793 891
793 862
793 896
794 953
794 882
794 854
795 938
795 933
795 889
796 978
796 867
796 834
796 970
798 991
799 862
799 940
799 821
799 920
799 811
800 934
800 856
800 990
801 898
801 897
801 877
801 859
801 983
801 990
801 874
801 969
802 885
802 854
802 875
802 913
802 803
802 822
802 895
802 911
803 912
803 965
803 828
803 843
803 837
803 819
803 922
803 956
804 842
804 889
804 858
804 853
805 824
805 858
806 885
806 999
806 935
806 868
806 890
806 910
806 907
806 847
806 941
807 898
807 995
807 911
807 902
807 952
807 955
807 827
807 855
808 998
808 865
808 974
809 872
809 877
809 906
809 964
809 883
809 922
809 849
810 969
810 897
810 825
811 948
811 970
811 977
812 995
812 835
812 879
813 872
813 834
813 902
814 932
814 847
814 853
815 911
816 933
816 865
817 918
817 858
817 836
818 880
818 932
818 820
819 882
819 922
819 887
819 895
819 902
819 935
819 845
820 846
820 927
820 860
821 929
821 940
822 969
822 853
822 865
823 960
823 918
823 962
824 846
824 981
825 885
825 965
825 857
825 836
826 948
826 918
826 868
826 942
827 879
827 893
827 840
827 934
827 993
827 960
828 972
828 834
828 863
828 841
828 861
828 954
828 978
828 892
828 873
828 870
828 925
828 888
829 928
829 920
829 908
829 879
830 908
830 929
830 959
830 911
831 981
832 987
832 836
833 960
833 992
833 999
834 998
834 929
835 878
835 856
835 902
835 952
835 985
836 936
836 945
836 931
837 971
837 917
837 996
837 997
837 850
837 995
838 980
839 878
839 922
839 874
839 845
839 983
840 993
840 893
840 990
841 861
841 879
841 988
841 865
842 913
842 893
843 938
844 927
844 988
844 970
845 896
845 870
845 927
845 895
845 929
845 893
846 888
846 912
846 953
846 975
846 885
846 958
846 977
847 931
847 985
848 857
848 965
848 920
849 915
849 959
849 957
849 986
849 919
849 984
849 930
850 874
850 982
850 918
851 938
851 866
853 895
853 868
853 933
853 934
853 965
853 897
853 869
854 984
855 898
855 958
856 922
856 987
856 872
856 888
857 917
858 929
858 920
858 931
859 913
859 991
860 954
860 950
861 862
861 964
861 940
862 898
862 926
862 990
864 987
864 926
864 897
865 913
865 935
866 964
867 906
867 879
868 904
868 918
869 883
870 969
870 871
870 942
870 977
871 922
871 929
873 893
874 900
874 975
875 984
876 998
876 942
876 963
877 940
877 954
879 988
879 966
879 968
879 990
880 981
880 952
881 958
882 892
883 927
883 931
884 938
885 916
885 896
885 925
885 929
885 942
885 991
886 989
886 959
886 992
886 965
886 934
886 977
887 933
887 992
887 995
888 893
888 928
888 943
888 941
888 988
888 940
889 933
889 908
891 893
891 995
892 929
893 955
893 911
894 992
895 898
895 955
895 949
895 948
896 946
896 978
897 991
897 994
897 947
897 906
897 903
898 967
898 976
898 953
898 921
898 961
898 933
898 901
898 988
899 962
899 969
900 927
900 908
900 995
901 988
901 964
902 921
903 918
903 996
903 954
904 959
904 994
904 922
904 935
906 913
906 932
906 908
907 929
908 948
908 960
908 945
908 909
910 961
911 970
911 999
911 971
911 972
912 929
913 913
913 944
913 978
915 964
915 938
915 965
916 989
916 952
917 945
918 927
918 964
919 964
922 998
922 931
923 943
924 961
926 931
927 976
927 930
927 991
929 982
929 956
929 943
929 941
929 952
930 998
930 972
930 981
931 964
931 974
934 968
934 974
935 991
936 972
937 959
938 973
938 990
939 965
940 989
940 954
940 961
941 954
943 985
943 995
944 951
945 998
948 964
949 969
949 972
950 985
950 974
950 958
950 990
952 992
953 993
954 958
958 993
958 963
964 969
964 991
966 997
967 985
969 994
969 993
969 989
970 989
976 979
977 992
977 989
978 992
978 997
979 999
979 992
980 987
980 996
987 990
988 998
989 998
990 993
993 997
997 998
