0 95
0 733
0 617
0 760
0 524
0 11
0 275
0 614
0 621
1 267
1 653
1 463
1 525
1 700
1 316
1 145
1 93
1 475
1 245
1 4
1 771
1 185
1 673
2 550
2 954
2 104
2 845
2 468
2 434
2 967
2 291
2 909
2 349
2 752
2 837
2 401
2 858
2 44
2 772
2 914
3 411
3 8
3 536
3 221
3 658
3 833
3 626
3 725
3 105
3 723
3 153
3 730
3 347
3 610
3 749
3 677
3 106
3 150
3 306
3 831
3 989
3 435
3 127
3 806
3 267
3 448
3 768
3 524
3 341
3 344
3 81
3 576
3 545
3 382
3 134
3 368
3 872
3 696
3 398
3 763
3 395
3 493
3 43
3 95
3 248
3 548
3 864
3 502
3 728
4 387
4 166
4 195
4 544
4 327
4 733
4 84
4 599
4 34
4 784
4 89
4 342
4 446
4 664
4 300
4 344
4 176
4 579
4 911
4 102
4 370
4 442
4 536
4 421
4 852
4 158
4 277
4 932
4 927
4 249
4 17
4 145
4 770
4 403
4 858
4 319
4 477
4 152
4 788
4 340
4 600
4 236
4 688
5 754
5 69
5 346
5 204
5 472
5 858
5 192
5 725
5 304
5 322
5 154
5 469
5 611
5 908
5 827
5 977
6 18
6 933
6 498
6 6
6 453
6 449
6 885
6 880
6 430
6 806
6 138
6 860
6 756
6 334
6 456
6 928
6 485
6 452
6 897
7 898
7 653
7 296
7 100
7 131
7 641
7 141
7 940
7 178
7 732
7 489
7 140
7 411
7 285
7 39
7 686
7 182
7 313
7 496
7 25
7 897
7 164
7 274
7 477
7 801
7 966
7 747
7 236
7 799
8 33
8 62
8 812
8 357
8 79
8 454
8 153
8 619
8 790
8 156
8 162
8 959
8 86
8 367
8 65
8 580
8 477
8 224
8 379
8 471
8 990
8 90
9 147
9 436
9 338
9 902
9 401
9 730
9 434
9 812
9 228
9 501
9 809
9 853
9 693
9 634
9 817
9 192
9 473
10 479
10 260
10 204
10 322
10 655
10 88
10 534
10 249
10 566
11 812
11 349
11 255
11 418
11 74
11 141
11 324
11 220
11 599
11 654
11 932
11 669
11 30
11 551
11 133
11 999
11 508
11 334
11 957
11 315
11 31
11 536
11 790
11 485
11 695
11 600
11 22
12 350
12 379
12 727
12 164
12 177
12 498
12 643
12 107
12 102
12 406
12 802
12 551
12 87
12 673
12 59
12 90
13 602
13 543
13 426
13 332
13 391
13 415
13 153
13 639
13 120
13 899
13 809
13 853
13 693
13 612
13 620
13 903
13 22
13 43
13 368
13 583
13 475
13 185
14 182
14 350
14 17
14 145
14 384
14 510
14 239
14 90
14 888
14 709
14 307
14 707
14 383
14 895
14 671
14 993
14 826
14 837
14 995
14 879
14 896
15 290
15 960
15 480
15 518
15 220
15 118
15 765
15 527
15 153
15 315
15 730
15 783
15 540
15 995
16 31
16 411
16 760
16 306
16 502
16 256
16 677
16 519
16 74
16 149
16 977
17 878
17 285
17 420
17 39
17 589
17 391
17 199
17 740
17 913
17 972
17 590
17 350
17 374
17 811
17 959
17 153
17 952
17 95
17 956
17 584
17 713
17 919
17 821
17 326
17 163
17 166
17 68
17 65
17 607
17 343
17 750
17 179
17 465
17 204
17 357
17 400
18 776
18 948
18 18
18 128
18 715
18 430
18 533
18 118
18 95
18 269
18 348
18 788
18 648
18 926
18 276
18 835
18 376
18 969
18 727
18 968
18 917
18 748
18 307
18 495
18 409
18 256
18 447
18 820
18 722
18 622
18 86
18 829
18 633
18 955
18 380
18 794
18 252
18 73
18 46
18 498
18 55
18 135
18 207
19 543
19 199
19 474
19 470
19 699
19 442
19 381
19 659
19 394
19 548
19 729
19 48
19 224
19 528
19 91
19 461
20 532
20 527
20 95
20 986
20 360
20 852
20 100
20 521
20 513
20 98
20 794
20 998
20 290
20 170
20 617
20 393
20 427
20 456
20 241
20 583
20 210
21 211
21 912
21 927
21 73
21 733
21 391
21 615
21 890
21 936
21 837
21 366
21 470
21 992
21 505
21 169
21 74
21 963
22 31
22 443
22 790
22 550
22 366
22 415
22 500
22 483
22 722
22 352
22 963
22 872
22 567
22 379
22 273
22 189
22 316
22 666
22 47
22 955
22 320
22 185
22 991
22 673
23 856
23 467
23 854
23 153
23 967
23 790
23 230
23 116
23 507
23 457
23 989
23 799
23 141
23 821
23 566
23 307
23 526
23 954
23 828
23 59
24 618
24 980
24 350
24 179
24 447
24 202
24 470
24 501
24 682
24 491
24 667
24 65
24 219
24 157
24 394
24 415
24 752
24 684
24 631
24 691
24 680
24 391
24 176
24 351
24 220
24 324
24 316
24 463
24 450
24 848
24 345
24 775
24 934
24 759
24 653
24 197
24 781
24 994
24 709
24 761
24 107
24 277
24 643
24 673
24 566
25 31
25 156
25 509
25 923
25 391
25 816
25 525
25 234
25 415
25 467
25 544
25 486
25 167
25 842
25 194
25 699
25 91
25 679
25 83
25 616
25 211
25 117
25 322
25 561
25 315
25 226
26 73
26 520
26 221
26 842
26 786
26 765
26 365
26 138
26 443
26 230
26 589
26 641
26 960
26 139
26 811
26 265
26 512
26 848
26 274
26 837
26 877
26 645
26 145
26 470
26 597
26 766
26 969
26 462
26 615
27 69
27 599
27 775
27 383
27 674
27 253
27 522
27 213
27 558
27 58
27 603
27 707
27 955
27 962
27 102
27 403
27 405
27 879
27 389
27 977
27 99
28 249
28 700
28 452
28 256
28 796
28 855
28 524
28 605
28 96
28 666
28 35
28 650
28 168
28 309
28 213
28 270
28 92
28 302
28 739
28 323
28 771
28 253
28 470
28 876
28 849
28 148
28 490
29 432
29 912
29 147
29 925
29 237
29 336
29 594
29 45
29 30
29 956
29 132
29 402
29 130
29 473
29 759
29 299
29 899
29 181
29 853
29 198
29 836
29 193
29 583
29 893
29 896
30 898
30 121
30 635
30 819
30 312
30 792
30 746
30 667
30 826
30 908
30 71
30 307
30 714
31 776
31 794
31 294
31 372
31 292
31 732
31 527
31 715
31 288
31 899
31 391
31 85
31 552
31 528
31 498
31 891
31 126
31 456
31 770
31 975
31 757
31 630
31 489
31 591
31 379
31 71
31 625
31 118
31 885
31 260
31 137
31 472
31 101
31 491
31 414
31 279
31 801
31 807
32 411
32 602
32 677
32 762
32 674
32 925
32 861
32 568
32 168
32 88
32 972
32 741
32 451
32 174
32 690
32 711
32 617
32 427
32 969
32 554
32 947
32 792
32 126
32 827
33 39
33 182
33 900
33 543
33 763
33 392
33 328
33 332
33 145
33 992
33 528
33 828
33 99
34 617
34 700
34 904
34 213
34 576
34 447
34 216
34 676
34 560
34 496
34 802
34 893
34 767
34 673
35 391
35 46
35 333
35 189
35 421
35 47
35 892
35 488
35 691
35 108
35 582
35 504
35 253
35 953
35 943
35 856
35 474
35 61
35 366
35 984
35 839
35 88
35 663
35 793
36 862
36 382
36 674
36 327
36 232
36 636
36 229
36 953
36 301
36 937
36 889
36 715
36 690
36 249
36 902
36 427
36 268
36 477
36 217
36 152
36 325
36 529
36 860
37 420
37 211
37 448
37 60
37 806
37 990
37 250
37 70
37 432
37 819
37 862
37 753
37 927
37 785
37 559
37 347
37 982
37 154
37 109
37 149
37 57
38 263
38 686
38 900
38 290
38 677
38 750
38 481
38 564
38 40
38 61
38 407
38 634
38 924
38 522
38 329
38 73
38 500
38 548
38 416
38 571
38 876
38 579
38 583
39 933
39 541
39 314
39 242
39 130
39 305
39 240
39 664
39 787
39 329
39 716
39 248
39 475
39 518
39 276
39 492
39 570
39 301
39 321
39 520
39 121
39 270
39 903
39 930
39 806
39 551
39 125
39 317
40 506
40 898
40 155
40 383
40 202
40 225
40 737
40 220
40 779
40 669
40 562
40 56
40 215
40 997
40 169
40 911
40 708
41 602
41 825
41 484
41 849
41 648
41 277
41 820
41 394
41 273
41 338
41 698
41 680
42 336
42 332
42 954
42 742
42 47
42 849
42 836
42 473
42 227
42 771
42 184
42 77
43 242
43 755
43 327
43 447
43 199
43 366
43 379
43 727
43 825
43 945
43 54
43 376
43 507
43 577
43 184
43 931
43 687
43 200
43 817
43 537
43 506
43 99
43 559
43 696
44 346
44 517
44 66
44 972
44 954
44 80
44 897
44 548
44 87
44 166
44 181
44 392
44 773
44 939
44 107
44 603
44 567
44 419
44 465
44 151
44 177
44 378
44 185
45 819
45 690
45 658
45 897
45 769
45 366
45 954
45 969
45 324
45 837
45 287
45 983
46 666
46 913
46 429
46 891
46 752
46 996
46 559
46 769
46 401
46 315
46 416
46 268
46 256
46 357
46 557
46 98
46 100
46 110
47 532
47 803
47 68
47 51
47 505
47 465
47 410
47 359
47 727
47 950
47 235
48 409
48 819
48 543
48 291
48 415
48 440
48 401
48 105
48 627
48 845
48 669
48 871
48 478
48 433
48 599
48 219
48 540
48 846
48 726
48 398
48 762
48 402
48 703
48 692
48 388
48 284
48 49
48 261
48 576
48 95
48 333
48 526
48 277
48 91
48 995
49 533
49 929
49 780
49 798
49 397
49 979
49 312
49 418
49 797
49 598
49 99
49 708
50 479
50 690
50 73
50 972
50 415
50 672
50 508
50 163
50 917
50 288
50 563
50 903
50 946
50 831
50 272
50 963
50 371
50 470
50 525
50 156
50 345
50 268
50 880
50 381
50 461
50 222
50 673
51 479
51 285
51 550
51 142
51 961
51 805
51 634
51 706
51 635
51 366
51 656
51 179
51 318
51 439
51 894
51 358
51 65
51 969
51 571
51 985
51 745
51 792
51 747
51 688
52 496
52 179
52 954
52 116
52 433
52 611
52 524
52 903
52 695
52 528
52 404
52 91
52 708
53 778
53 948
53 561
53 178
53 123
53 237
53 729
53 481
53 809
53 115
53 379
53 837
53 893
54 661
54 106
54 906
54 481
54 577
54 540
54 571
54 159
54 498
54 866
54 467
54 948
54 686
54 668
54 759
54 861
54 143
55 948
55 382
55 856
55 179
55 932
55 160
55 560
55 215
55 483
55 655
55 801
55 849
55 620
56 230
56 720
56 736
56 191
56 733
56 671
56 121
56 133
56 460
56 849
56 149
56 508
56 445
56 560
56 995
56 451
56 463
56 496
56 281
56 622
56 314
56 970
56 106
56 948
56 489
56 888
56 912
56 568
56 135
56 379
56 58
56 985
56 490
56 787
57 715
57 743
57 188
57 293
57 908
57 64
57 579
57 840
57 719
57 869
57 249
57 935
57 798
57 773
57 412
57 149
57 134
57 964
57 146
57 859
57 781
57 118
57 550
57 450
57 599
57 927
57 885
57 651
57 174
57 385
57 428
57 888
58 709
58 591
58 984
58 153
58 154
58 285
58 620
58 663
59 118
59 618
59 913
59 202
59 315
59 993
59 858
59 772
59 178
59 371
59 888
59 446
59 207
59 282
59 266
59 342
59 670
59 325
59 882
59 532
59 187
59 69
59 557
59 863
59 484
59 160
59 124
59 766
59 329
59 272
59 345
59 206
59 665
59 523
59 990
59 459
59 97
59 285
59 498
59 104
59 527
59 794
59 426
59 977
60 257
60 532
60 900
60 202
60 981
60 666
60 768
60 186
60 933
60 820
60 386
60 792
60 802
60 970
60 235
60 958
61 305
61 775
61 61
61 520
61 221
61 225
61 768
61 137
61 138
61 913
61 718
61 867
61 333
61 905
61 918
61 341
61 902
61 804
61 719
61 210
61 271
61 323
61 617
61 553
61 891
61 539
61 368
61 676
61 316
61 208
61 366
61 897
61 730
61 685
61 406
62 900
62 677
62 762
62 736
62 332
62 812
62 465
62 400
62 582
62 180
62 945
62 664
62 551
62 699
62 202
62 541
62 865
62 935
62 169
62 104
62 934
62 936
62 943
62 103
62 743
62 889
62 853
62 557
62 942
62 321
63 128
63 145
63 954
63 868
63 671
63 937
63 517
63 770
63 359
63 132
63 612
63 880
63 792
63 747
63 759
63 229
64 430
64 734
64 667
64 317
64 949
64 247
64 245
64 943
64 378
64 767
64 759
64 575
64 683
64 65
64 716
64 331
64 845
64 307
64 705
64 627
64 194
64 174
64 465
64 357
64 390
64 828
64 416
64 255
64 631
64 659
64 89
64 854
64 763
64 362
64 467
64 204
64 539
64 955
65 563
65 147
65 548
65 410
65 799
65 598
65 204
65 994
65 88
65 675
65 621
65 640
66 288
66 285
66 720
66 172
66 601
66 617
66 937
66 143
66 696
66 270
66 414
66 104
66 887
66 338
66 730
66 969
66 159
66 792
66 614
66 361
67 128
67 263
67 437
67 327
67 742
67 322
67 897
67 401
67 153
67 728
67 379
67 942
68 527
68 732
68 437
68 350
68 360
68 551
68 902
68 762
68 553
68 456
68 224
68 352
68 787
69 296
69 539
69 959
69 624
69 162
69 295
69 69
69 885
69 168
69 437
69 301
69 916
69 173
69 984
69 578
69 856
69 302
69 197
69 464
69 756
69 999
69 472
69 920
69 970
69 86
69 93
69 762
69 742
69 358
69 208
69 293
69 105
69 929
69 772
69 859
70 86
70 174
70 833
70 650
70 410
70 516
70 528
70 442
70 936
70 762
70 621
70 990
71 179
71 620
71 406
71 720
71 558
71 712
71 110
71 434
71 246
71 260
71 817
72 127
72 437
72 862
72 536
72 690
72 349
72 447
72 865
72 879
72 428
72 461
72 990
72 99
72 886
72 684
72 223
72 317
72 409
73 754
73 166
73 676
73 550
73 733
73 980
73 881
73 73
73 346
73 170
73 115
73 648
73 542
73 128
73 480
73 205
73 558
73 250
73 661
73 664
73 835
73 521
73 930
73 478
73 473
73 858
73 568
73 107
73 421
73 926
73 734
73 355
73 910
73 611
73 277
73 727
73 504
74 286
74 699
74 505
74 586
74 83
74 264
74 948
74 127
74 695
74 475
74 841
75 913
75 856
75 153
75 561
75 333
75 174
75 654
75 211
75 927
75 81
75 414
75 502
75 801
75 571
75 466
75 169
75 513
75 271
76 512
76 409
76 393
76 376
76 614
76 835
76 768
76 360
76 272
76 400
76 600
76 806
76 226
76 787
77 432
77 709
77 420
77 356
77 226
77 512
77 560
77 783
77 973
77 367
77 782
77 262
77 742
77 750
77 442
77 895
77 548
77 722
77 660
77 788
77 592
77 190
78 263
78 156
78 972
78 470
78 730
78 224
78 549
78 325
78 223
79 923
79 429
79 853
79 966
79 403
79 518
79 460
79 972
80 395
80 846
80 260
80 120
80 742
80 415
80 168
80 344
80 334
80 479
80 279
80 338
80 952
80 540
80 620
80 991
81 182
81 617
81 650
81 410
81 969
81 167
81 682
81 670
81 257
81 322
81 85
81 426
81 680
81 558
81 226
81 668
81 133
81 472
81 733
81 624
81 95
81 855
81 495
81 369
81 491
81 964
81 837
81 727
81 407
81 967
81 370
81 320
81 99
82 166
82 432
82 441
82 618
82 666
82 204
82 159
82 203
82 368
82 896
83 430
83 432
83 313
83 857
83 726
83 899
83 264
83 900
83 411
83 514
83 481
83 185
83 952
83 915
83 476
83 137
83 407
83 470
83 233
83 780
83 988
83 985
84 267
84 625
84 118
84 901
84 550
84 996
84 261
84 715
84 492
84 725
84 221
84 248
84 768
84 857
84 617
84 779
84 137
84 981
84 730
84 655
84 964
84 134
84 764
84 161
85 803
85 720
85 677
85 812
85 690
85 199
85 775
85 742
85 552
85 153
85 930
85 317
85 320
86 409
86 774
86 350
86 674
86 855
86 615
86 675
86 263
86 848
86 93
86 937
86 147
86 502
86 717
86 614
86 349
86 249
86 567
86 984
86 647
86 102
86 403
86 510
86 695
86 955
86 235
87 496
87 992
87 554
87 516
87 312
87 970
87 485
87 501
87 553
87 642
87 581
87 106
87 667
87 593
87 620
87 341
87 783
87 239
88 512
88 709
88 510
88 899
88 546
88 175
88 805
88 134
88 90
88 768
88 817
88 356
88 652
88 300
88 804
88 438
88 668
88 920
88 826
88 524
88 557
88 836
89 265
89 977
89 535
89 686
89 449
89 420
90 265
90 561
90 224
90 609
90 955
91 803
91 391
91 299
91 121
91 596
91 267
91 364
91 566
91 756
91 999
91 695
91 310
91 971
91 802
91 368
92 128
92 998
92 898
92 686
92 829
92 765
92 571
92 573
92 299
92 683
92 602
92 947
92 332
92 125
93 734
93 361
93 291
93 245
93 302
93 875
93 940
93 178
93 207
94 998
94 709
94 755
94 559
94 906
94 833
94 910
94 728
94 469
94 648
94 662
94 389
94 582
94 161
95 257
95 732
95 545
95 479
95 938
95 421
95 878
95 715
95 744
95 482
95 776
95 517
95 489
95 974
95 960
95 930
95 709
95 691
95 190
95 655
95 338
95 368
95 563
95 787
95 753
95 301
95 324
95 413
95 843
95 985
95 848
95 100
95 994
95 646
95 342
95 554
95 758
95 981
95 904
95 625
95 420
95 720
95 438
95 885
95 690
95 832
95 609
95 505
95 772
95 644
95 893
96 619
96 862
96 755
96 674
96 155
96 206
96 844
96 699
96 470
96 698
96 270
96 667
96 508
96 277
96 551
96 235
96 949
96 977
97 388
97 296
97 182
97 799
97 260
97 275
97 433
97 561
97 624
97 690
97 470
97 699
97 854
97 638
97 917
98 936
98 357
98 592
98 757
98 683
98 907
98 847
98 175
98 762
98 701
98 941
98 581
98 505
98 973
99 128
99 601
99 480
99 779
99 954
99 164
99 104
99 504
99 657
99 817
99 185
99 990
99 726
99 613
99 647
99 454
99 291
99 462
99 583
99 563
99 894
99 871
99 146
99 378
100 285
100 730
100 667
100 985
100 712
100 785
100 749
100 829
100 191
100 321
100 384
100 128
100 126
100 932
100 231
100 557
100 827
100 447
100 173
100 332
100 434
100 489
100 245
101 263
101 443
101 327
101 349
101 458
101 202
101 671
101 470
101 637
101 852
101 686
101 722
101 809
101 908
101 397
101 792
101 303
102 285
102 661
102 760
102 594
102 742
102 682
102 619
102 676
102 756
102 692
102 688
102 832
102 397
102 859
102 657
102 896
102 888
102 673
102 183
103 536
103 291
103 220
103 350
103 263
103 287
103 227
103 371
103 557
103 431
103 804
103 147
103 629
103 427
103 667
103 181
103 772
103 529
103 588
104 249
104 768
104 658
104 481
104 561
104 436
104 598
104 858
104 815
104 384
104 565
104 990
104 829
104 353
104 695
104 170
104 242
104 172
104 573
104 542
104 843
104 406
104 865
104 767
104 185
104 841
105 430
105 144
105 696
105 375
105 898
105 596
105 259
105 788
105 169
105 271
106 753
106 204
106 394
106 566
106 762
106 348
106 178
106 279
106 693
106 153
106 992
106 483
106 597
106 801
106 557
106 828
106 210
107 690
107 481
107 899
107 477
107 466
107 756
107 796
107 152
107 518
107 156
107 722
107 157
107 230
107 918
107 996
107 254
107 150
107 614
107 224
107 954
107 297
107 249
107 319
107 505
107 966
107 765
107 696
107 528
107 896
107 708
108 803
108 179
108 832
108 697
108 467
108 215
108 416
108 620
108 557
108 799
108 183
109 794
109 597
109 501
109 801
109 429
109 875
109 284
109 281
109 534
109 940
109 598
110 900
110 218
110 616
110 361
110 649
110 871
110 519
110 974
110 161
111 803
111 443
111 602
111 356
111 424
111 773
111 515
111 167
111 925
111 202
111 164
111 824
111 868
111 277
111 811
111 250
112 506
112 206
112 601
112 179
112 786
112 322
112 452
112 760
112 562
112 259
112 369
112 849
112 612
112 995
112 571
112 867
112 851
112 669
112 724
112 243
112 852
112 254
113 409
113 622
113 438
113 774
113 550
113 854
113 853
113 386
113 931
114 204
114 734
114 164
114 456
114 929
114 982
114 783
114 251
114 659
114 714
114 423
114 877
114 665
114 908
114 344
114 192
114 519
114 651
114 840
114 206
114 298
114 259
114 268
114 649
114 542
114 528
114 325
114 460
115 267
115 541
115 443
115 396
115 366
115 992
115 224
115 193
115 634
115 383
115 295
115 765
115 534
115 964
115 404
115 911
115 893
115 807
115 446
116 437
116 291
116 901
116 867
116 208
116 523
116 731
116 563
116 406
116 590
116 134
116 642
116 957
116 326
116 588
116 646
116 828
116 819
116 387
116 931
116 408
116 136
116 993
116 638
117 619
117 677
117 220
117 779
117 429
117 548
117 481
117 279
118 294
118 533
118 532
118 938
118 794
118 246
118 931
118 159
118 444
118 723
118 849
118 965
118 832
118 866
118 138
118 977
118 859
118 865
118 411
118 329
118 760
118 597
118 868
118 386
118 542
118 772
118 193
118 473
119 291
119 517
119 856
119 647
119 952
119 650
119 377
119 940
119 855
119 302
119 881
119 478
119 779
119 941
119 846
119 161
120 885
120 391
120 923
120 474
120 625
120 262
120 634
120 548
120 481
120 577
120 641
120 772
120 911
120 236
121 803
121 463
121 743
121 647
121 825
121 208
121 562
121 393
121 481
121 505
121 704
121 311
121 965
121 881
121 785
121 280
121 745
121 959
121 327
121 199
121 533
121 389
121 517
121 602
121 749
121 442
121 281
121 236
121 738
121 395
121 385
121 444
121 125
121 518
121 451
121 561
121 416
121 370
121 126
121 566
122 479
122 278
122 762
122 550
122 935
122 367
122 893
122 334
122 712
122 845
122 537
122 518
122 247
122 423
122 733
122 199
122 402
123 794
123 900
123 891
123 517
123 935
123 783
123 873
123 801
123 970
123 444
123 896
124 934
124 625
124 527
124 479
124 794
124 571
124 472
124 548
124 216
124 547
124 860
124 466
124 892
124 736
124 331
124 933
124 691
124 128
124 862
124 790
124 332
124 146
124 442
124 551
124 226
124 958
124 714
124 890
125 128
125 130
125 661
125 374
125 836
125 214
125 921
125 506
125 179
126 776
126 665
126 589
126 249
126 147
126 929
126 598
126 893
126 163
126 883
126 232
126 130
126 829
126 780
126 722
126 934
126 634
126 426
126 635
126 639
126 131
126 686
126 203
126 149
126 993
126 640
127 515
127 803
127 794
127 479
127 987
127 771
127 141
127 168
127 575
127 249
127 908
127 279
127 948
127 506
127 711
127 415
127 991
127 799
128 512
128 267
128 803
128 506
128 294
128 360
128 693
128 260
128 719
128 807
128 973
128 243
128 904
128 280
128 612
128 961
128 608
128 136
128 998
128 602
128 690
128 330
128 780
128 889
128 843
128 871
128 772
129 230
129 857
129 972
129 442
129 486
129 722
129 502
129 286
129 356
129 217
129 612
129 219
129 817
129 235
129 161
130 288
130 898
130 305
130 232
130 510
130 370
130 614
130 740
130 313
130 249
130 248
130 201
130 174
130 505
130 491
130 802
131 602
131 637
131 617
131 775
131 992
131 547
131 629
131 173
131 798
131 690
131 770
131 534
131 733
131 709
131 612
131 270
131 551
131 426
131 220
131 645
131 204
131 906
131 299
131 483
131 175
131 397
131 148
131 942
131 404
131 513
131 806
131 334
131 640
131 144
132 480
132 208
132 274
132 918
132 571
132 229
132 909
132 694
132 829
132 201
132 516
132 630
132 793
132 714
133 750
133 825
133 711
133 921
133 761
133 890
133 357
133 669
133 215
133 164
133 244
133 404
133 813
133 235
133 412
133 974
134 948
134 819
134 569
134 260
134 700
134 200
134 731
134 403
134 143
134 406
134 190
134 475
134 673
135 927
135 605
135 567
135 224
135 268
135 951
135 379
135 899
135 828
135 714
135 385
135 912
135 777
135 767
135 435
135 604
135 729
135 904
135 506
135 191
135 977
135 294
135 353
135 942
135 178
135 930
136 778
136 619
136 878
136 346
136 739
136 713
136 974
136 756
136 804
136 248
136 845
136 429
136 142
136 658
136 323
136 825
136 287
136 793
136 461
136 708
137 762
137 550
137 711
137 366
137 147
137 742
137 394
137 978
137 261
137 974
137 488
137 673
137 976
137 880
137 924
137 420
137 155
137 766
137 794
137 247
137 397
137 311
137 251
137 944
137 818
137 494
137 331
137 358
137 264
137 309
137 308
137 595
137 204
137 470
137 523
137 952
137 487
137 908
137 695
137 876
138 976
138 483
138 152
138 620
138 930
139 263
139 846
139 602
139 191
139 658
139 984
139 671
139 820
139 154
139 903
139 802
139 911
139 949
140 794
140 819
140 263
140 487
140 762
140 544
140 754
140 746
140 392
140 730
140 272
140 285
140 541
140 291
140 525
140 954
140 359
140 149
140 235
141 744
141 166
141 463
141 465
141 538
141 307
141 596
141 437
141 794
141 894
141 426
141 928
141 314
141 195
141 277
141 911
142 776
142 533
142 743
142 881
142 775
142 907
142 419
142 357
142 375
142 914
142 474
142 204
142 696
142 854
142 410
142 335
142 942
142 235
143 589
143 474
143 202
143 935
143 381
143 903
143 146
143 954
143 669
143 709
143 706
143 264
143 867
143 602
143 409
143 277
143 406
143 250
144 535
144 147
144 403
144 969
144 580
144 970
144 657
144 575
144 251
144 288
145 285
145 351
145 366
145 478
145 786
145 151
145 632
145 219
145 805
145 940
145 190
145 870
145 994
145 631
145 800
145 590
145 146
145 202
145 201
145 760
145 897
145 902
145 315
145 969
145 809
145 623
145 521
145 806
145 995
146 265
146 489
146 856
146 520
146 582
146 745
146 822
146 356
146 279
146 832
146 755
146 556
146 250
146 397
146 470
146 935
146 436
146 671
146 626
146 616
146 970
147 686
147 451
147 261
147 999
147 750
147 981
147 216
147 683
147 751
147 288
147 983
147 235
147 346
147 749
147 314
147 199
147 538
147 821
147 669
147 236
147 244
147 618
147 903
147 948
147 172
147 470
147 452
147 929
147 969
147 592
147 192
147 807
148 318
148 489
148 322
148 704
148 982
148 595
148 703
148 295
148 410
148 794
148 240
148 864
148 660
148 738
148 180
148 695
149 382
149 291
149 255
149 470
149 415
149 238
149 154
149 404
149 875
149 511
149 913
149 632
149 673
149 595
149 803
149 532
149 822
149 367
149 895
149 188
149 637
149 828
149 793
150 367
150 523
150 649
150 532
150 947
150 779
150 865
150 358
150 707
150 719
151 794
151 421
151 617
151 159
151 979
151 775
151 985
151 292
151 572
151 663
151 245
151 608
152 479
152 589
152 552
152 393
152 561
152 522
152 353
152 404
152 269
152 506
152 802
152 781
152 174
152 481
152 598
152 607
152 642
152 861
152 156
152 407
152 521
152 837
152 828
153 382
153 624
153 901
153 971
153 427
153 627
153 959
153 949
153 434
153 939
153 284
153 275
153 649
153 279
153 871
153 540
153 258
153 170
153 185
153 190
153 365
153 332
153 331
153 668
153 956
153 539
153 740
153 804
153 515
153 420
153 341
153 580
153 243
153 611
153 722
153 993
153 256
153 612
153 528
154 744
154 182
154 789
154 217
154 193
154 733
154 299
154 403
154 990
154 747
154 587
154 728
154 508
154 801
154 970
154 958
154 596
154 888
154 822
155 677
155 179
155 184
155 779
155 976
155 396
155 926
155 199
155 189
155 661
155 393
155 488
155 686
155 789
155 564
155 995
155 971
155 192
155 755
155 860
155 597
155 568
155 438
155 519
155 543
155 598
155 472
155 251
155 409
155 307
155 847
155 846
155 634
155 720
155 856
155 173
155 671
155 467
155 650
155 416
155 573
155 787
155 917
156 665
156 251
156 206
156 878
156 822
156 513
156 267
156 759
156 938
156 875
156 307
156 589
156 416
156 990
157 624
157 544
157 316
157 993
157 510
157 847
157 695
157 203
157 600
157 940
157 271
158 925
158 742
158 215
158 224
158 641
158 740
158 384
158 279
158 566
158 595
159 986
159 514
159 383
159 897
159 656
159 686
159 367
159 463
159 620
159 551
159 538
159 990
159 673
160 777
160 795
160 762
160 401
160 881
160 563
160 946
160 964
160 614
160 475
160 673
161 794
161 853
161 695
161 283
161 328
161 266
161 563
161 480
161 164
161 434
161 615
162 878
162 479
162 986
162 736
162 438
162 993
162 228
162 270
162 642
162 961
162 375
162 526
162 954
162 553
162 668
162 887
162 694
162 175
162 927
162 677
162 255
162 293
162 638
162 714
162 990
163 794
163 228
163 681
163 711
163 820
163 416
163 449
163 400
163 837
163 727
163 772
163 570
163 576
163 579
163 767
163 841
163 990
164 482
164 506
164 639
164 548
164 231
164 633
164 962
164 237
164 304
164 869
164 923
164 429
164 367
164 993
164 739
164 650
164 571
164 556
164 226
164 879
165 543
165 553
165 926
165 579
165 365
165 875
165 248
165 169
165 428
165 934
165 473
165 179
165 988
165 768
165 741
165 763
165 792
165 226
165 828
166 803
166 898
166 411
166 420
166 356
166 819
166 242
166 594
166 388
166 362
166 444
166 330
166 657
166 500
166 210
166 658
166 190
166 670
166 573
166 730
166 275
166 679
166 557
166 208
166 428
166 686
166 437
166 638
166 580
166 631
166 648
166 325
166 848
166 608
167 382
167 366
167 416
167 544
167 744
167 718
167 559
167 942
167 759
168 432
168 980
168 415
168 760
168 215
168 824
168 956
168 853
168 826
168 435
168 693
168 668
168 355
168 205
168 666
168 358
168 865
168 663
168 949
168 807
168 708
169 411
169 774
169 965
169 384
169 342
169 797
169 670
169 812
169 865
169 766
169 366
169 309
169 356
169 858
169 400
170 677
170 774
170 901
170 258
170 885
170 306
170 503
170 349
170 249
170 785
170 470
171 602
171 290
171 690
171 563
171 199
171 659
171 699
171 961
171 801
171 983
172 267
172 777
172 278
172 995
172 755
172 429
172 671
172 463
172 599
172 617
172 724
172 418
172 406
172 325
172 931
173 819
173 291
173 927
173 421
173 969
173 745
173 192
174 388
174 762
174 774
174 903
174 381
174 601
174 819
174 751
174 777
174 980
174 904
174 697
174 825
174 481
174 510
174 466
174 446
174 207
175 862
175 382
175 563
175 965
175 455
175 441
175 215
175 599
175 274
175 993
175 985
175 908
175 473
175 673
176 395
176 676
176 726
176 358
176 671
176 548
176 311
176 997
176 873
176 524
176 903
176 837
176 823
176 608
177 751
177 922
177 775
177 221
177 552
177 730
177 809
177 890
178 285
178 305
178 899
178 820
178 188
178 731
178 435
178 737
178 363
178 896
178 714
178 977
178 680
179 980
179 913
179 525
179 392
179 396
179 559
179 275
179 661
179 199
179 179
179 947
179 425
179 983
179 522
179 320
179 460
179 301
179 516
179 656
179 235
179 507
179 277
179 393
179 718
179 798
179 865
179 335
179 570
179 469
179 314
179 482
179 907
179 758
179 510
179 206
179 735
179 191
179 593
179 190
179 700
179 992
179 672
179 452
179 481
179 501
179 379
179 670
179 186
179 529
179 680
180 915
180 409
180 206
180 617
180 897
180 201
180 564
180 916
180 286
180 669
180 187
180 479
180 509
180 379
180 888
181 506
181 846
181 913
181 877
181 742
181 969
181 306
181 801
181 614
181 434
181 636
181 489
181 209
181 710
181 609
181 907
181 840
181 374
181 803
181 668
181 300
181 592
181 435
181 615
181 245
182 545
182 938
182 285
182 432
182 336
182 411
182 282
182 671
182 468
182 377
182 845
182 702
182 756
182 886
182 220
182 502
182 771
182 514
182 936
182 222
182 652
182 382
182 900
182 291
182 736
182 733
182 988
182 658
182 274
182 416
182 929
182 477
182 957
182 207
183 465
183 988
183 204
183 895
183 486
183 528
183 325
183 806
183 490
183 615
183 582
183 890
183 531
183 798
184 881
184 391
184 275
184 439
184 239
184 411
184 356
184 728
184 813
184 793
184 286
184 675
184 419
184 436
184 523
184 964
185 278
185 463
185 489
185 923
185 208
185 809
185 518
185 205
185 603
185 992
185 989
185 306
185 425
185 574
185 292
185 427
185 584
185 487
185 662
185 788
185 316
185 938
185 879
185 987
185 840
185 950
185 800
185 785
185 470
185 364
185 240
185 862
185 345
185 265
185 758
185 284
185 508
186 441
186 293
186 824
186 693
186 964
186 423
186 944
187 512
187 617
187 447
187 897
187 859
187 796
187 552
187 804
187 481
187 766
187 853
187 551
187 975
187 226
187 807
188 515
188 846
188 862
188 927
188 740
188 619
188 237
188 249
188 394
188 322
188 969
188 477
188 406
188 324
188 727
188 792
188 579
189 372
189 387
189 285
189 933
189 676
189 567
189 689
189 202
189 494
189 447
189 671
189 481
189 597
189 936
189 908
189 235
190 396
190 695
190 381
190 787
190 921
190 615
190 945
190 534
190 673
190 446
190 974
191 632
191 927
191 196
191 327
191 711
191 853
191 363
191 584
191 689
191 867
191 616
191 619
191 326
191 561
191 271
191 299
191 617
191 224
191 542
191 321
191 555
192 366
192 765
192 658
192 452
192 647
192 725
192 809
192 400
192 406
192 811
192 340
192 836
192 970
192 806
192 870
192 516
192 803
193 602
193 278
193 451
193 690
193 695
193 528
193 940
193 813
193 594
193 610
193 450
193 309
193 629
193 977
193 844
193 350
193 274
193 728
193 405
193 539
193 246
193 483
193 473
193 893
193 680
193 207
194 294
194 411
194 313
194 602
194 665
194 392
194 700
194 992
194 358
194 600
194 538
194 746
195 878
195 482
195 382
195 553
195 690
195 524
195 988
195 877
195 839
195 379
195 592
195 551
195 566
196 915
196 296
196 607
196 311
196 239
196 651
196 556
196 935
196 848
196 468
196 949
197 878
197 481
197 840
197 924
197 245
197 405
197 207
198 594
198 589
198 366
198 415
198 964
198 261
198 601
198 608
199 409
199 443
199 426
199 391
199 913
199 380
199 850
199 238
199 329
199 730
199 243
199 280
199 610
199 379
199 620
199 226
200 267
200 506
200 437
200 543
200 337
200 366
200 860
200 586
200 747
200 676
200 544
200 447
200 353
200 939
200 695
200 679
200 848
200 915
200 307
200 467
200 801
200 813
200 975
200 657
200 235
200 714
201 332
201 810
201 543
201 569
201 886
201 325
201 713
202 512
202 541
202 569
202 520
202 204
202 992
202 954
202 981
202 645
202 383
202 786
202 708
202 829
202 908
202 640
202 628
202 339
202 913
202 363
202 935
202 306
202 749
202 924
202 455
202 274
202 880
202 233
202 341
202 785
202 654
202 328
202 203
202 562
202 500
202 985
202 573
202 436
202 650
202 969
202 491
202 268
202 554
203 437
203 503
203 397
203 695
203 514
203 818
203 371
204 700
204 520
204 734
204 925
204 366
204 726
204 478
204 887
204 941
204 698
204 889
204 434
204 831
204 692
204 348
204 246
204 730
204 398
204 737
204 890
204 577
204 789
204 988
204 949
204 622
204 269
204 425
204 675
204 820
204 480
204 235
204 388
204 391
204 386
204 788
204 357
204 572
204 708
205 228
205 819
205 489
205 509
205 674
205 472
205 279
205 386
205 792
205 407
205 551
206 915
206 332
206 513
206 548
206 365
206 577
206 649
206 973
206 885
206 509
206 491
206 853
206 335
206 995
206 680
207 421
207 263
207 291
207 553
207 436
207 330
207 338
207 728
207 903
207 400
207 828
207 879
207 673
207 999
207 784
207 563
207 356
207 309
207 783
208 612
208 890
208 765
208 633
208 583
208 834
208 281
208 925
208 467
208 845
208 638
208 660
208 806
208 435
208 888
209 732
209 933
209 318
209 261
209 842
209 781
209 818
209 825
209 650
209 911
209 473
209 320
209 222
209 974
210 426
210 261
210 786
210 993
210 526
210 859
210 879
210 502
210 738
210 775
210 711
210 919
210 521
210 707
211 819
211 263
211 381
211 719
211 433
211 754
211 682
211 936
211 479
211 220
212 925
212 742
212 322
212 577
212 707
212 267
212 969
212 338
212 383
212 647
212 906
212 934
212 321
212 673
213 948
213 819
213 989
213 332
213 474
213 383
213 418
213 319
213 801
213 571
214 267
214 292
214 411
214 690
214 559
214 775
214 734
214 781
214 452
214 897
214 736
214 850
214 259
214 379
214 516
214 400
214 787
215 496
215 548
215 833
215 897
215 769
215 889
215 704
215 489
215 526
215 514
215 343
215 585
215 317
215 903
215 289
215 360
215 534
215 698
215 810
215 914
215 733
215 661
215 639
215 727
215 965
215 465
215 322
215 835
215 985
215 655
215 557
215 955
216 295
216 544
216 716
216 895
216 889
216 969
216 417
216 335
216 654
216 571
216 362
216 290
216 750
216 391
216 543
216 296
216 396
216 820
216 406
216 695
217 391
217 826
217 789
217 422
217 604
217 471
217 245
217 581
217 337
217 276
217 450
217 603
217 396
217 701
217 747
217 655
217 716
217 838
217 983
217 977
218 463
218 394
218 992
218 452
218 769
218 410
218 580
218 333
218 609
218 932
218 483
218 907
218 697
218 969
218 987
218 224
218 289
218 466
218 983
218 368
218 799
219 754
219 775
219 319
219 508
219 647
219 806
219 520
219 893
220 938
220 777
220 677
220 589
220 254
220 981
220 669
220 396
220 675
220 850
220 525
220 658
220 696
220 427
220 722
220 725
220 970
220 551
221 228
221 700
221 851
221 775
221 520
221 786
221 383
221 470
221 535
221 986
221 593
221 450
221 506
221 524
221 882
221 235
221 563
221 991
221 905
221 818
221 385
221 561
221 722
221 224
221 497
221 528
221 551
221 911
221 746
222 897
222 635
222 725
222 244
222 268
222 606
222 389
222 747
222 236
222 284
222 838
222 888
223 257
223 286
223 388
223 411
223 624
223 922
223 988
223 520
223 906
223 658
223 467
223 809
223 516
223 590
223 364
224 653
224 927
224 872
224 606
224 853
224 503
224 365
224 951
224 487
224 847
224 373
224 500
224 926
224 517
224 565
224 701
224 467
224 918
224 714
224 547
224 425
224 258
224 386
224 734
224 978
224 881
224 646
224 582
224 834
224 262
224 539
224 276
224 813
224 375
224 623
224 650
224 490
224 865
225 263
225 755
225 559
225 520
225 954
225 734
225 423
225 667
225 742
225 456
225 964
225 529
225 834
225 473
225 236
226 479
226 624
226 674
226 616
226 695
226 717
226 380
226 410
226 492
226 376
226 679
226 543
226 972
226 307
226 807
226 459
226 394
226 951
226 389
227 785
227 567
227 289
227 353
227 648
227 283
227 333
227 780
227 678
227 921
227 673
228 267
228 479
228 732
228 436
228 747
228 319
228 481
228 451
228 775
228 645
228 552
228 763
228 722
228 268
228 484
228 357
228 308
229 441
229 882
229 675
229 813
229 955
229 446
229 873
229 641
230 515
230 794
230 257
230 632
230 532
230 517
230 617
230 912
230 484
230 350
230 907
230 328
230 483
230 440
230 742
230 452
230 671
230 845
230 610
230 410
231 267
231 632
231 251
231 643
231 622
231 739
231 262
231 232
231 749
231 289
231 660
231 557
231 837
231 404
231 575
232 690
232 980
232 349
232 700
232 474
232 997
232 416
232 367
232 372
232 781
232 385
232 908
232 399
232 549
232 405
232 807
232 566
233 637
233 382
233 295
233 589
233 925
233 635
233 910
233 853
233 289
233 623
233 747
234 532
234 544
234 366
234 954
234 978
234 726
234 540
234 528
235 954
235 696
235 338
235 697
235 385
235 274
235 801
235 837
235 564
235 500
235 706
235 792
235 752
235 499
235 649
235 443
235 632
235 562
235 480
235 857
235 941
235 349
235 592
235 490
235 628
235 895
235 460
235 621
235 972
235 793
236 432
236 720
236 295
236 913
236 567
236 322
236 655
236 801
236 828
236 725
236 970
236 822
236 977
236 949
236 858
236 600
236 924
236 474
236 620
236 991
237 567
237 904
237 698
237 557
237 504
237 802
238 506
238 285
238 539
238 548
238 892
238 278
238 791
238 456
238 445
238 792
238 407
239 898
239 463
239 251
239 742
239 750
239 315
239 770
239 772
239 538
239 303
240 885
240 563
240 391
240 500
240 293
240 770
240 623
240 542
240 352
240 312
240 896
241 794
241 674
241 470
241 727
241 365
241 777
241 684
241 295
241 855
241 660
241 781
242 437
242 602
242 837
242 661
242 690
242 258
242 863
242 829
242 626
242 382
242 737
242 954
242 322
242 905
242 368
242 977
242 990
243 294
243 263
243 762
243 552
243 984
243 667
243 680
243 516
243 863
243 630
243 307
243 879
243 475
243 708
244 989
244 415
244 697
244 293
244 773
244 616
244 417
244 802
244 977
245 686
245 720
245 517
245 856
245 889
245 845
245 746
245 787
245 914
245 306
245 590
245 353
246 686
246 777
246 448
246 985
246 964
246 855
247 480
247 999
247 374
247 671
247 397
247 834
247 905
247 657
247 991
247 963
248 885
248 961
248 294
248 897
248 475
248 499
249 602
249 489
249 674
249 690
249 496
249 912
249 599
249 709
249 729
249 773
249 642
249 892
249 332
249 700
249 530
249 552
249 268
249 561
249 755
249 595
249 437
249 581
249 874
249 286
249 472
249 453
249 456
249 838
249 926
249 347
249 339
249 921
249 910
249 943
249 408
249 737
249 415
249 969
249 540
249 528
249 657
249 317
250 674
250 392
250 880
250 738
250 767
250 566
251 777
251 290
251 291
251 793
251 933
251 992
251 699
251 486
251 899
251 809
251 449
251 484
251 767
251 896
252 539
252 677
252 463
252 882
252 522
252 977
252 909
253 372
253 736
253 489
253 711
253 496
253 502
253 792
253 889
253 701
253 837
253 295
253 383
253 617
253 723
253 928
253 691
253 401
253 852
253 346
253 464
253 542
253 695
253 964
254 515
254 700
254 972
254 394
254 472
254 452
254 353
254 962
254 626
254 406
254 813
254 865
254 931
255 391
255 926
255 867
255 713
255 789
255 968
255 786
255 552
255 837
255 663
255 869
255 511
256 470
256 660
256 489
256 717
256 948
256 727
256 734
256 493
256 400
256 528
256 657
256 759
257 794
257 776
257 844
257 643
257 980
257 919
257 824
257 989
257 515
257 269
257 948
257 677
257 783
257 937
257 888
258 900
258 550
258 385
258 824
258 858
258 853
258 516
258 497
258 772
258 551
258 667
258 582
259 432
259 478
259 810
259 739
259 609
259 463
259 659
259 269
259 682
259 298
259 612
259 964
259 340
259 657
259 827
260 790
260 932
260 605
260 507
260 588
260 432
260 353
260 920
260 317
260 299
260 467
260 347
260 738
260 581
261 677
261 734
261 366
261 585
261 303
261 433
261 356
261 833
261 844
261 911
261 825
261 271
261 664
261 791
261 470
261 671
261 818
261 942
261 828
262 619
262 732
262 690
262 829
262 517
262 391
262 979
262 695
262 893
262 303
263 267
263 998
263 574
263 686
263 382
263 432
263 898
263 643
263 938
263 744
263 628
263 581
263 562
263 840
263 385
263 607
263 784
263 441
263 846
263 622
263 820
263 268
263 649
263 620
263 538
264 625
264 691
264 517
264 924
264 651
264 482
264 864
264 427
264 627
264 500
264 884
264 849
264 473
265 512
265 372
265 402
265 456
265 469
265 624
265 553
265 474
265 470
265 516
265 837
265 880
265 792
265 896
266 288
266 846
266 666
266 347
266 655
266 969
266 552
266 642
266 549
266 747
266 565
267 515
267 878
267 421
267 479
267 288
267 395
267 527
267 294
267 934
267 715
267 286
267 583
267 642
267 748
267 983
267 958
267 736
267 756
267 875
267 469
267 913
267 489
267 490
267 559
267 333
267 927
267 557
267 719
267 774
267 721
267 771
267 563
267 780
267 794
267 292
267 323
267 788
267 549
267 423
267 747
268 658
268 486
268 997
268 454
268 519
268 313
268 476
268 361
268 281
268 694
268 584
268 810
268 477
268 620
268 598
268 680
269 512
269 934
269 842
269 682
269 717
269 287
269 596
269 801
269 794
269 720
269 929
269 997
269 384
269 540
269 375
269 695
269 325
269 950
269 879
269 368
269 977
270 948
270 730
270 650
270 747
270 416
271 515
271 819
271 589
271 516
271 703
271 842
271 530
271 431
271 272
271 358
271 404
271 511
271 307
272 694
272 760
272 548
272 739
272 377
272 979
272 623
272 620
272 761
272 608
272 964
272 792
272 389
272 958
273 877
273 658
273 722
273 850
273 650
273 944
273 910
273 372
273 312
273 724
273 551
273 579
274 401
274 650
274 763
274 775
274 986
274 403
274 929
274 300
274 277
274 404
274 869
275 794
275 432
275 912
275 520
275 859
275 982
275 626
275 299
275 614
275 684
275 542
275 367
275 928
276 296
276 709
276 846
276 774
276 658
276 562
276 650
276 677
276 534
276 927
276 432
276 667
276 929
276 289
276 727
276 646
276 792
276 460
277 383
277 470
277 734
277 498
277 635
277 293
277 340
277 445
277 643
277 353
277 948
277 697
277 651
277 664
277 955
277 407
277 394
277 321
277 692
277 957
277 336
277 449
277 733
277 718
277 769
277 414
277 596
277 722
277 328
277 528
277 806
278 691
278 960
278 885
278 529
278 865
278 309
278 367
278 721
278 589
278 954
278 452
278 548
278 648
278 557
278 888
279 296
279 432
279 291
279 589
279 489
279 474
279 993
279 607
279 636
279 972
279 700
279 385
279 818
279 503
279 523
279 748
279 877
279 555
279 381
279 398
279 486
279 409
279 504
280 512
280 451
280 922
280 645
280 954
280 726
280 418
280 580
280 605
280 427
280 571
280 806
280 995
281 512
281 776
281 382
281 733
281 429
281 559
281 775
281 520
281 770
281 648
281 579
281 990
282 897
282 548
282 434
282 469
282 524
282 871
282 400
282 406
282 334
283 489
283 716
283 742
283 641
283 930
283 402
283 373
283 673
284 313
284 733
284 415
284 376
284 634
284 712
284 571
284 353
284 551
284 598
284 320
284 579
285 898
285 388
285 411
285 420
285 594
285 751
285 720
285 432
285 441
285 711
285 948
285 693
285 796
285 681
285 361
285 556
285 661
285 778
285 357
285 727
285 548
285 398
285 845
285 843
285 393
285 451
285 501
285 782
285 686
285 313
285 602
285 520
285 478
285 906
285 993
285 542
285 859
285 657
285 879
285 579
286 632
286 754
286 532
286 866
286 750
286 339
286 462
286 597
286 847
286 350
286 938
286 479
286 313
286 349
286 507
286 669
286 415
286 401
286 571
286 985
286 695
286 473
286 977
287 795
287 291
287 429
287 816
287 867
287 992
287 671
287 854
287 638
287 727
287 528
287 684
287 594
287 833
287 386
287 750
287 830
287 347
287 611
287 890
287 919
287 460
287 680
288 512
288 527
288 414
288 518
288 861
288 896
288 780
288 756
288 764
288 422
288 605
288 775
289 938
289 480
289 972
289 623
289 761
289 861
289 424
289 602
289 414
289 833
289 581
289 868
289 522
289 758
289 759
289 311
289 508
289 893
290 790
290 743
290 451
290 884
290 739
290 302
290 669
290 938
290 497
290 300
290 691
290 677
290 463
290 601
290 829
290 349
290 591
290 379
290 713
290 352
290 827
291 619
291 790
291 736
291 480
291 543
291 489
291 438
291 426
291 589
291 900
291 536
291 309
291 646
291 856
291 770
291 340
291 773
291 975
291 666
291 477
291 377
291 943
291 404
291 528
291 493
291 525
291 867
291 530
291 677
291 833
291 738
291 995
291 579
292 517
292 843
292 772
292 837
292 317
292 541
292 856
292 910
292 315
292 828
292 888
292 963
293 619
293 948
293 674
293 507
293 699
293 548
293 889
293 902
293 400
293 669
293 746
293 937
293 883
293 607
293 814
293 729
293 410
293 313
293 785
293 328
293 762
293 563
293 777
293 730
293 655
293 612
293 695
293 772
293 538
293 460
294 944
294 376
294 341
294 330
294 811
294 304
294 393
294 466
294 612
295 751
295 295
295 950
295 400
295 741
295 885
295 470
295 322
295 969
296 602
296 387
296 336
296 707
296 818
296 320
296 345
296 633
296 895
296 894
296 868
296 617
296 923
296 567
296 570
296 321
296 325
297 432
297 819
297 846
297 674
297 327
297 972
297 835
297 908
297 802
297 325
297 663
297 957
298 776
298 904
298 394
298 835
298 649
298 788
298 473
298 373
298 318
298 446
299 666
299 645
299 984
299 987
299 344
299 804
299 574
299 802
299 480
299 636
299 322
299 500
299 801
299 592
299 958
299 767
300 774
300 853
300 514
300 787
300 613
300 849
300 813
300 830
300 911
301 589
301 743
301 885
301 716
301 671
301 561
301 638
301 766
301 801
301 521
301 900
301 995
301 771
301 320
301 807
302 589
302 480
302 350
302 913
302 897
302 536
302 508
302 954
302 722
302 879
302 673
303 915
303 313
303 329
303 605
303 396
303 342
303 829
303 567
303 827
303 938
303 617
303 856
303 889
304 915
304 541
304 674
304 987
304 806
304 521
304 388
304 569
304 932
304 322
304 895
304 820
304 997
304 977
305 732
305 541
305 880
305 439
305 917
305 812
305 313
305 489
305 752
305 319
305 853
305 531
305 534
306 420
306 589
306 674
306 429
306 478
306 367
306 850
306 963
306 769
306 516
306 497
306 930
306 389
307 512
307 898
307 932
307 322
307 895
307 467
307 859
307 709
307 450
307 670
307 935
307 808
307 353
308 742
308 889
308 929
308 501
308 350
308 470
308 614
308 339
308 599
308 979
308 625
308 657
309 442
309 401
309 610
309 310
309 805
309 975
309 667
309 738
309 397
309 641
309 695
309 325
310 776
310 451
310 980
310 737
310 696
310 993
310 319
310 312
310 340
310 802
310 538
311 539
311 972
311 935
311 970
312 532
312 415
312 672
312 628
312 644
312 850
312 771
312 325
312 520
312 402
312 964
312 595
313 314
313 594
313 388
313 313
313 356
313 989
313 691
313 708
313 415
313 830
313 482
313 589
313 337
313 893
313 587
313 795
313 780
313 999
313 504
313 520
313 747
313 354
313 803
313 876
313 884
313 361
313 850
313 873
313 843
313 899
313 539
313 322
313 338
313 490
313 473
313 566
314 437
314 602
314 896
314 584
314 346
314 707
314 871
314 757
314 625
314 790
314 627
314 816
314 696
314 481
314 820
314 554
314 979
314 802
314 389
314 460
315 496
315 436
315 401
315 725
315 345
315 404
315 333
315 508
315 634
315 800
315 488
315 831
315 660
315 765
315 416
315 853
315 406
315 490
315 865
316 709
316 652
316 795
316 390
316 470
316 355
316 452
316 398
316 554
316 936
316 727
316 529
316 320
316 566
317 653
317 936
317 999
317 879
317 458
318 898
318 653
318 686
318 962
318 460
318 851
318 846
318 753
318 901
318 391
318 559
318 467
318 896
319 700
319 765
319 897
319 685
319 591
319 654
319 692
319 812
319 952
319 495
319 970
320 762
320 768
320 954
320 739
320 577
320 942
320 320
320 381
320 527
320 650
320 478
320 754
320 523
320 498
320 827
320 753
320 429
320 888
320 873
320 845
320 896
320 708
321 846
321 954
321 993
321 510
321 727
321 426
321 663
321 767
322 778
322 532
322 589
322 550
322 699
322 436
322 810
322 672
322 415
322 945
322 669
322 935
322 629
322 567
322 645
322 924
322 745
322 907
322 889
322 527
322 360
322 708
322 687
322 348
322 553
322 830
322 799
322 925
322 499
322 604
322 555
322 530
322 503
322 967
322 377
322 338
322 697
322 903
322 970
322 865
322 334
322 475
323 709
323 332
323 366
323 573
323 495
323 854
323 712
323 808
323 440
323 358
323 760
323 466
323 386
324 774
324 535
324 783
324 892
324 964
324 350
324 954
325 545
325 574
325 601
325 489
325 881
325 797
325 528
325 992
325 469
325 410
325 863
325 988
325 598
325 879
325 606
325 356
325 433
325 603
325 575
326 346
326 366
326 783
326 861
326 784
326 407
326 327
326 598
327 411
327 480
327 922
327 927
327 348
327 484
327 780
327 339
327 405
327 590
327 944
327 872
327 645
328 743
328 617
328 474
328 366
328 985
328 727
328 975
328 402
328 807
329 674
329 329
329 668
329 921
329 496
329 377
329 738
329 534
329 827
330 948
330 762
330 465
330 678
330 824
330 649
330 799
331 622
331 517
331 452
331 785
331 362
331 352
331 406
331 572
331 468
331 958
331 807
332 665
332 591
332 949
332 365
332 955
332 470
332 463
332 885
332 379
332 526
332 353
332 747
333 785
333 700
333 720
333 558
333 376
333 382
333 474
333 897
333 801
333 964
333 792
333 551
333 621
333 865
334 881
334 473
334 695
334 702
334 752
334 640
334 687
334 385
334 667
334 896
335 480
335 885
335 858
335 789
335 950
335 724
335 943
335 467
335 562
335 374
335 709
335 597
335 579
335 352
335 662
336 898
336 971
336 638
336 794
336 821
336 943
336 577
336 940
336 767
336 708
337 944
337 482
337 774
337 535
337 674
337 676
337 659
337 379
337 406
337 445
338 545
338 690
338 507
338 452
338 832
338 821
338 438
338 762
338 394
338 425
338 618
338 915
338 598
338 432
338 844
338 521
338 631
338 869
338 646
338 725
338 872
338 964
339 691
339 760
339 766
339 510
339 373
339 379
339 384
339 588
339 893
340 458
340 783
340 522
340 903
340 406
340 576
340 590
340 727
340 368
340 378
341 794
341 382
341 677
341 520
341 383
341 516
341 549
341 646
341 930
342 744
342 411
342 969
342 801
342 700
342 632
342 975
343 625
343 938
343 677
343 463
343 391
343 877
343 415
343 788
343 806
343 950
343 974
344 795
344 677
344 426
344 651
344 864
344 683
344 938
344 483
344 499
344 904
344 638
344 397
344 641
344 865
345 517
345 671
345 385
345 628
345 400
345 969
345 572
346 416
346 530
346 698
346 853
346 477
346 534
346 962
346 662
346 584
346 407
346 813
346 975
346 621
346 493
347 878
347 795
347 674
347 825
347 561
347 569
347 712
347 430
347 471
347 642
347 466
347 787
347 958
348 506
348 819
348 438
348 760
348 561
348 577
348 660
348 614
348 822
349 512
349 463
349 676
349 550
349 829
349 922
349 603
349 570
349 859
349 818
349 913
349 843
349 558
349 415
349 430
349 381
349 357
349 815
349 483
349 722
349 929
349 908
349 446
350 594
350 674
350 498
350 783
350 644
350 537
350 709
350 754
350 768
350 847
350 888
351 898
351 437
351 637
351 927
351 553
351 707
351 875
351 814
351 976
351 426
351 988
351 456
351 398
351 828
352 933
352 666
352 429
352 700
352 833
352 650
352 490
352 736
352 884
352 960
352 578
352 481
352 785
352 640
352 436
352 710
352 877
352 993
352 721
352 473
352 615
353 429
353 856
353 935
353 724
353 516
353 697
353 657
353 732
353 766
353 964
354 382
354 786
354 935
354 548
354 477
354 666
354 890
354 596
354 910
354 930
355 938
355 857
355 897
355 647
355 575
355 684
355 626
355 929
355 745
355 879
356 512
356 482
356 432
356 602
356 679
356 812
356 763
356 382
356 540
356 660
356 964
356 702
356 893
357 833
357 416
357 489
357 930
357 469
357 562
357 682
357 636
357 777
357 701
357 691
357 965
357 934
357 630
357 370
358 794
358 885
358 639
358 832
358 883
358 953
358 614
358 418
358 875
358 912
358 431
358 707
358 731
358 468
358 387
358 763
358 514
358 568
358 451
358 766
358 636
358 849
359 602
359 681
359 742
359 722
359 770
359 858
359 691
359 601
359 427
359 706
359 760
359 556
359 743
359 879
359 634
359 849
359 702
360 532
360 794
360 543
360 550
360 393
360 729
360 483
360 929
360 516
360 903
360 802
360 990
360 608
361 509
361 478
361 729
361 811
361 992
362 842
362 992
362 833
362 946
362 828
362 972
362 781
363 567
363 742
363 397
363 612
363 422
363 887
363 680
363 684
363 896
364 489
364 436
364 766
364 809
364 940
364 710
364 893
364 767
364 974
365 489
365 932
365 760
365 477
365 747
365 970
365 579
365 608
366 778
366 437
366 777
366 877
366 507
366 520
366 645
366 369
366 590
366 821
366 879
366 962
366 958
366 908
366 923
366 578
366 390
366 503
366 740
366 968
366 905
366 956
366 989
366 833
366 764
366 587
366 734
366 872
366 608
367 676
367 563
367 391
367 925
367 742
367 415
367 485
367 646
367 803
367 732
367 884
367 716
367 700
367 439
367 726
367 512
367 751
367 456
367 466
367 463
367 382
367 578
367 760
367 528
367 802
367 806
367 757
367 446
368 544
368 391
368 392
368 610
368 678
368 836
368 435
368 685
368 467
368 373
368 918
368 700
368 757
368 962
368 546
368 701
368 639
368 869
368 665
368 494
368 406
368 455
368 950
368 496
368 608
369 677
369 742
369 629
369 477
369 725
369 518
369 370
369 630
369 888
370 465
370 739
370 809
370 616
370 691
370 865
370 767
371 690
371 563
371 716
371 845
371 561
371 792
371 777
371 748
371 615
372 619
372 904
372 847
372 891
372 689
372 721
372 622
372 376
372 985
372 903
373 602
373 676
373 617
373 671
373 561
373 892
373 758
373 379
373 693
373 466
374 690
374 415
374 552
374 717
374 833
374 510
374 389
375 819
375 988
375 697
375 501
375 994
375 877
375 386
375 557
375 995
376 862
376 517
376 401
376 423
376 888
376 783
376 667
376 792
376 579
376 708
377 659
377 647
377 910
377 578
377 575
377 700
377 576
377 936
377 444
377 776
377 437
377 608
377 801
377 542
377 995
377 931
378 395
378 677
378 787
378 761
378 678
378 743
378 990
379 426
379 567
379 954
379 669
379 689
379 993
379 577
379 979
379 868
379 448
379 816
379 408
379 405
379 573
379 753
379 451
379 599
379 499
379 742
379 791
379 697
379 944
379 421
379 899
379 402
379 656
379 850
379 914
379 826
379 516
379 608
380 480
380 489
380 474
380 696
380 650
380 766
380 580
380 864
380 968
381 382
381 809
381 404
381 817
381 860
381 958
381 720
381 927
381 551
381 988
381 894
381 787
382 387
382 411
382 602
382 686
382 622
382 594
382 994
382 389
382 896
382 882
382 601
382 689
382 870
382 390
382 780
382 429
382 568
382 624
382 500
382 655
382 667
382 424
382 695
382 837
382 678
382 714
383 536
383 507
383 514
383 775
383 411
383 415
383 919
383 609
383 850
383 966
383 791
383 810
383 548
383 539
383 627
383 470
383 742
383 452
383 929
383 414
383 745
383 817
383 747
383 579
384 794
384 775
384 647
384 899
384 563
384 918
384 757
384 401
384 722
384 635
384 956
384 960
384 633
384 693
384 461
384 888
385 617
385 494
385 643
385 995
385 629
385 608
385 904
385 401
385 993
385 521
385 556
385 712
385 921
386 856
386 824
386 675
386 847
386 620
386 431
386 577
386 679
386 830
386 510
386 945
386 900
387 898
387 619
387 611
387 422
387 855
387 984
387 481
387 730
387 995
387 896
387 888
388 751
388 720
388 401
388 529
388 607
388 843
388 716
388 808
388 573
388 701
388 437
388 624
388 550
388 842
388 456
388 588
389 513
389 579
389 943
389 514
389 638
389 679
389 594
389 537
389 691
389 911
390 986
390 781
390 693
390 836
390 896
390 888
390 708
391 932
391 567
391 856
391 926
391 458
391 816
391 789
391 626
391 941
391 975
391 395
391 825
391 954
391 814
391 846
391 404
391 727
391 496
391 699
391 691
391 950
391 431
391 905
391 946
391 524
391 599
391 894
391 939
391 694
391 979
391 860
391 485
392 515
392 612
392 589
392 567
392 845
392 445
392 930
392 473
393 743
393 883
393 752
393 903
393 395
393 916
393 843
393 639
393 906
393 459
393 982
393 730
393 853
393 908
393 406
393 950
393 714
393 990
394 520
394 909
394 415
394 616
394 571
394 679
394 727
395 512
395 778
395 794
395 803
395 942
395 409
395 638
395 466
395 539
395 652
395 722
395 577
395 542
395 404
395 991
396 512
396 489
396 517
396 936
396 621
396 498
396 399
396 648
396 566
397 506
397 954
397 722
397 773
397 883
397 505
397 873
397 485
397 404
397 641
397 583
397 608
398 525
398 818
398 416
398 929
398 948
398 640
398 529
398 809
398 727
398 838
399 432
399 762
399 676
399 647
399 456
399 993
399 409
399 846
399 583
399 834
399 911
400 677
400 743
400 910
400 581
400 511
400 819
400 517
400 501
400 644
400 692
400 666
400 723
400 529
400 888
401 520
401 824
401 723
401 820
401 875
401 456
401 568
401 678
401 780
401 854
401 497
401 452
401 790
401 869
401 614
401 919
401 925
401 669
401 758
401 505
401 785
401 519
401 629
401 508
401 969
401 909
401 855
401 495
401 970
401 668
401 757
401 908
401 685
401 612
401 787
402 452
402 558
402 462
402 942
402 404
402 592
402 767
402 515
402 591
402 870
402 531
402 714
402 799
403 613
403 553
403 562
403 494
403 848
403 652
403 983
403 535
403 416
403 616
403 660
404 600
404 528
404 407
404 836
404 678
404 585
404 433
404 983
404 683
404 702
404 472
404 807
404 878
404 666
404 722
404 766
404 610
404 677
404 944
404 875
404 958
404 928
404 654
404 459
404 811
404 717
404 854
404 485
404 639
404 640
404 657
404 598
405 711
405 954
405 415
405 693
405 427
405 941
405 579
405 462
405 475
406 618
406 913
406 704
406 667
406 809
406 924
406 648
406 811
406 584
406 942
406 450
406 510
406 885
406 617
406 703
406 826
406 722
406 615
406 555
406 434
406 777
406 461
406 941
406 715
406 765
406 812
406 940
406 992
406 513
406 695
406 592
406 859
406 977
407 637
407 672
407 452
407 724
407 859
407 469
407 999
407 754
407 802
407 852
407 879
407 767
408 998
408 429
408 867
408 440
408 537
408 879
409 532
409 637
409 420
409 483
409 977
409 891
409 756
409 914
409 518
409 541
409 617
409 478
409 770
409 853
409 738
410 988
410 935
410 694
410 673
410 848
410 605
410 792
410 416
410 929
410 843
411 574
411 441
411 755
411 520
411 564
411 844
411 480
411 967
411 833
411 686
411 599
411 567
411 442
411 616
411 962
411 940
411 911
412 857
412 877
412 672
412 850
412 650
412 770
412 424
412 908
412 817
412 869
412 732
413 803
413 605
413 567
413 458
413 954
413 470
413 742
413 483
413 809
413 792
413 991
414 686
414 509
414 935
414 749
414 631
414 530
414 943
414 632
414 556
414 415
414 891
414 908
414 588
414 817
414 958
415 775
415 721
415 758
415 883
415 914
415 603
415 854
415 637
415 951
415 849
415 550
415 532
415 628
415 792
415 634
415 957
415 800
415 690
415 988
415 643
415 953
415 741
415 572
416 856
416 825
416 916
416 839
416 982
416 858
416 918
416 598
416 789
416 474
416 463
416 709
416 488
416 660
416 908
416 792
416 887
416 662
416 605
416 775
416 494
416 532
416 946
416 669
416 628
416 983
416 795
416 636
416 760
416 484
416 608
416 809
416 695
417 480
417 559
417 465
417 491
417 974
417 558
417 571
417 673
418 898
418 436
418 818
418 738
418 502
418 701
418 760
418 624
418 718
418 540
418 877
418 906
418 964
418 780
418 837
418 588
419 686
419 885
419 674
419 472
419 667
419 549
419 743
419 466
419 586
419 982
419 787
419 673
420 898
420 893
420 624
420 525
420 718
420 837
420 935
420 649
420 497
420 432
420 846
420 489
420 667
420 892
420 571
421 532
421 915
421 524
421 452
421 561
421 685
421 451
421 762
421 520
421 925
421 978
421 729
421 554
422 536
422 489
422 585
422 801
422 916
422 766
422 906
422 608
422 798
422 911
422 767
423 532
423 517
423 650
423 958
423 446
423 708
424 677
424 774
424 897
424 457
424 582
424 883
424 886
424 551
424 974
425 938
425 438
425 940
425 764
425 551
425 896
426 762
426 817
426 987
426 579
426 624
426 885
426 605
426 856
426 470
426 490
426 787
427 479
427 736
427 507
427 781
427 548
427 440
427 916
427 449
427 641
427 529
427 551
428 794
428 742
428 491
428 649
428 648
429 559
429 972
429 867
429 737
429 661
429 780
429 814
429 494
429 484
429 582
429 745
429 790
429 895
429 510
429 457
430 794
430 506
430 620
430 851
430 597
430 916
430 443
430 716
430 571
430 837
430 528
430 931
431 933
431 443
431 777
431 867
431 904
431 597
431 821
431 886
431 930
431 701
431 473
432 594
432 441
432 432
432 751
432 637
432 819
432 898
432 855
432 951
432 905
432 547
432 770
432 702
432 915
432 884
432 914
432 792
432 837
432 756
432 973
432 588
432 575
432 490
432 465
432 891
432 988
432 765
432 578
432 619
432 802
432 947
432 913
432 559
432 877
432 896
433 760
433 783
433 593
433 470
433 931
434 897
434 456
434 801
434 748
434 621
434 466
434 516
435 602
435 762
435 877
435 906
435 610
435 667
435 678
435 587
435 489
435 726
435 913
435 963
436 665
436 913
436 760
436 689
436 659
436 810
436 832
436 789
436 536
436 651
436 478
436 550
436 819
436 923
436 519
436 538
436 830
436 448
436 836
436 893
437 541
437 613
437 720
437 437
437 774
437 610
437 973
437 939
437 731
437 785
437 673
437 511
437 549
437 466
437 764
437 617
437 597
437 711
437 622
437 677
437 472
437 650
437 985
437 788
437 849
437 836
438 618
438 456
438 496
438 591
438 480
438 470
438 557
438 828
438 869
439 602
439 567
439 647
439 739
439 528
439 848
439 720
439 836
439 949
440 715
440 790
440 642
440 586
440 836
440 849
441 459
441 737
441 471
441 718
441 889
441 716
441 727
441 958
441 893
441 888
442 751
442 743
442 559
442 520
442 954
442 659
442 978
442 809
442 892
442 594
442 837
442 511
442 930
442 793
442 822
442 992
442 921
442 731
442 486
442 841
442 608
443 515
443 574
443 653
443 862
443 594
443 764
443 719
443 624
443 870
443 940
443 846
443 489
443 711
443 770
443 788
443 995
444 686
444 520
444 734
444 466
444 763
445 728
445 650
445 918
445 962
445 619
445 720
445 964
445 538
445 475
446 548
446 799
446 514
446 689
446 508
446 821
447 777
447 539
447 679
447 655
447 782
447 870
447 929
447 979
447 612
448 913
448 700
448 945
448 558
448 969
448 542
448 853
448 606
448 985
448 784
448 615
449 517
449 992
449 845
449 929
449 801
449 524
449 819
449 648
449 970
450 496
450 611
450 782
450 970
450 784
450 678
451 515
451 686
451 639
451 451
451 908
451 833
451 783
451 823
451 458
451 890
451 737
451 550
451 535
451 816
451 502
451 885
451 528
451 792
451 787
451 991
452 986
452 734
452 552
452 906
452 672
452 629
452 781
452 721
452 673
452 770
452 826
452 589
452 496
452 651
452 708
452 837
452 715
452 576
452 536
452 950
452 804
452 809
452 908
452 827
452 977
453 709
453 699
453 466
453 817
453 828
453 747
453 708
454 754
454 927
454 514
454 877
454 825
454 809
454 456
454 888
455 480
455 509
455 786
455 665
455 746
455 700
455 908
455 971
455 760
455 849
456 624
456 666
456 690
456 783
456 880
456 531
456 879
456 567
456 896
456 819
456 792
456 995
457 539
457 775
457 667
457 864
457 648
458 624
458 938
458 617
458 940
458 586
458 751
458 856
458 520
458 697
458 467
459 862
459 667
459 809
459 773
459 822
459 933
459 814
459 652
459 477
459 571
459 865
459 977
460 602
460 995
460 530
461 725
461 610
461 575
461 714
461 988
461 828
461 539
461 488
461 562
461 469
461 977
462 899
462 501
462 763
462 847
462 967
462 633
462 463
462 903
462 950
463 959
463 960
463 753
463 601
463 539
463 818
463 752
463 631
463 915
463 700
463 627
463 580
463 894
463 907
463 678
463 575
463 470
463 629
463 604
463 489
463 674
463 638
463 849
463 896
464 512
464 776
464 594
464 908
464 662
464 528
465 567
465 856
465 742
465 523
465 828
465 480
465 775
465 918
465 632
465 907
465 650
465 655
465 534
465 849
465 641
465 974
466 674
466 842
466 483
466 853
466 502
466 693
466 534
466 635
466 685
466 757
466 823
466 511
466 575
466 522
466 841
466 926
466 508
466 855
466 934
466 589
466 976
466 985
466 849
466 538
466 468
467 691
467 609
467 505
467 635
467 671
467 480
467 830
467 942
467 907
467 637
467 654
467 504
467 993
467 899
467 537
467 929
467 555
468 496
468 988
468 985
468 571
468 626
469 637
469 559
469 825
469 910
469 470
469 481
469 983
470 700
470 520
470 726
470 786
470 716
470 847
470 527
470 788
470 577
470 773
470 808
470 771
470 485
470 543
470 719
470 963
470 967
470 816
470 780
470 513
470 910
470 837
470 746
470 481
470 930
471 853
471 695
471 966
471 636
471 931
472 673
472 699
472 685
472 528
472 684
473 755
473 638
473 491
473 516
473 788
473 813
473 817
473 649
473 916
473 660
473 892
473 727
473 705
473 489
473 594
473 601
473 731
473 978
473 870
473 579
473 990
473 799
474 932
474 756
474 499
474 800
474 699
474 872
474 792
474 538
474 608
475 686
475 751
475 730
475 899
475 592
475 975
475 588
475 555
475 493
475 733
475 484
475 873
475 722
475 937
475 920
475 893
476 839
476 975
476 995
476 787
476 827
476 809
477 577
477 864
477 835
477 503
477 715
477 919
477 705
477 510
477 918
477 849
477 530
477 884
477 589
477 876
477 807
478 632
478 723
478 761
478 742
478 483
478 488
478 911
478 865
479 506
479 778
479 587
479 731
479 553
479 653
479 579
479 688
479 644
479 933
479 536
479 954
479 767
480 527
480 618
480 795
480 624
480 753
480 543
480 539
480 626
480 901
480 750
480 697
480 991
480 603
480 951
480 523
480 706
480 745
480 838
480 877
480 801
480 507
480 567
480 781
480 552
480 760
480 993
480 650
480 949
481 948
481 898
481 704
481 671
481 825
481 952
481 705
481 713
481 899
481 838
481 628
481 584
481 856
481 812
481 975
481 849
481 500
481 661
481 625
481 626
481 764
481 942
481 970
481 739
481 491
481 675
481 524
481 648
481 772
481 896
482 632
482 948
482 999
482 991
482 514
482 635
482 520
482 548
482 570
482 836
482 970
483 674
483 897
483 562
483 977
483 762
483 947
483 782
483 956
483 993
483 730
483 626
483 886
483 949
484 625
484 571
484 992
484 846
484 806
484 489
484 841
484 639
485 498
485 892
485 903
485 859
485 991
485 865
485 785
485 522
485 551
485 803
485 673
486 512
486 674
486 617
486 856
486 742
486 595
486 538
486 708
486 964
486 588
486 745
486 944
486 902
486 929
486 497
487 729
487 763
487 809
487 989
487 879
487 952
487 709
487 917
487 623
487 557
488 739
488 837
488 787
488 869
489 677
489 900
489 960
489 536
489 986
489 736
489 777
489 601
489 936
489 798
489 896
489 533
489 915
489 887
489 954
489 755
489 493
489 560
489 512
489 995
489 782
489 549
489 521
489 784
489 655
489 910
489 888
490 637
490 885
490 969
490 861
490 706
490 793
491 763
491 929
491 969
491 766
491 783
491 883
491 826
491 751
491 943
491 717
491 815
491 544
491 512
491 849
491 942
492 898
492 686
492 775
492 722
492 626
492 693
492 970
493 515
493 959
493 624
493 837
494 754
494 621
495 989
495 637
495 913
495 734
495 562
495 970
495 830
495 911
496 674
496 829
496 980
496 912
496 706
496 740
496 879
496 582
496 945
496 567
496 766
497 639
497 617
497 832
497 620
497 819
497 898
497 669
497 902
497 949
498 698
498 542
498 836
498 561
498 837
498 764
498 529
498 714
499 778
499 794
499 777
499 520
499 671
499 825
499 615
500 790
500 965
500 658
500 873
500 841
500 502
500 510
500 652
500 964
500 995
500 605
500 931
500 505
500 516
500 865
501 653
501 659
501 820
501 563
501 540
501 538
501 707
501 753
501 547
501 995
502 509
502 877
502 895
502 845
502 926
502 837
502 553
502 963
502 761
502 620
502 958
502 680
503 520
503 935
503 538
503 982
503 646
504 512
504 653
504 774
504 899
504 577
504 600
504 886
504 594
504 814
504 540
504 956
504 874
505 690
505 935
505 615
505 993
505 864
505 581
505 827
506 776
506 845
506 671
506 593
506 697
506 742
506 623
506 871
506 608
507 726
507 531
507 833
507 806
507 561
507 667
507 903
507 598
508 516
508 916
508 893
509 536
509 743
509 624
509 969
509 995
509 895
509 612
510 913
510 734
510 650
510 891
510 759
510 757
510 656
510 711
510 796
510 853
510 801
510 657
510 614
510 888
511 842
511 936
511 792
511 881
512 944
512 533
512 515
512 794
512 632
512 545
512 616
512 988
512 956
512 965
512 855
512 555
512 994
512 788
512 917
512 991
512 949
512 525
512 514
512 532
512 915
512 948
512 744
512 897
512 597
512 526
512 784
513 580
514 915
514 676
514 694
514 795
514 899
515 934
515 663
515 978
515 599
515 966
515 999
515 713
515 706
515 829
515 938
515 998
515 851
515 956
515 997
515 958
516 936
516 782
516 800
516 871
516 855
516 620
516 744
516 958
516 601
516 619
516 939
516 972
516 776
516 653
516 584
516 568
516 802
516 859
516 738
516 722
516 726
516 648
516 791
516 551
517 898
517 617
517 976
517 779
517 652
517 893
517 783
517 655
517 733
517 678
517 806
517 750
517 844
517 687
517 641
517 520
517 979
517 571
517 813
517 977
518 755
518 883
518 562
518 592
518 663
519 652
519 760
519 523
519 803
519 798
519 577
519 693
519 549
519 679
520 686
520 877
520 978
520 909
520 583
520 648
520 894
520 572
520 831
520 687
520 749
520 618
520 777
520 758
520 742
520 728
520 899
521 676
521 904
521 965
521 561
521 724
521 744
521 851
522 853
522 617
522 624
522 784
523 619
523 897
523 922
523 563
523 713
523 561
523 616
523 641
523 903
524 768
524 902
524 606
524 738
524 918
524 633
524 643
524 627
525 846
525 735
525 561
525 815
525 897
525 546
525 678
526 604
526 853
526 895
526 786
526 880
526 984
526 725
526 716
526 818
526 571
526 908
526 905
526 807
526 688
527 998
527 934
527 988
527 971
527 881
527 996
527 592
527 796
527 913
527 918
527 612
527 865
527 614
528 632
528 677
528 577
528 678
528 570
528 585
528 726
528 824
528 941
528 936
528 859
528 951
528 965
528 959
528 882
528 948
528 911
529 762
529 700
529 902
529 770
529 723
529 941
529 922
529 828
529 888
530 938
530 686
530 624
530 779
530 969
530 947
530 620
530 727
530 772
531 978
531 658
531 842
531 538
531 993
531 911
531 657
531 827
531 991
531 565
532 776
532 803
532 778
532 926
532 848
532 572
532 670
532 611
532 545
532 619
532 915
532 932
532 854
532 918
532 685
532 979
532 797
532 886
532 811
533 778
533 975
533 603
533 700
533 545
533 637
533 699
533 809
533 643
534 619
534 700
534 561
534 677
534 664
534 662
535 594
535 705
535 812
535 972
535 690
535 671
535 612
535 970
535 930
535 968
536 753
536 589
536 617
536 913
536 988
536 657
536 893
536 977
536 991
537 898
537 725
537 722
537 778
537 924
537 859
537 997
537 673
538 552
538 883
538 864
538 701
538 925
538 733
538 686
538 953
538 689
538 839
539 778
539 898
539 790
539 986
539 777
539 877
539 575
539 622
539 559
539 716
539 591
539 578
539 696
539 825
539 589
539 645
539 588
539 911
540 567
540 851
540 809
540 626
540 874
540 747
540 969
540 574
540 654
540 606
540 693
540 572
541 674
541 789
541 696
541 681
541 648
541 733
541 664
541 667
541 864
541 620
541 975
541 708
542 927
542 856
542 835
542 657
542 615
542 931
543 794
543 665
543 933
543 677
543 589
543 559
543 738
543 616
544 930
544 567
544 690
544 833
544 788
544 802
545 754
545 903
545 838
545 657
545 796
545 741
545 803
545 846
545 783
545 929
545 620
546 619
546 812
546 650
546 667
546 929
546 562
546 902
546 997
546 695
546 793
547 913
547 700
547 988
547 925
547 729
547 752
547 730
547 650
548 741
548 609
548 780
548 562
548 889
548 818
548 684
548 938
548 967
548 996
548 654
548 891
548 551
548 910
548 594
548 981
548 812
548 630
548 815
548 924
548 823
548 585
548 997
548 800
548 782
548 952
548 809
549 676
549 818
549 571
549 620
549 718
549 692
549 582
549 554
549 836
549 911
549 615
550 676
550 774
550 733
550 617
550 809
550 797
550 656
550 592
550 649
550 631
550 970
550 787
550 974
551 829
551 897
551 975
551 610
551 609
551 901
551 874
551 708
551 737
551 645
551 577
551 640
552 938
552 883
552 819
552 806
552 625
552 613
552 562
552 729
552 561
552 648
552 990
553 766
553 738
553 657
553 569
553 857
553 856
553 730
553 651
553 834
553 977
554 927
554 810
554 671
554 833
554 855
554 903
554 658
554 762
554 590
554 690
554 827
554 977
555 998
555 898
555 702
555 975
555 634
555 846
556 762
556 772
556 836
557 790
557 618
557 992
557 809
557 918
557 782
557 975
557 876
557 787
557 673
558 790
558 758
558 641
558 705
559 885
559 700
559 740
559 661
559 998
559 829
559 936
559 853
559 987
559 968
559 748
559 591
559 676
559 949
559 759
560 794
560 824
560 703
560 911
561 810
561 722
561 971
561 933
561 740
561 636
561 997
561 578
561 786
561 805
561 919
561 770
561 860
561 801
561 879
562 959
562 758
562 760
562 770
562 637
562 951
562 865
562 792
562 931
562 661
562 985
562 703
562 611
562 578
562 742
562 849
562 903
562 880
562 598
563 732
563 744
563 674
563 913
563 995
563 971
563 605
563 770
563 782
563 660
563 896
564 948
564 989
564 676
564 779
564 816
564 724
564 695
564 823
564 841
565 829
565 617
565 722
565 858
565 853
565 772
565 813
565 608
565 673
566 922
566 711
566 695
566 874
566 610
566 631
566 860
566 914
566 749
566 958
566 607
566 709
567 681
567 785
567 779
567 856
567 743
567 635
567 846
567 687
567 810
567 999
567 624
567 877
567 765
567 729
567 902
567 858
567 991
568 601
568 824
568 929
569 857
569 863
569 947
569 916
569 713
569 703
569 768
569 877
569 672
569 830
569 714
570 777
570 690
570 954
570 792
570 772
570 742
570 723
571 649
571 987
571 586
571 789
571 623
571 801
571 679
571 660
571 882
571 581
571 862
571 804
571 607
571 791
571 998
571 770
571 726
571 941
571 788
571 684
571 908
571 859
571 865
571 977
572 625
572 965
572 802
572 911
572 969
572 944
572 755
572 784
572 974
573 913
573 786
573 965
573 766
573 979
573 660
573 587
574 653
574 896
574 704
574 998
574 919
574 846
574 602
574 912
574 816
574 858
574 990
575 661
575 650
575 908
575 743
575 879
575 608
575 734
575 837
575 866
575 893
576 954
576 813
576 774
576 891
576 943
576 837
576 887
576 807
576 673
577 675
577 744
577 679
577 780
577 901
577 966
577 805
577 948
577 909
577 586
577 965
577 670
577 621
577 879
578 700
578 832
578 837
579 713
579 695
579 623
579 776
579 948
579 658
579 860
579 890
579 602
580 913
580 809
580 976
580 717
580 726
580 992
580 700
580 843
580 732
580 590
580 853
580 888
581 817
581 614
582 778
582 733
582 694
582 824
582 827
582 700
582 990
583 760
583 964
583 827
583 946
583 978
583 613
583 642
583 673
584 658
584 745
584 695
584 911
585 618
585 978
585 992
585 870
586 694
586 658
586 933
586 671
586 668
586 762
586 641
586 975
587 895
587 946
587 611
587 806
588 709
588 589
588 762
588 857
588 924
589 777
589 677
589 795
589 624
589 590
589 828
589 765
589 827
589 791
589 640
589 945
589 962
589 654
589 817
589 759
589 934
589 592
589 729
589 601
589 743
589 716
589 886
589 903
589 837
590 927
590 856
590 772
590 643
591 734
591 917
591 705
591 847
591 908
591 942
591 888
592 915
592 993
592 809
592 981
592 666
592 677
592 868
593 794
593 594
593 965
593 760
593 635
593 884
593 871
593 886
593 802
593 598
593 865
594 742
594 829
594 828
594 595
595 676
595 913
595 726
595 669
595 620
595 631
595 827
596 915
596 913
596 664
596 873
596 801
596 905
597 965
597 673
597 982
597 886
597 823
597 893
598 709
598 932
598 603
598 759
598 789
598 725
599 681
599 742
599 783
599 908
599 970
599 893
600 924
600 880
600 959
600 718
600 621
600 963
600 894
600 827
600 841
600 991
601 959
601 966
601 692
601 964
601 847
601 902
601 658
601 743
601 716
601 742
601 835
602 619
602 898
602 637
602 602
602 773
602 945
602 856
602 682
602 818
602 668
602 747
602 923
602 630
602 965
602 726
602 981
602 716
602 908
602 930
602 911
603 778
603 900
603 783
603 896
604 774
604 672
604 929
604 746
605 711
605 922
605 815
605 681
605 644
605 816
605 763
605 809
605 807
606 700
606 954
606 652
606 657
606 763
606 802
607 774
607 856
607 992
607 879
608 933
608 737
608 609
608 843
608 612
608 714
608 959
608 874
608 758
608 966
609 720
609 613
609 820
609 908
609 614
610 730
610 756
610 964
610 967
610 702
611 932
611 988
611 768
611 920
611 907
611 888
611 807
612 631
612 782
612 663
612 966
612 887
613 794
613 819
613 853
613 976
613 683
613 757
613 770
613 798
613 965
613 629
613 655
613 808
613 964
613 931
613 688
614 904
614 658
614 826
614 623
614 839
614 764
614 680
614 844
614 719
614 914
614 781
614 862
614 942
615 901
615 616
615 620
615 888
615 873
615 826
615 649
615 651
615 971
615 666
615 841
616 677
616 676
616 760
616 817
616 790
616 762
616 801
616 620
616 896
616 799
617 676
617 690
617 881
617 617
617 980
617 696
617 858
617 816
617 837
617 866
617 974
617 700
617 999
617 877
617 731
617 944
617 775
617 734
617 969
617 863
617 620
617 942
617 964
617 888
618 819
618 795
618 677
618 855
618 731
618 966
618 844
618 762
618 671
618 836
618 764
618 657
618 968
619 934
619 706
619 768
619 887
619 995
620 632
620 637
620 700
620 818
620 649
620 886
620 908
620 745
620 855
620 962
620 809
620 699
620 622
620 629
620 755
620 951
620 664
620 930
620 735
620 757
620 639
620 922
620 778
620 949
620 777
621 754
621 836
621 644
621 640
621 746
621 799
622 857
622 960
622 904
622 927
622 969
622 649
622 860
623 713
623 877
623 982
623 988
623 663
623 977
623 888
624 790
624 642
624 977
624 686
624 714
624 859
624 923
624 992
624 762
624 734
624 669
624 935
624 772
625 776
625 796
625 750
625 718
625 923
625 700
625 699
625 991
626 677
626 975
626 874
626 922
626 681
627 696
627 760
627 918
627 727
627 772
628 677
628 736
628 666
628 851
628 763
628 670
629 944
629 922
629 972
629 658
629 659
629 840
629 962
629 965
629 794
629 855
629 926
629 733
629 760
629 895
629 808
629 940
629 746
629 931
630 774
630 772
630 836
630 779
630 848
630 845
630 668
630 661
630 662
630 965
630 787
631 989
631 672
631 675
631 748
631 727
631 879
632 754
632 982
632 772
632 702
632 747
632 818
632 722
632 789
632 829
632 733
632 726
632 935
632 850
632 940
632 879
632 807
633 900
633 779
633 931
634 923
634 851
634 895
634 847
634 883
634 640
634 654
634 745
634 714
635 671
635 908
635 715
635 804
635 795
635 813
635 977
635 888
635 822
636 998
636 696
636 723
636 650
637 898
637 709
637 637
637 799
637 660
637 815
637 710
637 958
637 817
637 891
637 739
637 908
637 893
638 922
638 730
638 875
638 866
638 755
638 870
638 896
638 977
639 934
639 790
639 681
639 931
639 696
639 761
639 992
639 903
639 705
639 998
639 755
639 774
639 738
639 942
639 747
639 714
639 807
640 985
640 792
640 938
641 989
641 993
641 917
641 720
641 732
641 890
642 933
642 893
643 913
643 965
643 745
643 937
643 942
643 747
643 665
644 922
644 734
644 730
644 834
644 964
644 863
644 811
644 780
644 911
644 828
645 986
645 904
645 925
645 954
646 862
646 965
646 659
646 723
646 728
646 811
646 701
646 657
647 674
647 923
647 908
647 798
647 777
647 910
647 899
647 693
648 933
648 913
648 903
648 909
648 815
648 981
648 920
648 904
648 761
648 978
648 794
648 957
648 670
648 722
648 970
648 746
648 730
648 823
649 795
649 700
649 905
649 976
649 788
649 928
649 786
649 811
649 807
649 726
649 801
649 908
649 852
650 794
650 932
650 892
650 858
650 916
650 783
650 682
650 700
650 728
650 790
650 795
650 987
650 673
650 988
650 826
650 850
650 657
650 857
650 831
650 940
650 995
650 942
650 667
650 886
651 734
652 871
652 707
652 668
652 806
652 911
652 955
653 856
653 896
653 861
653 862
653 863
654 763
654 730
654 807
655 674
655 806
656 794
656 938
656 972
656 673
657 809
657 940
657 747
657 733
657 991
657 920
658 984
658 758
658 689
658 920
658 671
658 946
659 681
659 696
659 863
659 970
659 806
659 896
660 908
660 676
660 933
660 898
660 867
660 834
660 722
660 847
660 866
660 994
660 951
660 989
660 964
660 714
661 944
661 825
661 823
661 827
662 674
662 704
662 667
662 695
662 974
663 743
663 970
663 787
663 928
663 859
663 962
663 903
663 946
663 798
663 799
663 790
664 846
664 981
664 667
664 809
664 713
664 710
664 708
665 851
665 954
665 757
665 677
665 885
665 977
666 709
666 774
666 922
666 696
666 718
666 735
666 742
666 936
666 942
666 888
667 877
667 781
667 825
667 741
667 703
667 996
667 833
667 866
667 714
667 862
667 820
667 874
667 879
667 850
667 822
667 971
667 724
668 764
669 869
669 969
669 695
669 837
669 792
670 835
670 708
671 788
671 972
671 784
671 730
671 993
671 801
671 747
671 707
672 959
672 716
672 935
672 875
672 994
672 914
673 738
673 894
673 958
673 876
673 826
673 730
673 895
673 853
673 732
673 896
673 699
674 736
674 829
674 899
674 850
674 696
674 767
674 776
674 955
674 863
674 969
674 822
674 935
674 937
674 734
674 689
674 783
674 865
674 963
675 677
675 753
675 719
675 708
675 853
675 991
676 881
676 901
676 908
676 943
676 960
676 684
676 777
676 926
676 690
676 906
677 782
677 798
677 865
677 786
677 742
677 751
677 772
677 991
677 822
677 686
677 945
677 882
677 937
677 678
678 690
678 828
678 958
678 936
678 832
678 779
678 876
678 955
678 888
679 929
679 956
679 793
679 807
680 825
680 809
680 979
680 970
680 948
680 768
680 756
680 865
680 819
680 784
680 973
681 900
681 766
681 938
681 730
681 842
681 858
681 936
681 930
682 960
682 731
682 824
682 739
682 708
683 801
683 693
683 970
683 814
683 813
684 795
684 904
684 954
684 993
684 970
684 911
684 741
684 776
685 984
685 847
685 752
685 850
685 792
686 709
686 861
686 824
686 707
686 908
687 959
687 885
687 913
687 993
687 847
687 695
687 893
688 970
688 975
688 896
689 790
689 906
689 768
689 760
689 899
690 744
690 980
690 723
690 936
690 751
690 998
690 939
690 785
690 855
690 964
690 940
691 933
691 902
691 753
691 906
691 984
691 942
691 695
691 940
692 893
692 931
692 822
693 993
693 947
693 832
693 996
693 935
693 959
693 737
693 862
693 879
694 994
694 795
695 695
695 880
695 804
695 815
695 834
695 997
695 749
695 971
695 767
695 917
695 996
695 704
695 781
695 787
695 783
696 972
696 844
696 997
696 775
696 970
696 741
696 978
696 728
696 783
696 974
697 897
697 907
697 845
697 751
697 953
697 729
697 971
697 730
697 783
697 802
697 767
697 974
698 805
698 777
698 873
698 760
698 714
699 986
699 838
699 744
699 760
699 929
699 791
700 927
700 972
700 976
700 946
700 813
700 922
700 790
700 907
700 843
700 725
700 904
700 853
701 812
701 959
701 762
701 932
701 992
701 801
702 956
702 745
702 940
702 768
702 746
702 869
703 948
703 913
703 856
703 929
703 874
703 845
703 848
703 896
704 897
704 793
704 802
704 924
705 844
705 991
705 985
706 803
706 824
707 783
707 828
707 991
708 853
708 738
708 807
708 777
708 848
708 759
708 933
708 735
708 719
708 999
708 840
708 811
708 855
709 846
709 958
709 991
709 888
709 807
710 734
710 760
710 915
710 833
710 896
711 855
711 800
711 958
711 734
711 923
711 856
711 788
712 819
712 783
712 867
712 958
712 977
713 774
713 856
713 730
713 882
713 793
713 958
713 974
714 965
714 755
714 883
714 756
714 807
714 870
714 764
714 928
714 943
715 915
715 826
715 790
715 792
715 876
716 882
716 796
716 739
716 738
716 792
716 995
716 852
716 977
717 922
717 810
717 722
717 993
717 858
717 837
718 745
718 787
718 841
718 735
719 889
719 766
719 995
720 720
720 984
720 980
720 965
720 788
720 730
720 947
720 772
721 795
721 762
721 997
721 726
721 853
721 792
722 803
722 722
722 730
722 910
722 784
722 915
722 761
722 753
722 769
722 729
722 985
722 936
722 826
722 977
722 993
722 792
722 865
723 984
723 825
723 874
723 982
724 824
724 969
724 987
724 940
724 729
724 774
724 842
724 990
725 837
725 979
725 788
725 729
725 783
725 940
726 954
726 730
726 863
726 796
726 913
726 742
726 879
727 846
727 947
727 760
727 828
728 954
728 925
728 973
728 955
728 787
729 883
729 907
730 824
730 770
730 972
730 922
730 776
730 928
730 785
730 943
730 789
730 809
730 905
731 754
731 885
731 735
731 864
731 807
732 837
732 885
732 908
732 990
733 848
733 853
733 772
733 828
733 747
733 787
734 954
734 765
734 965
734 734
734 960
734 942
734 931
734 845
734 855
735 969
735 849
736 842
736 958
736 931
737 901
737 898
737 936
738 774
738 919
738 865
738 903
738 940
738 836
739 862
739 790
739 742
739 789
739 825
739 771
740 803
740 762
740 857
740 913
740 835
740 991
742 954
742 768
742 775
742 887
742 833
742 885
742 790
742 880
742 875
742 797
742 996
742 916
742 947
742 968
742 953
742 801
742 826
743 900
743 748
743 811
743 844
743 827
743 952
743 929
743 911
744 778
744 883
744 965
744 994
744 785
744 985
744 788
745 786
745 780
745 866
746 972
746 858
746 985
746 805
746 874
746 961
746 819
747 846
747 911
747 958
748 898
748 942
749 783
749 792
749 869
750 992
750 863
750 983
750 791
750 949
750 924
750 792
751 862
751 885
751 832
751 854
751 858
752 915
752 901
752 797
752 770
753 795
753 927
754 948
754 882
754 912
754 986
754 989
754 802
754 911
755 819
755 801
755 828
756 877
757 873
758 762
758 931
758 853
758 833
758 766
759 825
759 926
759 775
760 898
760 781
760 961
760 900
760 790
760 849
760 846
760 876
760 939
760 936
760 772
761 819
761 867
761 995
762 776
762 986
762 795
762 925
762 845
762 766
762 933
762 998
762 923
763 774
763 913
763 927
764 944
764 947
764 801
764 802
764 964
764 814
764 895
764 827
765 777
765 840
765 888
765 945
765 903
766 795
766 952
766 819
766 929
766 801
766 903
766 876
767 790
767 958
767 977
767 960
767 839
767 775
767 841
767 869
768 898
768 774
768 793
768 952
768 809
768 893
769 829
769 947
769 906
769 801
769 810
769 985
770 845
770 999
770 798
770 873
771 975
771 911
771 828
772 952
772 868
772 792
772 858
772 866
772 851
772 988
772 978
772 989
772 949
772 799
773 985
773 788
773 778
773 899
773 955
774 774
774 809
774 935
774 856
774 934
774 940
775 898
775 855
775 929
776 803
776 865
776 998
776 882
776 985
776 974
777 874
778 778
778 872
779 790
779 908
779 807
780 976
780 942
781 954
781 984
781 945
781 921
781 850
781 813
782 930
782 893
783 854
783 816
783 787
783 952
783 871
783 865
784 803
784 809
784 837
784 806
784 911
785 938
785 859
785 907
785 844
785 786
785 817
786 992
786 914
786 995
786 904
786 809
787 989
787 900
787 936
787 934
787 910
787 812
787 971
787 837
787 878
787 977
788 897
788 957
788 986
788 919
788 984
788 809
788 930
788 790
789 816
789 904
790 877
790 979
790 954
790 942
790 826
790 915
790 871
790 896
791 882
791 889
791 964
791 861
792 992
792 833
792 809
792 792
792 795
792 806
792 974
792 934
792 911
792 975
792 836
793 989
793 856
793 850
793 837
793 979
794 953
794 882
794 854
794 915
795 861
795 901
795 893
795 974
796 940
797 891
797 892
797 985
797 968
798 964
798 905
799 909
799 943
800 978
800 826
800 995
800 974
801 898
801 864
801 802
801 862
801 948
801 974
802 978
802 910
802 941
802 983
803 911
803 912
803 965
803 819
803 927
803 856
803 951
804 944
804 862
804 947
804 979
805 897
805 824
805 808
806 885
806 913
806 853
806 904
806 921
806 849
806 828
806 875
806 881
807 898
807 992
807 934
807 808
808 998
808 988
808 964
809 812
809 946
809 864
809 868
809 989
809 811
809 945
809 992
809 953
810 923
810 906
810 904
810 895
810 825
810 970
810 943
811 878
811 940
811 931
811 977
812 865
813 874
813 844
814 842
814 946
814 835
814 836
815 925
815 901
815 859
816 913
816 858
816 853
816 827
817 842
817 877
818 838
818 880
818 854
818 820
818 937
819 882
819 922
819 887
819 895
819 836
820 846
820 927
820 981
821 929
821 840
821 977
821 822
822 851
822 839
822 872
822 838
822 980
823 905
823 893
824 846
825 885
825 965
825 857
825 995
826 918
826 929
826 846
826 891
826 958
827 867
827 903
827 865
827 894
827 983
827 857
827 948
827 837
827 873
827 921
827 991
827 888
828 856
828 890
828 981
828 924
829 851
829 928
829 920
830 906
831 856
831 949
831 896
832 972
832 840
832 849
833 988
833 964
833 838
834 964
835 856
835 910
835 931
835 999
835 853
835 977
836 908
836 953
836 929
837 885
837 854
837 846
837 955
837 888
837 916
837 928
838 942
838 893
839 927
839 935
839 993
839 964
839 949
839 888
840 993
841 908
841 911
841 958
842 954
842 869
844 927
844 940
845 895
845 996
845 949
845 916
845 929
845 848
846 934
846 888
846 912
846 953
846 975
846 885
846 983
846 931
849 915
849 960
849 870
849 938
849 896
849 956
849 890
849 964
850 992
850 918
851 918
851 903
851 958
852 981
852 964
853 951
853 997
853 970
853 988
853 977
853 923
853 985
854 984
855 898
855 904
855 991
856 866
856 898
856 922
856 987
856 925
856 908
856 964
856 977
857 961
857 942
857 916
858 929
858 931
858 959
858 964
859 913
860 930
860 929
860 967
861 862
861 911
861 893
862 898
862 989
862 926
862 879
862 896
863 988
863 864
863 909
863 993
863 911
864 895
865 895
865 873
865 964
865 988
865 966
865 867
865 968
866 977
867 913
868 959
868 904
868 933
868 995
868 964
870 969
870 911
871 901
871 927
871 918
872 889
872 881
872 880
872 893
873 987
873 911
874 890
876 998
876 956
877 940
877 964
878 918
878 938
878 886
879 981
879 964
879 891
879 972
879 958
881 951
882 959
882 993
882 988
882 889
883 927
883 958
884 938
884 960
884 890
885 959
885 940
885 982
885 929
885 896
886 989
886 960
886 992
886 910
886 944
886 942
886 920
887 933
887 980
887 971
888 896
888 900
888 897
889 974
889 966
889 933
889 903
890 915
890 901
891 948
891 946
892 952
892 913
892 911
893 994
893 958
893 921
893 947
893 929
893 973
893 982
893 995
893 977
894 927
895 941
895 958
896 975
896 983
896 966
896 963
896 960
896 967
896 995
897 897
897 948
897 991
897 994
897 964
898 967
898 976
898 953
898 921
898 961
900 927
900 950
901 927
902 908
902 949
902 991
903 962
903 978
903 936
903 958
904 994
904 922
904 954
905 984
905 963
905 950
906 913
906 956
907 992
907 929
908 948
908 972
909 964
910 921
910 961
911 929
911 940
911 955
911 954
911 978
911 925
912 929
913 913
913 970
913 914
913 964
913 991
914 972
915 964
916 952
916 930
917 944
917 962
917 991
918 969
919 942
922 998
923 958
924 974
926 970
927 976
927 969
929 969
929 941
929 952
929 938
929 930
930 974
930 959
931 942
933 989
934 994
934 979
935 949
936 976
937 960
938 967
939 991
940 970
940 977
941 965
941 973
943 996
944 950
944 998
944 985
944 967
945 998
946 964
950 953
951 954
952 992
952 966
952 991
953 993
954 992
954 999
954 959
954 972
954 958
955 991
957 969
958 993
961 976
963 970
964 989
964 982
964 975
967 981
969 994
970 998
971 993
980 987
985 995
988 998
989 998
990 993
992 996
993 997
997 998
