0 223
0 936
0 28
0 234
0 842
0 431
0 272
0 105
0 940
1 206
1 179
1 904
1 323
1 538
1 636
1 896
1 760
1 342
1 418
1 171
1 705
1 841
1 977
1 888
1 59
1 974
2 146
2 427
2 63
2 953
2 102
2 597
2 740
2 804
2 515
2 420
2 341
2 580
2 401
2 164
2 416
2 357
2 312
2 493
3 777
3 665
3 204
3 742
3 50
3 548
3 48
3 993
3 610
3 824
3 638
3 627
3 153
3 401
3 47
3 385
3 30
3 971
3 63
3 244
3 902
3 585
3 293
3 102
3 277
3 746
3 57
3 937
3 883
3 186
3 607
3 814
3 729
3 410
3 313
3 240
3 785
3 328
3 69
3 762
3 563
3 220
3 36
3 32
3 20
3 916
3 103
3 402
3 910
4 296
4 927
4 195
4 329
4 86
4 327
4 674
4 690
4 901
4 857
4 351
4 496
4 349
4 550
4 177
4 566
4 280
4 638
4 323
4 20
4 23
4 335
4 431
4 628
4 931
4 803
4 62
4 871
4 396
4 904
4 367
4 101
4 104
4 501
4 418
4 713
4 12
4 168
4 598
5 754
5 296
5 69
5 980
5 200
5 869
5 286
5 595
5 624
5 552
5 367
5 498
5 218
5 649
5 154
5 236
6 420
6 639
6 669
6 698
6 93
6 906
6 358
6 935
6 51
6 550
6 532
6 13
6 628
6 792
6 284
6 405
6 22
6 634
6 322
6 500
6 335
6 931
6 714
7 898
7 541
7 751
7 653
7 318
7 574
7 982
7 295
7 792
7 8
7 643
7 140
7 166
7 686
7 432
7 437
7 182
7 313
7 846
7 637
7 993
7 903
7 551
7 921
8 38
8 33
8 665
8 60
8 603
8 182
8 633
8 787
8 790
8 291
8 959
8 73
8 221
8 452
8 410
8 510
8 418
8 580
8 798
8 235
9 137
9 322
9 121
9 116
9 561
9 363
9 300
9 522
9 733
9 510
9 477
9 224
9 379
9 417
9 967
9 234
9 271
9 446
10 732
10 295
10 480
10 696
10 347
10 416
10 571
10 831
11 350
11 856
11 81
11 985
11 203
11 340
11 44
11 549
11 837
11 34
11 450
11 815
11 328
11 394
11 947
11 47
11 163
11 73
11 43
11 760
11 316
11 188
11 241
11 785
11 264
11 141
11 400
11 277
11 695
11 727
12 487
12 903
12 648
12 880
12 67
12 404
12 959
12 718
12 557
12 964
12 837
12 246
12 405
12 949
12 579
12 207
13 812
13 517
13 385
13 233
13 977
13 565
13 923
13 79
13 333
13 616
13 359
13 503
13 379
13 386
13 397
13 534
13 406
13 970
13 193
13 287
13 303
14 230
14 86
14 391
14 742
14 147
14 925
14 237
14 336
14 594
14 45
14 30
14 956
14 877
14 383
14 202
14 470
14 760
14 648
14 301
14 848
15 585
15 105
15 456
15 561
15 49
15 261
15 576
15 95
15 153
15 728
15 347
15 477
15 43
16 794
16 984
16 918
16 256
16 908
16 658
16 34
16 589
16 74
16 352
16 235
16 126
16 977
17 95
17 589
17 260
17 316
17 184
17 392
17 232
17 96
17 913
17 447
17 199
17 155
17 517
17 972
17 856
17 988
17 596
17 944
17 125
17 102
17 575
17 54
17 245
17 43
17 369
17 105
17 234
17 415
17 467
17 544
17 486
17 167
17 842
17 932
17 429
17 567
17 200
17 169
18 230
18 512
18 292
18 128
18 372
18 288
18 632
18 998
18 944
18 778
18 948
18 878
18 776
18 803
18 20
18 421
18 286
18 619
18 312
18 848
18 423
18 47
18 409
18 60
18 322
18 572
18 670
18 611
18 142
18 975
18 603
18 49
18 700
18 139
18 346
18 986
18 360
18 532
18 162
18 762
18 327
18 155
18 201
18 647
18 293
18 839
18 970
18 245
19 290
19 184
19 202
19 173
19 897
19 133
19 108
19 907
19 845
19 697
19 56
19 215
19 802
19 747
19 977
20 267
20 532
20 269
20 619
20 882
20 854
20 358
20 161
20 163
20 128
20 500
20 193
20 378
20 122
21 84
21 260
21 520
21 768
21 137
21 138
21 913
21 718
21 867
21 333
21 61
21 842
21 200
21 985
21 844
21 914
22 794
22 790
22 156
22 61
22 721
22 833
22 256
22 528
22 670
22 350
22 470
22 614
22 339
22 599
22 979
22 625
22 393
22 953
22 47
22 269
22 772
22 325
22 473
22 949
22 827
22 499
23 458
23 591
23 562
23 385
23 404
23 439
23 301
23 710
23 388
23 557
23 328
23 541
23 896
23 342
23 586
23 475
23 688
23 836
23 325
23 592
23 354
23 630
23 64
24 489
24 674
24 86
24 429
24 403
24 770
24 724
24 81
24 491
24 650
24 916
24 655
24 410
24 546
24 53
24 766
24 24
24 858
24 398
24 295
24 145
24 927
24 202
24 249
24 188
24 617
24 735
24 530
24 216
24 957
24 490
24 352
24 962
24 397
24 670
24 257
24 322
24 85
24 426
24 667
24 929
24 143
24 71
24 793
24 566
25 794
25 795
25 762
25 391
25 316
25 96
25 525
25 333
25 447
25 923
25 474
25 165
25 598
25 701
25 304
25 611
25 650
25 365
25 532
25 269
25 579
25 875
25 248
25 988
25 120
25 401
25 153
25 864
26 327
26 520
26 786
26 904
26 742
26 103
26 366
26 261
26 645
26 472
26 553
26 891
26 539
26 368
26 676
26 316
26 208
26 736
26 209
26 466
26 147
26 478
26 992
26 48
26 730
26 379
26 806
26 99
27 69
27 716
27 988
27 232
27 137
27 142
27 200
27 263
27 287
27 227
27 371
27 557
27 431
27 804
27 366
27 904
27 145
27 204
27 845
27 102
27 836
27 701
27 235
27 250
28 151
28 694
28 961
28 101
28 469
28 386
28 152
28 408
28 756
28 651
28 800
28 908
28 567
28 220
28 599
28 654
28 932
28 669
28 30
28 551
28 133
28 999
28 334
28 849
29 204
29 394
29 981
29 248
29 904
29 61
29 887
29 775
29 693
29 153
29 850
29 667
29 432
29 454
29 756
29 366
29 725
29 664
29 359
29 903
29 964
29 792
29 307
29 590
29 42
29 59
30 898
30 401
30 68
30 531
30 879
30 567
30 722
30 597
30 650
30 434
30 386
30 407
30 746
30 874
31 515
31 532
31 395
31 754
31 744
31 803
31 118
31 265
31 533
31 732
31 506
31 294
31 230
31 95
31 491
31 466
31 523
31 85
31 784
31 911
31 91
31 166
31 121
31 706
31 108
31 47
31 722
31 740
31 413
31 545
31 753
31 204
31 969
31 853
31 542
32 539
32 677
32 774
32 535
32 927
32 674
32 84
32 960
32 684
32 777
32 926
32 595
32 549
32 928
32 36
32 550
32 690
32 73
32 716
32 349
32 617
32 391
32 100
33 39
33 437
33 777
33 790
33 287
33 347
33 649
33 290
33 162
33 463
33 489
33 904
33 470
33 940
33 354
33 636
34 901
34 349
34 179
34 366
34 442
34 400
34 148
34 277
34 406
34 549
34 828
34 943
35 913
35 155
35 189
35 567
35 391
35 740
35 333
35 35
35 676
35 314
35 605
35 287
35 789
35 574
35 559
35 179
35 856
35 322
35 416
35 91
35 226
36 479
36 989
36 674
36 151
36 304
36 68
36 403
36 738
36 657
36 207
36 258
36 550
36 690
36 73
36 121
36 969
36 280
36 573
36 235
37 898
37 653
37 263
37 285
37 87
37 431
37 736
37 928
37 432
37 182
37 637
37 382
37 391
37 820
37 218
37 540
37 406
37 587
38 291
38 677
38 251
38 589
38 986
38 777
38 61
38 407
38 634
38 924
38 522
38 285
38 950
38 618
38 191
38 327
38 591
38 770
38 365
38 772
38 485
39 263
39 130
39 305
39 39
39 97
39 382
39 622
39 574
39 77
39 166
39 492
39 570
39 301
39 321
39 669
39 618
39 46
39 565
39 196
39 279
39 686
39 602
39 550
39 347
39 359
39 152
39 530
39 404
39 995
39 807
40 898
40 877
40 472
40 647
40 548
40 486
40 890
40 765
40 633
40 583
40 69
40 467
40 483
40 889
40 48
40 554
40 342
40 940
40 87
40 126
41 671
41 484
41 788
41 74
41 551
41 578
41 133
41 96
41 632
41 562
41 480
41 975
41 91
41 958
41 64
41 888
42 846
42 332
42 221
42 623
42 964
42 896
42 799
42 438
42 364
42 172
42 133
42 303
43 567
43 184
43 61
43 202
43 557
43 600
43 528
43 792
43 802
43 570
43 134
43 394
43 951
43 476
43 443
43 375
43 716
43 377
43 825
43 112
43 800
43 387
43 206
43 772
43 836
43 325
44 980
44 249
44 567
44 367
44 897
44 107
44 406
44 148
44 549
44 92
44 66
44 456
44 346
44 859
44 178
44 404
44 326
44 238
44 469
44 205
44 999
44 695
44 970
44 435
44 473
45 432
45 550
45 742
45 647
45 548
45 834
45 281
45 56
45 903
45 325
45 381
45 893
46 927
46 517
46 155
46 907
46 758
46 510
46 52
46 700
46 856
46 474
46 889
46 153
46 770
46 969
46 871
46 419
46 287
47 395
47 743
47 415
47 164
47 293
47 730
47 377
47 319
47 406
47 297
47 841
48 482
48 432
48 291
48 671
48 293
48 739
48 610
48 302
48 585
48 638
48 824
48 376
48 561
48 597
48 558
48 315
48 729
48 461
48 431
48 106
48 189
48 673
48 118
48 109
48 982
48 512
48 368
48 94
48 696
48 520
48 925
48 722
48 802
48 301
49 650
49 667
49 416
49 913
49 373
49 502
49 181
49 81
49 477
49 240
49 339
50 732
50 304
50 327
50 700
50 264
50 781
50 810
50 672
50 415
50 436
50 241
50 219
50 987
50 126
50 169
50 131
50 711
50 295
50 567
50 645
50 322
50 272
50 747
50 368
50 943
50 807
51 95
51 948
51 285
51 676
51 131
51 659
51 658
51 497
51 751
51 840
51 849
51 976
51 171
51 368
51 310
51 322
51 452
51 358
51 498
51 410
51 115
51 516
51 549
51 551
51 320
51 896
52 267
52 296
52 332
52 617
52 215
52 997
52 154
52 936
52 528
52 149
52 802
52 967
52 98
52 764
52 823
53 776
53 938
53 401
53 650
53 339
53 796
53 609
53 319
53 459
53 648
53 955
53 931
53 460
54 520
54 377
54 853
54 502
54 342
54 277
54 815
54 525
54 828
54 368
54 958
54 677
54 407
54 936
54 832
54 779
54 695
54 896
54 822
54 874
55 938
55 382
55 647
55 609
55 698
55 810
55 914
55 733
55 467
55 347
55 522
56 998
56 846
56 220
56 563
56 84
56 769
56 825
56 231
56 355
56 729
56 133
56 704
56 470
56 661
56 314
56 625
56 626
56 107
56 197
56 104
56 764
56 942
56 970
56 873
56 261
56 977
56 138
56 833
56 459
56 279
56 859
56 991
56 608
57 430
57 480
57 690
57 496
57 616
57 379
57 905
57 911
57 185
57 190
57 518
57 719
57 402
57 977
57 907
57 947
57 444
57 442
57 166
57 352
57 368
57 708
57 980
57 300
57 650
57 324
57 902
57 645
57 412
57 522
57 469
58 313
58 520
58 221
58 322
58 385
58 801
58 422
58 571
58 985
58 217
58 623
58 908
58 91
59 512
59 878
59 819
59 489
59 153
59 315
59 416
59 695
59 772
59 787
59 282
59 633
59 82
59 688
59 326
59 90
59 89
59 566
59 968
59 328
59 673
59 974
59 113
59 389
59 958
59 861
59 95
59 710
59 440
59 732
59 346
59 804
59 491
59 443
59 826
59 540
59 932
59 455
59 593
59 372
59 631
59 280
59 522
59 805
59 708
60 512
60 933
60 954
60 195
60 705
60 713
60 899
60 179
60 833
60 121
60 401
60 724
60 801
60 679
60 815
60 340
60 425
60 360
60 680
61 432
61 932
61 145
61 904
61 887
61 981
61 200
61 842
61 147
61 61
61 877
61 507
61 847
61 79
61 362
61 327
61 830
61 187
61 326
61 369
61 590
61 821
61 323
61 198
61 879
61 962
61 958
61 131
61 883
61 561
61 491
61 519
61 352
61 890
62 314
62 777
62 677
62 172
62 206
62 220
62 451
62 762
62 736
62 332
62 812
62 960
62 582
62 180
62 945
62 664
62 551
62 699
62 202
62 541
62 865
62 935
62 169
62 104
62 934
62 480
62 489
62 885
62 268
62 357
62 107
62 793
63 632
63 904
63 230
63 199
63 368
63 461
63 987
63 722
63 730
63 801
63 132
63 656
63 937
63 551
63 817
63 890
64 421
64 650
64 568
64 492
64 941
64 431
64 380
64 643
64 793
64 994
64 389
64 759
64 707
64 692
64 317
64 921
64 87
64 767
64 64
64 953
64 947
64 516
64 853
64 942
64 901
64 990
64 266
64 822
64 342
64 670
64 325
64 882
64 532
64 187
64 69
64 557
64 475
65 779
65 394
65 897
65 899
65 410
65 667
65 416
65 929
65 714
65 385
65 912
65 777
65 772
65 644
65 598
66 172
66 463
66 349
66 391
66 785
66 913
66 429
66 559
66 228
66 286
66 831
66 803
66 542
66 106
66 322
66 561
66 469
66 806
67 263
67 691
67 829
67 202
67 367
67 401
67 149
67 637
67 722
67 993
67 580
67 107
68 267
68 944
68 691
68 278
68 156
68 421
68 350
68 360
68 69
68 489
68 885
68 221
68 975
69 156
69 777
69 601
69 959
69 624
69 162
69 295
69 69
69 885
69 543
69 681
69 677
69 578
69 856
69 302
69 197
69 464
69 756
69 999
69 472
69 920
69 970
69 86
69 93
69 179
69 480
69 734
69 442
69 895
69 783
69 695
70 933
70 73
70 954
70 393
70 548
70 638
70 289
70 389
70 320
70 642
70 367
70 122
70 514
70 334
70 566
71 286
71 602
71 429
71 908
71 710
71 806
71 551
71 425
71 665
71 533
71 590
71 995
71 283
72 118
72 819
72 989
72 536
72 733
72 703
72 158
72 308
72 747
72 235
72 240
72 303
72 654
72 720
72 729
72 545
72 360
72 275
73 754
73 674
73 711
73 550
73 891
73 195
73 857
73 346
73 563
73 617
73 329
73 569
73 901
73 553
73 676
73 304
73 496
73 492
73 725
73 221
73 248
73 768
73 952
73 156
73 855
73 615
73 675
73 263
73 848
73 93
73 937
73 147
73 502
73 717
73 249
73 121
73 849
73 896
73 596
74 689
74 508
74 871
74 266
74 756
74 180
74 99
74 668
74 515
74 643
74 849
74 620
74 538
74 615
74 126
74 185
75 182
75 111
75 785
75 559
75 786
75 202
75 910
75 401
75 164
75 175
75 730
75 993
75 224
75 359
75 985
75 504
75 134
76 539
76 279
76 693
76 628
76 986
76 919
76 984
76 773
76 169
76 528
76 678
76 859
76 144
76 161
77 409
77 686
77 313
77 720
77 305
77 888
77 727
77 912
77 824
77 747
77 953
77 846
77 637
77 734
77 478
77 299
77 427
77 192
77 614
77 575
77 822
78 263
78 700
78 293
78 561
78 612
78 324
78 463
78 710
78 616
78 615
78 633
79 777
79 913
79 155
79 338
79 903
79 792
79 321
79 970
80 124
80 388
80 856
80 221
80 734
80 935
80 696
80 322
80 841
80 502
80 510
80 652
80 895
80 477
80 908
80 412
81 410
81 416
81 929
81 982
81 808
81 655
81 969
81 81
81 892
81 114
81 760
81 477
81 624
81 718
81 280
81 540
81 877
81 213
81 906
81 964
81 172
81 780
81 903
81 92
81 371
81 241
81 860
82 776
82 489
82 927
82 965
82 469
82 648
82 702
82 712
82 334
82 185
83 421
83 716
83 275
83 725
83 739
83 102
83 766
83 892
83 956
83 655
83 537
83 386
83 631
83 719
83 708
83 382
83 457
83 412
83 582
83 883
83 110
83 383
83 491
83 501
83 985
83 940
84 95
84 619
84 774
84 901
84 676
84 550
84 188
84 327
84 848
84 284
84 632
84 349
84 617
84 561
84 400
85 794
85 166
85 443
85 846
85 677
85 567
85 120
85 734
85 658
85 385
85 995
86 411
86 927
86 774
86 676
86 346
86 690
86 733
86 980
86 302
86 783
86 644
86 537
86 709
86 103
86 754
86 617
86 816
86 322
86 758
86 456
86 102
86 181
86 620
86 970
86 813
86 975
86 190
86 974
87 263
87 470
87 650
87 858
87 289
87 886
87 837
87 787
87 933
87 735
87 107
87 719
87 999
87 168
87 541
87 136
87 243
87 893
88 313
88 635
88 650
88 416
88 929
88 724
88 403
88 839
88 682
88 253
88 510
88 502
88 730
88 452
88 251
88 657
88 145
88 442
88 406
88 364
88 605
88 548
88 501
88 814
88 871
88 964
89 515
89 409
89 901
89 857
89 943
89 246
89 553
90 775
90 401
90 809
90 666
90 471
90 927
90 547
90 138
91 854
91 806
91 551
91 701
91 193
91 363
91 425
91 928
91 630
91 878
91 962
91 97
91 155
91 141
91 896
91 640
91 827
91 990
92 632
92 228
92 690
92 992
92 175
92 466
92 406
92 695
92 964
92 369
92 243
92 779
92 504
92 838
92 706
93 230
93 932
93 299
93 593
93 519
93 900
93 445
93 940
93 245
94 228
94 313
94 923
94 548
94 121
94 788
94 849
94 216
94 614
94 787
95 512
95 527
95 794
95 267
95 715
95 95
95 421
95 744
95 934
95 532
95 372
95 136
95 269
95 288
95 803
95 430
95 228
95 915
95 395
95 347
95 918
95 195
95 197
95 162
95 255
95 839
95 835
95 339
95 796
95 264
95 484
95 343
95 750
95 572
95 718
95 253
95 904
95 124
95 938
95 479
95 541
95 846
95 438
95 624
95 553
95 350
95 825
95 215
95 695
95 108
96 602
96 391
96 779
96 275
96 913
96 700
96 458
96 856
96 672
96 810
96 215
96 660
96 143
97 285
97 166
97 437
97 602
97 403
97 757
97 770
97 489
97 170
97 202
97 173
97 562
97 722
97 579
97 807
97 688
98 738
98 406
98 404
98 940
98 970
98 919
98 556
98 540
98 345
98 755
98 204
98 147
98 870
98 516
98 747
98 931
98 991
99 632
99 463
99 845
99 400
99 967
99 368
99 222
99 990
99 888
99 587
99 185
99 108
99 361
99 608
99 219
99 292
99 148
99 404
99 374
99 192
99 189
99 260
99 254
99 987
99 940
99 858
99 662
99 615
100 653
100 285
100 789
100 970
100 307
100 236
100 538
100 718
100 644
100 848
100 828
100 572
100 100
100 476
100 661
100 290
100 764
100 894
100 857
100 948
100 973
100 600
100 531
100 837
100 485
101 441
101 733
101 671
101 548
101 889
101 731
101 930
101 896
101 316
101 350
101 293
101 858
101 864
101 434
101 549
101 963
102 356
102 690
102 223
102 910
102 730
102 134
102 848
102 652
102 144
102 796
102 321
102 787
102 793
103 165
103 261
103 520
103 750
103 968
103 192
103 905
103 956
103 167
103 989
103 366
103 904
103 202
103 470
103 734
103 650
103 664
103 695
103 646
103 680
104 496
104 567
104 742
104 401
104 153
104 456
104 722
104 730
104 993
104 983
104 535
104 416
104 846
104 981
104 596
104 541
104 982
104 778
104 924
104 466
104 985
104 529
104 307
104 572
104 473
104 614
104 579
105 934
105 366
105 910
105 164
105 722
105 993
105 859
105 586
106 988
106 520
106 842
106 248
106 261
106 726
106 980
106 619
106 971
106 634
106 394
106 145
106 146
106 202
106 734
106 704
106 741
106 231
106 745
106 592
106 453
106 123
107 263
107 437
107 553
107 327
107 850
107 623
107 386
107 516
107 908
107 534
107 849
107 612
107 143
107 639
107 909
107 131
107 135
107 402
107 617
107 591
107 643
107 167
107 691
107 666
107 901
107 852
108 952
108 597
108 991
108 510
108 692
109 533
109 709
109 929
109 801
109 693
109 571
109 908
109 463
109 764
110 645
110 180
110 407
110 958
110 209
110 924
110 190
110 424
110 696
110 893
110 123
111 441
111 720
111 862
111 922
111 927
111 690
111 248
111 954
111 554
112 409
112 589
112 429
112 470
112 984
112 956
112 160
112 623
112 759
112 673
112 566
112 974
112 264
112 797
112 760
112 810
112 718
112 764
112 235
112 219
112 134
113 411
113 613
113 438
113 676
113 550
113 562
113 268
113 608
113 566
113 708
114 726
114 153
114 274
114 410
114 181
114 491
114 892
114 770
114 114
114 720
114 530
114 201
114 564
114 286
114 669
114 187
114 479
114 509
114 310
114 805
114 466
114 148
114 747
114 680
115 441
115 470
115 259
115 809
115 979
115 853
115 218
115 581
115 862
115 804
115 607
115 791
115 998
115 571
115 940
115 583
115 402
115 706
116 819
116 291
116 206
116 774
116 467
116 121
116 505
116 483
116 635
116 729
116 854
116 763
116 869
116 309
116 614
116 919
116 925
116 669
116 286
116 758
116 376
116 785
116 293
116 953
116 722
116 557
116 888
116 673
117 677
117 275
117 155
117 769
117 393
117 671
117 562
117 697
117 467
117 215
117 481
117 853
117 977
118 127
118 421
118 794
118 230
118 294
118 482
118 479
118 754
118 527
118 532
118 575
118 249
118 908
118 279
118 962
118 789
118 989
118 328
118 459
118 360
118 228
118 736
118 191
118 202
118 358
118 121
118 554
118 487
118 466
118 152
118 312
118 792
118 865
119 249
119 758
119 647
119 728
119 929
119 473
119 368
119 852
119 291
119 462
119 583
119 563
119 894
119 871
119 146
119 823
120 624
120 260
120 155
120 219
120 384
120 617
120 897
120 667
120 969
120 660
120 695
120 186
120 168
121 897
121 671
121 548
121 562
121 467
121 647
121 355
121 481
121 187
121 238
121 704
121 889
121 214
121 393
121 818
121 729
121 523
121 524
121 567
121 145
121 921
121 835
121 489
121 292
121 233
121 961
121 400
121 469
121 377
121 518
121 220
121 401
121 597
121 766
121 600
121 222
122 715
122 885
122 452
122 277
122 307
122 282
122 303
122 911
122 785
122 733
122 865
122 376
122 976
122 219
122 456
123 249
123 537
123 947
123 837
123 995
123 746
123 991
123 595
124 776
124 794
124 265
124 545
124 944
124 128
124 878
124 739
124 713
124 974
124 756
124 804
124 248
124 845
124 942
124 285
124 602
124 332
124 820
124 298
124 615
124 860
125 632
125 898
125 338
125 964
125 865
125 506
125 565
125 874
125 365
125 272
125 198
125 566
126 794
126 409
126 137
126 483
126 274
126 764
126 930
126 538
126 598
126 793
126 958
126 949
126 994
126 616
126 340
126 749
126 644
126 487
126 934
126 750
126 216
126 845
126 518
126 668
126 496
126 767
126 896
127 512
127 257
127 776
127 267
127 625
127 409
127 378
127 176
127 638
127 466
127 863
127 805
127 938
127 829
127 906
127 486
127 573
127 368
127 793
127 464
128 512
128 267
128 286
128 794
128 715
128 532
128 421
128 430
128 257
128 752
128 592
128 964
128 196
128 514
128 304
128 180
128 303
128 151
128 524
128 452
128 207
128 754
128 711
128 629
128 985
128 516
128 695
128 930
129 372
129 166
129 337
129 299
129 208
129 427
129 436
129 710
129 290
129 335
129 516
129 908
129 727
129 813
129 444
129 185
130 286
130 898
130 437
130 622
130 614
130 740
130 790
130 619
130 611
130 411
130 285
130 420
130 432
130 314
130 443
130 594
130 215
130 942
130 767
131 778
131 653
131 349
131 645
131 137
131 366
131 131
131 470
131 909
131 415
131 254
131 298
131 218
131 136
131 907
131 419
131 357
131 954
131 734
131 187
131 504
131 784
131 657
131 828
131 598
131 931
132 202
132 993
132 739
132 270
132 502
132 849
132 447
132 363
132 887
132 293
132 509
132 152
132 620
132 880
132 226
133 645
133 833
133 763
133 931
133 661
133 985
133 518
133 548
133 481
133 149
133 663
134 938
134 432
134 690
134 179
134 925
134 215
134 217
134 352
134 358
134 157
134 511
134 316
134 902
134 772
134 970
134 538
134 865
134 684
134 183
134 210
135 922
135 351
135 366
135 825
135 873
135 868
135 872
135 359
135 675
135 577
135 454
135 864
135 314
135 517
135 934
135 391
135 573
135 447
135 272
135 262
135 804
135 680
135 699
135 291
135 268
135 424
135 809
135 224
135 616
136 512
136 776
136 265
136 934
136 479
136 639
136 846
136 994
136 800
136 968
136 225
136 750
136 696
136 731
136 739
136 325
136 226
136 402
137 885
137 639
137 676
137 520
137 904
137 726
137 145
137 750
137 137
137 887
137 248
137 978
137 877
137 142
137 727
137 572
137 216
137 683
137 751
137 288
137 983
137 235
137 346
137 749
137 314
137 199
137 538
137 821
137 669
137 954
137 965
137 470
137 734
137 647
137 667
137 693
137 620
137 888
138 700
138 768
138 713
138 908
138 896
138 157
138 827
138 888
138 708
139 794
139 286
139 520
139 999
139 760
139 401
139 218
139 152
139 942
139 570
139 911
139 955
139 235
139 368
140 532
140 898
140 751
140 166
140 285
140 788
140 469
140 404
140 276
140 760
140 520
140 411
140 541
140 291
140 951
140 406
141 230
141 653
141 166
141 526
141 584
141 277
141 272
141 894
141 299
141 683
141 602
141 947
141 332
141 283
141 333
141 780
141 148
141 695
141 964
141 178
142 515
142 480
142 617
142 261
142 775
142 172
142 144
142 988
142 323
142 212
142 965
142 200
142 202
142 552
142 562
142 626
142 379
142 745
143 567
143 972
143 954
143 256
143 516
143 660
143 788
143 796
143 948
143 697
143 203
143 274
143 664
143 955
143 407
143 620
143 194
143 990
144 774
144 510
144 837
144 836
144 876
144 368
144 965
144 571
144 428
144 714
144 708
145 332
145 599
145 775
145 786
145 978
145 146
145 992
145 704
145 326
145 652
145 711
145 201
145 197
145 340
145 701
145 728
145 413
145 235
145 147
145 954
145 204
145 470
145 734
145 153
145 797
145 528
146 515
146 261
146 366
146 887
146 992
146 734
146 972
146 951
146 242
146 570
146 320
146 379
146 442
146 202
146 204
146 742
146 760
146 650
146 377
146 947
146 217
146 203
146 865
146 207
147 451
147 261
147 775
147 520
147 383
147 992
147 726
147 645
147 786
147 954
147 887
147 397
147 781
147 714
147 573
147 169
147 941
147 593
147 597
147 572
147 175
147 643
147 613
147 521
147 646
147 500
147 860
147 586
147 204
147 470
147 742
147 961
147 783
147 727
148 548
148 903
148 648
148 727
148 557
148 687
148 429
148 517
148 472
148 183
148 585
148 726
148 764
148 367
148 942
148 695
148 964
148 555
149 291
149 856
149 215
149 218
149 406
149 404
149 178
149 670
149 798
149 219
149 473
149 874
149 300
149 517
149 565
149 781
149 200
149 844
149 346
149 229
149 930
149 267
149 226
149 828
149 865
150 700
150 455
150 741
150 597
150 903
150 277
150 716
150 927
150 163
150 359
150 851
150 890
151 922
151 349
151 755
151 595
151 437
151 645
151 647
151 342
151 357
151 287
151 643
151 896
151 708
152 267
152 948
152 589
152 658
152 500
152 401
152 386
152 796
152 756
152 886
152 562
152 600
152 485
152 740
152 440
152 981
152 920
152 227
152 788
152 648
152 592
153 285
153 382
153 777
153 489
153 774
153 391
153 953
153 456
153 175
153 345
153 293
153 626
153 401
153 427
153 627
153 725
153 585
153 850
153 634
153 800
153 488
153 831
153 239
153 660
153 765
153 292
153 868
153 671
153 937
153 517
153 770
153 359
153 690
153 783
153 880
153 238
153 993
153 566
154 744
154 437
154 649
154 611
154 369
154 335
154 826
154 217
154 279
154 920
154 907
154 450
154 992
154 846
154 806
154 489
154 571
154 466
154 985
154 837
154 360
154 615
154 235
154 917
154 320
154 207
155 677
155 275
155 567
155 189
155 559
155 972
155 867
155 737
155 661
155 694
155 316
155 165
155 785
155 333
155 745
155 790
155 353
155 895
155 510
155 287
155 891
155 752
155 996
155 349
155 451
155 741
155 195
155 432
155 543
155 429
155 179
155 184
155 383
155 204
155 760
155 770
156 480
156 426
156 601
156 885
156 162
156 591
156 578
156 696
156 825
156 395
156 313
156 589
156 463
156 672
156 766
156 713
156 524
156 879
156 680
157 618
157 315
157 181
157 620
157 648
157 445
157 583
157 673
157 680
157 708
158 734
158 952
158 531
158 194
158 500
158 812
158 322
158 988
158 995
158 888
159 344
159 220
159 617
159 474
159 562
159 908
159 307
159 596
159 437
159 794
159 894
159 426
159 928
159 404
159 325
159 949
159 708
160 278
160 543
160 213
160 936
160 725
160 518
160 680
160 801
160 538
160 707
161 736
161 188
161 597
161 620
161 446
161 870
161 642
161 463
161 773
161 601
161 639
161 276
161 634
161 275
161 566
162 948
162 166
162 463
162 665
162 344
162 543
162 986
162 600
162 356
162 993
162 228
162 270
162 642
162 961
162 375
162 526
162 677
162 295
162 589
162 762
162 856
162 723
162 746
162 827
162 990
163 479
163 681
163 829
163 415
163 393
163 401
163 766
163 169
163 695
163 911
163 657
164 897
164 456
164 315
164 971
164 953
164 174
164 654
164 211
164 927
164 502
164 371
164 449
164 895
164 392
164 824
164 722
164 730
164 386
164 542
164 678
164 308
164 444
165 387
165 517
165 932
165 275
165 933
165 865
165 313
165 539
165 700
165 465
165 856
165 833
165 481
165 616
165 811
165 298
165 354
166 898
166 296
166 305
166 709
166 933
166 541
166 653
166 336
166 751
166 275
166 679
166 557
166 208
166 428
166 802
166 820
166 943
166 509
166 272
166 480
166 432
166 819
166 437
166 313
166 846
166 862
166 722
166 510
166 964
166 608
167 382
167 770
167 416
167 329
167 272
167 776
167 437
167 817
167 460
168 619
168 314
168 594
168 358
168 952
168 268
168 616
168 930
168 806
168 683
168 977
168 949
168 236
168 858
168 600
168 924
168 474
168 620
168 251
168 995
168 317
169 713
169 788
169 399
169 516
169 886
169 353
169 863
169 214
169 511
169 819
169 517
169 501
169 644
169 692
169 460
170 674
170 617
170 829
170 496
170 171
170 939
170 374
170 690
170 711
170 391
170 385
171 998
171 507
171 173
171 224
171 964
171 530
171 381
171 371
171 977
172 900
172 677
172 536
172 601
172 995
172 755
172 429
172 463
172 567
172 964
173 659
173 669
173 452
173 945
173 533
173 436
173 760
173 801
173 516
173 234
173 419
173 977
173 446
173 210
174 885
174 674
174 671
174 609
174 505
174 635
174 208
174 480
174 260
174 223
174 318
174 830
174 200
174 458
174 854
174 181
174 649
174 905
174 840
174 245
175 602
175 961
175 558
175 646
175 973
175 628
175 400
175 561
175 824
175 456
175 993
175 433
175 271
175 684
175 566
176 535
176 674
176 737
176 202
176 760
176 897
176 769
176 647
176 215
176 481
176 899
176 685
176 936
176 995
176 636
176 402
177 751
177 232
177 204
177 658
177 724
177 796
177 357
177 428
177 893
177 990
178 285
178 432
178 725
178 664
178 528
178 457
178 531
178 221
178 495
178 954
178 978
178 236
178 958
179 517
179 391
179 913
179 429
179 694
179 816
179 932
179 275
179 184
179 559
179 867
179 255
179 988
179 567
179 972
179 179
179 232
179 333
179 976
179 189
179 649
179 578
179 813
179 194
179 254
179 534
179 204
179 922
179 790
179 352
179 907
179 221
179 843
179 529
179 448
179 620
179 606
179 725
179 319
179 547
179 625
179 470
179 415
179 699
179 929
179 580
179 646
179 838
179 958
180 269
180 619
180 589
180 605
180 268
180 809
180 226
180 615
180 244
180 817
180 543
180 853
180 477
180 258
180 787
180 799
181 506
181 221
181 783
181 403
181 808
181 398
181 501
181 546
181 821
181 542
181 321
181 374
181 891
181 759
181 757
181 656
181 711
181 969
181 997
181 806
182 915
182 263
182 409
182 285
182 432
182 242
182 574
182 541
182 622
182 313
182 602
182 686
182 896
182 584
182 346
182 707
182 871
182 757
182 625
182 790
182 627
182 475
182 640
182 577
182 382
182 220
182 391
182 507
182 993
182 770
182 783
182 414
182 368
182 453
182 759
183 700
183 465
183 200
183 367
183 833
183 584
183 528
183 614
183 511
183 913
183 375
183 967
183 745
183 932
184 617
184 260
184 913
184 275
184 329
184 730
184 243
184 280
184 938
184 856
184 988
184 935
184 575
185 913
185 548
185 385
185 896
185 990
185 587
185 461
185 343
185 485
185 668
185 977
185 869
185 827
185 973
185 920
185 608
185 931
185 197
185 222
185 860
185 495
185 387
185 363
185 928
185 872
185 999
185 825
185 379
185 407
185 700
185 221
185 822
185 604
185 195
185 672
185 842
185 508
185 809
185 209
185 615
185 968
185 974
186 873
186 277
186 772
186 495
186 652
186 925
186 684
186 325
187 512
187 933
187 786
187 393
187 671
187 478
187 730
187 404
187 791
187 678
187 958
187 991
188 774
188 733
188 569
188 239
188 651
188 556
188 635
188 359
188 352
188 903
188 406
188 911
189 285
189 674
189 550
189 913
189 567
189 370
189 918
189 632
189 698
189 738
189 406
189 813
189 588
190 803
190 904
190 620
190 400
190 277
190 504
190 684
190 583
190 896
190 314
190 396
190 408
190 714
191 625
191 690
191 249
191 535
191 829
191 927
191 563
191 711
191 346
191 944
191 872
191 444
191 668
191 303
191 921
191 967
191 337
191 349
191 525
191 809
191 466
191 930
191 575
192 992
192 742
192 699
192 629
192 962
192 352
192 521
192 964
192 837
192 528
192 848
192 407
192 697
192 370
192 251
192 839
192 775
192 783
192 511
192 988
192 272
192 865
193 482
193 602
193 451
193 550
193 617
193 523
193 319
193 853
193 450
193 193
193 194
193 939
193 340
193 218
193 242
193 496
193 365
193 777
193 684
193 295
193 855
193 660
193 781
193 307
193 958
193 245
194 288
194 470
194 452
194 941
194 855
194 846
194 911
194 905
195 732
195 686
195 900
195 901
195 927
195 690
195 350
195 349
195 580
195 896
195 640
195 222
196 550
196 733
196 836
196 510
196 944
196 593
196 630
196 673
197 206
197 759
197 648
197 608
198 720
198 463
198 641
198 648
198 400
198 406
198 356
198 837
198 896
198 714
199 411
199 441
199 709
199 426
199 544
199 391
199 913
199 429
199 652
199 793
199 866
199 245
199 386
199 292
199 353
199 898
199 553
199 590
199 465
199 770
199 835
199 522
199 802
199 893
200 506
200 819
200 290
200 877
200 842
200 999
200 737
200 890
200 577
200 789
200 988
200 949
200 622
200 470
200 992
200 672
200 224
200 791
200 746
200 714
200 412
200 974
201 411
201 332
201 415
201 396
201 836
201 485
201 801
202 512
202 285
202 313
202 694
202 965
202 366
202 992
202 768
202 726
202 204
202 775
202 954
202 507
202 470
202 221
202 999
202 765
202 913
202 280
202 831
202 581
202 880
202 299
202 445
202 628
202 426
202 367
202 716
202 847
202 527
202 788
202 577
202 935
202 969
202 491
203 954
203 577
203 406
203 663
203 599
203 550
203 772
203 828
204 366
204 954
204 507
204 877
204 965
204 204
204 742
204 786
204 383
204 887
204 520
204 514
204 750
204 992
204 419
204 699
204 437
204 205
204 535
204 986
204 593
204 450
204 506
204 524
204 882
204 235
204 563
204 991
204 905
204 263
204 797
204 790
204 410
204 586
204 334
204 708
205 479
205 296
205 305
205 489
205 762
205 711
205 853
205 679
205 404
205 896
205 977
205 991
206 409
206 536
206 795
206 291
206 332
206 477
206 553
206 480
206 624
206 358
206 379
206 579
207 291
207 935
207 322
207 534
207 962
207 950
207 566
207 974
207 283
207 494
207 499
207 904
207 646
207 605
207 625
207 367
207 355
207 455
207 667
207 634
207 597
207 210
208 619
208 897
208 647
208 671
208 548
208 964
208 588
208 745
208 944
208 251
208 442
208 722
208 571
208 784
208 917
209 944
209 420
209 988
209 742
209 671
209 403
209 908
209 788
209 612
209 620
209 311
209 271
209 757
209 368
210 812
210 315
210 950
210 807
210 446
210 633
210 673
210 310
210 971
210 908
210 637
210 254
210 409
210 719
210 886
211 388
211 933
211 437
211 242
211 574
211 602
211 932
211 786
211 460
211 435
211 773
211 601
211 275
212 674
212 696
212 377
212 406
212 549
212 695
212 403
212 518
212 460
212 972
212 981
212 600
212 684
212 822
213 430
213 432
213 602
213 976
213 520
213 501
213 353
213 381
213 461
214 288
214 304
214 926
214 742
214 699
214 897
214 548
214 818
214 825
214 957
214 326
214 481
214 956
214 422
214 838
215 697
215 952
215 562
215 393
215 704
215 467
215 731
215 854
215 769
215 215
215 231
215 505
215 780
215 486
215 892
215 278
215 791
215 547
215 305
215 797
215 515
215 563
215 406
215 590
215 642
215 483
215 347
215 745
215 970
215 896
216 512
216 609
216 884
216 477
216 379
216 516
216 534
216 386
216 381
216 614
216 667
216 427
216 876
216 870
216 618
216 418
216 537
216 612
216 620
216 841
216 281
216 874
217 517
217 384
217 801
217 571
217 540
217 623
217 634
217 573
217 903
217 954
217 669
217 709
217 706
217 264
217 867
217 792
217 381
217 236
217 485
217 807
218 470
218 442
218 638
218 268
218 809
218 577
218 299
218 403
218 990
218 747
218 381
218 663
219 599
219 591
219 910
219 501
219 660
219 453
219 594
219 755
219 307
219 963
220 915
220 437
220 677
220 812
220 332
220 589
220 463
220 427
220 253
220 658
220 366
220 742
220 810
220 558
220 837
221 372
221 479
221 447
221 520
221 877
221 366
221 954
221 470
221 383
221 690
221 894
221 274
221 669
221 591
221 833
221 742
221 481
221 293
221 809
221 279
221 311
221 714
222 437
222 883
222 606
222 714
222 890
222 931
222 549
222 924
222 557
222 337
222 374
223 512
223 618
223 465
223 452
223 338
223 790
223 849
223 846
223 630
223 287
223 475
223 714
224 602
224 912
224 895
224 809
224 319
224 577
224 459
224 413
224 224
224 233
224 373
224 580
224 946
224 675
224 951
224 259
224 359
224 502
224 448
224 414
224 738
224 862
224 236
224 299
224 948
224 596
224 671
224 510
224 691
224 779
224 624
224 227
224 833
224 581
224 276
224 231
224 522
224 758
224 759
224 311
224 508
224 503
224 379
224 529
225 686
225 768
225 366
225 954
225 304
225 924
225 651
225 482
225 864
225 742
225 792
225 888
226 948
226 574
226 618
226 284
226 620
226 551
226 950
226 588
226 813
226 757
226 423
226 683
226 576
226 679
226 546
226 979
226 275
226 472
226 741
226 776
226 810
226 996
226 608
227 541
227 391
227 816
227 612
227 964
227 848
227 428
227 595
228 515
228 267
228 632
228 997
228 922
228 989
228 451
228 255
228 366
228 481
228 427
228 540
228 516
228 435
229 617
229 801
229 970
229 702
229 943
229 990
229 673
229 807
229 882
229 520
230 257
230 267
230 532
230 794
230 527
230 483
230 440
230 690
230 883
230 563
230 734
230 699
230 638
230 557
230 283
231 762
231 562
231 231
231 524
231 293
231 341
231 889
231 871
231 648
231 930
231 621
232 898
232 733
232 913
232 856
232 855
232 514
232 492
232 742
232 481
232 433
232 612
232 836
232 991
233 382
233 295
233 954
233 470
233 667
233 259
233 414
233 809
233 853
233 551
233 767
234 557
234 404
234 325
234 614
234 630
234 963
235 432
235 552
235 322
235 523
235 481
235 993
235 911
235 241
235 564
235 852
235 614
235 654
235 473
235 747
235 235
235 362
235 865
235 920
235 811
235 286
235 835
235 304
235 787
235 553
235 603
235 873
235 622
235 929
235 391
235 967
235 921
235 619
235 360
236 846
236 559
236 347
236 657
236 405
236 307
236 718
236 865
236 598
236 562
236 469
236 603
236 940
236 406
236 269
236 554
236 856
236 635
236 716
236 767
237 690
237 716
237 366
237 470
237 810
237 537
237 400
237 942
237 657
237 538
237 579
237 893
237 714
238 506
238 780
238 825
238 377
238 288
238 981
238 717
238 255
238 508
238 811
238 888
239 778
239 775
239 478
239 837
239 528
239 940
239 836
239 325
239 970
239 405
240 730
240 466
240 256
240 879
240 983
240 726
240 613
240 647
240 779
240 281
240 673
241 532
241 742
241 562
241 615
241 368
241 838
241 973
241 920
242 263
242 819
242 313
242 602
242 661
242 690
242 258
242 863
242 829
242 626
242 382
242 879
243 632
243 658
243 322
243 270
243 801
243 571
243 491
243 358
243 654
243 970
243 950
243 893
244 420
244 602
244 394
244 906
244 895
244 523
244 845
244 650
244 477
244 942
244 914
245 846
245 249
245 323
245 279
245 614
245 928
245 575
245 475
245 713
245 800
245 465
245 999
245 784
246 619
246 942
246 340
246 814
246 498
246 668
246 895
246 792
246 407
247 768
247 383
247 338
247 760
247 826
247 792
247 258
247 368
247 320
247 759
247 893
247 869
248 774
248 261
248 775
248 470
248 742
248 498
249 774
249 666
249 690
249 716
249 617
249 346
249 544
249 829
249 711
249 891
249 563
249 733
249 980
249 922
249 329
249 901
249 569
249 912
249 249
249 449
249 655
249 264
249 376
249 652
249 851
249 316
249 678
249 331
249 262
249 806
249 750
249 345
249 423
249 844
249 687
249 641
249 292
249 975
249 995
249 865
250 933
250 666
250 711
250 599
250 656
250 911
250 657
250 865
250 320
251 278
251 795
251 291
251 677
251 480
251 885
251 931
251 913
251 383
251 470
251 723
251 598
252 278
252 536
252 677
252 451
252 589
252 463
252 489
252 696
253 617
253 520
253 650
253 918
253 416
253 682
253 273
253 929
253 703
253 586
253 965
253 528
253 336
253 931
253 814
253 601
253 740
253 670
253 297
253 298
253 466
253 620
254 601
254 415
254 552
254 299
254 442
254 629
254 760
254 893
255 619
255 260
255 913
255 559
255 567
255 474
255 648
255 879
255 389
255 663
255 890
256 672
256 331
256 756
256 516
256 578
256 481
256 785
256 640
256 817
257 267
257 934
257 257
257 271
257 663
257 493
257 451
257 978
257 532
257 938
257 998
257 677
257 984
257 612
257 787
257 827
258 676
258 856
258 481
258 385
258 936
258 397
258 312
258 313
258 570
258 842
258 698
258 657
258 368
259 653
259 659
259 929
259 510
259 309
259 590
259 380
259 456
259 773
259 822
259 933
259 814
259 418
259 809
259 835
259 616
259 386
259 903
259 521
260 790
260 567
260 856
260 926
260 959
260 535
260 554
260 372
260 789
260 367
260 391
260 275
260 561
260 792
260 407
260 995
260 714
261 261
261 981
261 887
261 831
261 285
261 401
261 517
261 687
261 499
261 749
261 618
261 503
261 383
261 954
261 742
261 760
261 745
261 592
262 794
262 944
262 709
262 550
262 690
262 856
262 809
262 620
262 492
262 657
262 473
262 793
262 640
263 387
263 989
263 594
263 420
263 263
263 336
263 411
263 607
263 784
263 351
263 487
263 762
263 544
263 754
263 746
263 392
263 285
263 602
263 637
263 742
263 401
263 969
263 908
263 325
264 699
264 367
264 926
264 554
264 685
264 543
264 741
264 415
264 436
264 929
264 985
264 484
264 271
264 587
265 512
265 294
265 506
265 539
265 369
265 843
265 546
265 794
265 520
265 648
265 272
265 937
265 468
266 286
266 927
266 820
266 730
266 386
266 615
266 545
266 530
266 620
266 823
266 320
267 395
267 715
267 288
267 532
267 286
267 744
267 421
267 778
267 294
267 794
267 754
267 512
267 998
267 934
267 269
267 479
267 717
267 287
267 596
267 801
267 829
267 726
267 964
267 897
267 562
267 988
267 480
267 971
267 881
267 996
267 592
267 796
267 631
267 484
267 795
267 927
267 698
267 486
267 577
267 462
267 521
267 802
267 551
268 882
268 954
268 750
268 554
268 424
268 809
268 577
268 454
268 970
268 471
268 305
268 988
268 708
268 409
268 721
268 315
268 414
268 764
268 958
268 807
268 680
269 512
269 515
269 715
269 598
269 820
269 417
269 341
269 527
269 532
269 288
269 562
269 274
269 956
269 685
269 979
269 449
269 620
269 324
269 813
270 938
270 567
270 969
270 695
270 834
270 677
270 667
270 416
270 724
270 466
270 464
271 569
271 988
271 404
271 683
271 271
271 363
271 490
271 431
271 489
271 594
271 601
271 731
271 838
271 435
272 415
272 456
272 540
272 908
272 641
272 562
272 872
272 277
272 695
272 975
272 488
273 999
273 302
273 546
273 821
273 845
273 743
273 486
273 907
273 911
273 406
273 404
274 520
274 954
274 889
274 783
274 826
274 938
274 449
274 360
274 667
274 416
274 929
274 997
274 792
274 389
275 779
275 661
275 396
275 679
275 616
275 390
275 434
275 474
275 452
275 400
276 313
276 972
276 750
276 780
276 650
276 783
276 544
276 744
276 718
276 559
276 613
276 629
276 410
276 416
276 809
276 279
276 549
276 747
276 914
277 624
277 429
277 877
277 455
277 903
277 924
277 687
277 662
277 648
277 277
277 942
277 445
277 326
277 522
277 448
277 411
277 870
277 500
277 791
277 845
277 286
277 585
277 433
277 983
277 683
277 702
277 472
277 402
277 807
277 695
277 727
277 530
278 305
278 986
278 677
278 499
278 431
278 366
278 408
278 337
278 290
278 624
278 699
278 871
278 787
279 291
279 972
279 649
279 300
279 417
279 586
279 761
279 611
279 280
279 789
279 628
279 573
279 328
279 885
279 333
279 961
279 622
279 471
279 581
279 337
279 450
279 603
279 396
279 571
279 462
280 512
280 891
280 366
280 467
280 526
280 701
280 747
280 466
280 528
280 556
280 991
281 382
281 730
281 969
281 540
281 788
281 940
281 911
281 879
281 674
281 408
281 826
281 411
281 594
281 319
281 566
281 974
282 997
282 649
282 936
282 516
282 962
282 352
282 657
282 493
282 844
282 680
282 566
282 708
283 329
283 660
283 460
283 475
283 324
283 807
284 545
284 443
284 650
284 680
284 558
284 929
284 365
284 540
284 524
284 404
284 764
284 368
285 898
285 388
285 411
285 441
285 622
285 409
285 613
285 382
285 356
285 691
285 720
285 637
285 751
285 653
285 845
285 843
285 393
285 451
285 501
285 782
285 329
285 373
285 674
285 789
285 696
285 681
285 648
285 432
285 305
285 602
285 742
285 440
285 953
285 466
285 701
285 911
285 579
285 566
286 754
286 744
286 948
286 591
286 379
286 414
286 625
286 346
286 992
286 503
286 526
286 620
286 773
286 461
287 291
287 470
287 760
287 562
287 722
287 809
287 564
287 445
287 322
287 920
287 361
287 649
287 871
287 519
287 974
287 914
287 817
287 852
287 865
287 746
287 958
287 640
288 512
288 778
288 395
288 754
288 292
288 880
288 621
288 376
288 341
288 330
288 632
288 998
288 351
288 415
288 940
288 598
288 991
288 511
289 915
289 818
289 606
289 801
289 417
289 789
289 484
289 634
289 342
289 369
289 422
289 814
289 744
289 958
289 601
289 379
289 524
289 619
289 939
289 972
289 776
289 571
289 307
290 790
290 539
290 762
290 900
290 543
290 438
290 763
290 392
290 328
290 629
290 832
290 864
290 677
290 589
290 690
290 835
290 375
291 790
291 451
291 900
291 681
291 618
291 543
291 753
291 736
291 480
291 489
291 438
291 426
291 589
291 536
291 539
291 509
291 646
291 856
291 770
291 340
291 773
291 975
291 666
291 477
291 377
291 943
291 404
291 528
291 493
291 677
291 295
291 332
291 463
291 323
291 548
291 809
291 301
291 911
292 512
292 794
292 545
292 787
292 753
292 301
292 948
292 617
292 592
292 473
293 938
293 992
293 689
293 897
293 609
293 610
293 376
293 302
293 722
293 730
293 784
293 717
293 565
293 349
293 492
293 359
293 915
293 761
293 753
293 769
293 561
293 497
293 695
293 325
293 747
294 794
294 294
294 413
294 843
294 985
294 848
294 619
294 500
294 649
294 390
295 622
295 400
295 741
295 567
295 451
295 589
295 489
295 350
295 306
295 843
295 807
295 303
296 622
296 305
296 819
296 989
296 653
296 420
296 356
296 873
296 742
296 587
296 362
296 444
296 432
296 846
296 862
296 913
296 761
296 324
296 966
296 461
297 432
297 693
297 815
297 407
297 551
297 649
297 813
297 995
297 579
297 511
298 515
298 927
298 366
298 505
298 462
298 792
298 807
298 940
298 840
299 927
299 569
299 366
299 698
299 659
299 309
299 837
299 511
299 411
299 930
299 793
299 367
299 500
299 760
299 490
299 572
300 762
300 535
300 416
300 540
300 797
300 801
300 643
300 481
300 311
300 343
300 361
300 888
301 624
301 520
301 760
301 730
301 667
301 703
301 528
301 456
301 719
301 501
301 621
301 958
301 991
302 785
302 323
302 367
302 401
302 395
302 874
302 982
302 722
302 730
302 466
302 423
302 834
302 949
303 443
303 351
303 505
303 673
303 761
303 991
303 309
303 600
303 701
303 586
303 724
304 666
304 891
304 855
304 505
304 690
304 436
304 401
304 685
304 807
305 411
305 895
305 803
305 902
305 443
305 313
305 489
305 501
305 571
305 656
305 931
305 582
305 566
305 963
306 541
306 589
306 455
306 486
306 650
306 403
306 410
306 929
306 792
306 889
306 701
306 837
306 936
306 397
306 473
306 680
307 913
307 775
307 436
307 825
307 557
307 678
307 354
307 746
307 572
307 351
307 782
307 444
307 637
307 947
307 861
307 865
307 614
307 888
308 409
308 609
308 783
308 929
308 646
308 607
308 355
308 644
308 891
308 561
308 726
308 834
308 975
308 827
309 965
309 315
309 411
309 394
309 370
309 790
309 403
309 379
309 826
309 660
309 497
309 759
310 515
310 451
310 366
310 552
310 824
310 886
310 942
310 802
310 673
310 708
311 383
311 393
311 467
311 754
311 570
311 325
311 673
312 906
312 781
312 993
312 918
312 849
312 641
312 406
312 695
312 989
312 336
312 702
313 686
313 443
313 755
313 819
313 594
313 382
313 637
313 709
313 691
313 420
313 622
313 933
313 409
313 313
313 851
313 514
313 542
313 598
313 588
313 323
313 958
313 453
313 316
313 666
313 978
313 881
313 920
313 682
313 322
313 500
313 773
313 320
313 595
314 387
314 686
314 819
314 441
314 846
314 431
314 940
314 987
314 584
314 801
314 443
314 429
314 401
314 858
314 942
314 975
314 747
315 617
315 935
315 401
315 561
315 953
315 850
315 739
315 385
315 990
315 480
315 687
315 399
315 717
315 435
315 756
315 728
315 993
315 542
315 863
315 529
316 391
316 913
316 907
316 442
316 738
316 406
316 771
316 473
317 818
317 738
317 663
317 840
317 339
317 759
317 934
317 611
317 639
317 331
317 893
318 898
318 411
318 686
318 432
318 512
318 560
318 783
318 774
318 923
318 415
318 852
318 991
319 479
319 992
319 498
319 847
319 365
319 502
319 743
319 879
319 634
319 747
319 383
319 340
320 778
320 885
320 745
320 590
320 389
320 921
320 692
320 748
320 994
320 823
320 643
320 339
320 613
320 896
320 531
320 348
320 838
320 821
320 635
320 980
320 678
320 610
321 406
321 792
321 802
321 411
321 399
321 539
321 617
321 536
321 970
321 930
321 828
321 572
322 676
322 415
322 935
322 374
322 500
322 810
322 672
322 338
322 696
322 883
322 629
322 906
322 698
322 455
322 758
322 832
322 322
322 452
322 323
322 762
322 394
322 425
322 618
322 915
322 598
322 432
322 844
322 521
322 631
322 869
322 646
322 723
322 685
322 387
322 691
322 498
322 523
322 837
322 657
322 888
323 415
323 361
323 875
323 452
323 984
323 760
323 649
323 466
324 774
324 366
324 682
324 849
324 641
324 909
324 598
324 879
324 606
325 463
325 617
325 477
325 886
325 404
325 940
325 670
325 996
325 466
325 684
325 594
325 833
325 386
325 750
325 830
325 347
325 611
325 890
325 490
326 569
326 980
326 392
326 940
326 371
327 774
327 901
327 674
327 676
327 563
327 605
327 716
327 857
327 421
327 926
327 734
327 355
327 599
327 350
327 617
327 366
327 475
328 998
328 349
328 976
328 842
328 954
328 849
328 983
328 673
329 535
329 829
329 750
329 430
329 602
329 601
329 617
329 519
329 809
329 571
330 430
330 885
330 700
330 658
330 393
330 518
330 538
330 367
330 760
330 979
330 663
331 613
331 496
331 507
331 442
331 462
331 516
331 620
331 630
332 539
332 812
332 900
332 438
332 955
332 470
332 463
332 624
332 881
332 577
332 580
332 604
332 419
333 391
333 392
333 559
333 700
333 988
333 498
333 418
333 641
333 964
333 772
333 529
333 931
333 860
334 898
334 617
334 773
334 848
334 444
334 941
334 670
334 682
334 777
334 565
334 664
335 429
335 416
335 526
335 801
335 571
335 713
335 809
335 544
335 473
335 930
335 843
335 790
335 917
335 364
335 849
336 512
336 898
336 388
336 411
336 432
336 437
336 682
336 589
336 572
337 666
337 674
337 412
337 942
337 916
337 507
337 863
337 886
338 803
338 992
338 415
338 442
338 452
338 945
338 591
338 659
338 895
338 758
338 699
338 721
338 562
338 853
338 717
338 833
338 710
338 432
338 372
338 868
338 963
338 648
338 367
338 760
338 946
338 903
338 521
338 400
338 404
339 358
339 730
339 448
339 847
339 579
339 893
339 708
340 652
340 693
340 648
340 811
340 837
340 535
340 449
340 678
340 727
340 435
341 532
341 954
341 516
341 397
341 357
341 400
341 405
341 582
342 744
342 901
342 466
342 367
342 463
342 575
343 915
343 677
343 779
343 913
343 818
343 528
343 919
343 865
343 648
344 790
344 677
344 539
344 902
344 658
344 699
344 390
344 489
344 624
344 535
344 366
344 722
344 979
344 660
344 991
345 672
345 760
345 820
345 790
345 795
345 423
345 730
346 922
346 711
346 617
346 418
346 571
346 985
346 849
346 791
346 772
346 461
347 777
347 671
347 401
347 722
347 820
347 465
347 613
347 993
347 384
347 490
348 432
348 829
348 965
348 436
348 358
348 587
348 728
348 508
348 626
348 874
348 571
348 461
348 807
348 565
349 674
349 711
349 881
349 617
349 980
349 676
349 563
349 696
349 858
349 816
349 837
349 866
349 974
349 486
349 700
349 385
349 483
349 577
349 583
350 998
350 720
350 569
350 716
350 563
350 357
350 815
350 415
350 914
350 426
350 681
350 391
350 903
350 792
350 608
351 898
351 637
351 774
351 676
351 644
351 413
351 899
351 354
352 927
352 548
352 660
352 397
352 497
352 353
352 855
352 843
352 782
352 777
352 461
352 941
352 715
352 393
352 765
352 812
352 940
353 925
353 358
353 908
353 849
353 516
353 532
353 947
353 779
353 865
353 707
353 719
353 576
353 447
353 620
353 970
353 817
353 977
353 608
354 900
354 792
354 836
354 749
354 727
354 555
355 395
355 548
355 730
355 592
355 749
355 677
355 783
355 516
355 404
356 432
356 443
356 602
356 382
356 370
356 857
356 960
356 904
356 613
356 988
356 416
356 903
356 759
356 673
357 548
357 766
357 908
357 399
357 796
357 524
357 782
357 397
357 800
357 909
357 773
357 939
357 603
357 567
357 419
357 937
357 465
357 903
357 745
357 620
357 886
357 621
357 654
358 624
358 658
358 415
358 552
358 452
358 698
358 358
358 442
358 672
358 984
358 616
358 876
358 939
358 480
358 962
358 705
358 634
358 404
359 734
359 416
359 738
359 864
359 702
359 662
359 863
359 679
359 660
360 676
360 436
360 818
360 414
360 379
360 942
360 551
360 576
360 975
360 954
360 879
360 643
360 608
361 762
361 697
361 969
361 896
361 476
361 940
361 663
362 472
362 548
362 491
362 375
362 911
362 657
362 473
362 746
363 563
363 932
363 559
363 734
363 524
363 930
363 852
364 730
364 445
364 802
364 958
364 662
364 572
364 893
364 608
365 589
365 414
365 809
365 946
365 853
365 882
365 430
365 837
365 911
365 708
366 776
366 819
366 904
366 978
366 775
366 992
366 765
366 507
366 999
366 742
366 472
366 366
366 539
366 986
366 614
366 855
366 868
366 521
366 700
366 789
366 470
366 415
366 769
366 946
367 674
367 856
367 552
367 436
367 781
367 984
367 699
367 659
367 483
367 588
367 955
367 949
367 396
367 948
367 505
367 805
367 551
367 788
367 853
367 406
367 815
367 528
367 772
368 803
368 517
368 652
368 440
368 964
368 473
368 879
368 865
368 600
368 603
368 902
368 952
368 536
368 395
368 827
368 855
368 707
368 643
368 680
369 900
369 677
369 734
369 801
369 880
369 787
370 480
370 456
370 398
370 516
370 528
370 867
370 385
370 429
370 529
371 553
371 995
371 773
371 754
371 523
371 498
371 827
371 380
371 753
371 890
372 794
372 506
372 934
372 385
372 677
372 571
372 613
372 856
372 722
372 993
372 534
373 674
373 768
373 760
373 809
373 580
373 477
373 616
373 663
373 990
373 595
374 395
374 391
374 781
374 436
374 384
374 619
374 825
374 403
374 379
374 975
374 582
375 432
375 465
375 929
375 809
375 985
375 855
375 750
375 391
375 871
375 990
376 527
376 676
376 700
376 561
376 722
376 379
376 679
376 678
376 911
377 765
377 696
377 629
377 929
377 839
377 410
377 805
377 495
377 506
377 744
377 679
377 466
377 799
378 545
378 677
378 879
378 636
378 949
378 958
378 775
379 426
379 824
379 853
379 738
379 413
379 675
379 616
379 847
379 606
379 424
379 947
379 379
379 868
379 951
379 554
379 502
379 641
379 614
379 526
379 768
379 763
379 967
379 633
379 402
379 463
379 950
379 724
379 943
379 467
379 562
379 709
379 406
379 643
379 893
380 567
380 972
380 552
380 728
380 730
380 675
380 802
380 995
381 720
381 382
381 550
381 858
381 519
381 853
381 940
381 836
381 592
381 469
381 896
381 846
381 649
381 859
381 621
382 432
382 720
382 862
382 846
382 411
382 574
382 602
382 686
382 622
382 867
382 687
382 583
382 994
382 389
382 896
382 882
382 601
382 689
382 870
382 390
382 618
382 700
382 452
382 721
382 730
382 650
382 620
382 648
382 746
383 665
383 768
383 742
383 394
383 978
383 965
383 514
383 992
383 842
383 420
383 766
383 794
383 397
383 944
383 818
383 494
383 954
383 832
383 763
383 516
383 521
383 967
383 551
383 911
383 807
384 532
384 845
384 850
384 987
384 693
384 434
384 534
384 635
384 685
384 757
384 823
384 444
384 511
384 575
384 930
385 652
385 867
385 561
385 739
385 597
385 824
385 730
385 657
385 991
385 708
386 433
386 497
386 871
386 531
386 766
386 777
386 608
386 401
386 663
386 966
386 516
386 612
386 460
387 898
387 541
387 727
387 669
387 547
387 411
387 686
387 602
387 637
387 729
387 852
387 827
388 441
388 933
388 846
388 622
388 701
388 478
388 923
388 952
388 491
388 856
388 409
388 676
388 724
389 690
389 467
389 854
389 801
389 504
389 684
389 579
389 438
389 702
389 749
389 488
389 865
389 785
389 522
389 551
389 958
390 842
390 742
390 873
390 964
390 654
390 841
390 714
390 991
391 794
391 661
391 465
391 923
391 972
391 396
391 851
391 525
391 652
391 932
391 913
391 867
391 785
391 737
391 668
391 806
391 590
391 859
391 907
391 844
391 744
391 786
391 542
391 736
391 572
391 811
391 959
391 952
391 559
391 700
391 899
391 761
391 446
392 396
392 713
392 919
392 821
392 559
392 458
392 886
393 480
393 429
393 897
393 671
393 741
393 635
393 980
393 904
393 567
393 770
393 495
393 637
393 467
393 561
393 433
393 879
393 977
394 645
394 618
394 903
394 948
394 503
394 612
394 404
395 512
395 776
395 778
395 532
395 803
395 479
395 500
395 638
395 466
395 673
395 974
396 601
396 517
396 750
396 520
396 859
396 982
396 913
396 634
396 708
397 506
397 427
397 693
397 449
397 908
397 534
397 949
397 777
397 819
397 898
397 486
397 669
397 902
397 620
397 636
398 780
398 910
398 783
398 403
398 724
398 680
398 809
398 792
398 989
398 811
398 853
399 432
399 674
399 629
399 516
399 660
399 878
399 532
399 650
399 910
399 944
399 497
399 792
400 515
400 677
400 480
400 724
400 903
400 648
400 814
400 540
400 956
400 874
400 614
400 503
400 811
400 695
400 964
400 600
400 787
400 446
401 953
401 725
401 561
401 722
401 971
401 820
401 850
401 627
401 728
401 610
401 730
401 638
401 805
401 919
401 770
401 498
401 860
401 534
401 501
401 818
401 981
401 583
401 706
401 582
401 993
401 491
401 615
401 974
402 515
402 832
402 562
402 459
402 886
402 572
402 893
402 896
402 510
402 523
402 812
402 841
402 977
402 608
402 799
403 650
403 982
403 489
403 710
403 609
403 907
403 840
403 929
403 588
404 415
404 573
404 967
404 407
404 593
404 439
404 556
404 404
404 791
404 678
404 802
404 749
404 737
404 427
404 645
404 577
404 435
404 693
404 668
404 666
404 820
404 513
404 698
404 814
404 836
404 688
405 835
405 792
405 615
405 654
405 667
405 593
405 620
405 783
405 879
406 489
406 548
406 903
406 648
406 880
406 584
406 549
406 406
406 656
406 687
406 600
406 909
406 695
406 837
406 803
406 532
406 822
406 895
406 637
406 963
406 872
406 567
406 784
406 666
406 767
407 686
407 637
407 781
407 699
407 667
407 713
407 712
407 434
407 414
407 772
407 970
407 702
408 482
408 589
408 743
408 563
408 671
408 875
408 577
408 449
408 516
408 908
408 701
409 653
409 541
409 420
409 585
409 915
409 729
409 547
409 686
409 913
409 809
409 853
409 604
409 475
410 650
410 491
410 799
410 598
410 994
410 476
410 416
410 929
410 985
410 843
410 964
410 802
410 588
411 898
411 933
411 420
411 819
411 833
411 772
411 483
411 977
411 891
411 756
411 914
411 437
411 846
411 602
411 559
411 877
411 655
411 667
411 724
411 985
411 450
412 728
412 730
412 414
412 434
412 865
412 569
412 817
412 610
413 559
413 833
413 609
413 932
413 483
413 414
413 418
413 679
413 879
413 582
414 762
414 567
414 658
414 531
414 897
414 771
414 715
414 919
414 705
414 853
414 849
414 967
414 995
414 673
415 443
415 733
415 867
415 877
415 658
415 415
415 698
415 689
415 672
415 760
415 452
415 699
415 674
415 805
415 634
415 706
415 635
415 656
415 439
415 894
415 508
415 917
415 563
415 903
415 946
415 831
415 963
415 899
416 980
416 856
416 650
416 766
416 858
416 546
416 416
416 839
416 916
416 770
416 510
416 899
416 817
416 652
416 804
416 438
416 668
416 920
416 931
416 567
416 565
416 717
416 751
416 816
416 681
416 574
416 959
416 746
416 969
416 491
416 501
416 620
416 865
417 700
417 526
417 994
417 877
417 883
417 713
417 466
417 949
418 898
418 477
418 519
418 864
418 835
418 580
418 868
418 809
418 933
418 954
418 524
418 652
418 657
418 763
418 946
418 577
418 680
418 974
419 624
419 650
419 528
419 529
419 447
419 434
419 489
419 813
419 838
419 995
419 949
420 898
420 862
420 709
420 691
420 922
420 632
420 431
420 608
420 437
420 602
420 808
420 503
421 778
421 915
421 620
421 948
421 998
421 661
421 697
421 858
421 580
421 540
421 908
421 714
422 649
422 801
422 611
422 586
422 584
422 620
422 568
422 802
422 466
422 985
422 940
423 472
423 722
423 784
423 577
423 840
423 475
423 893
424 677
424 606
424 814
424 449
424 734
424 770
424 704
424 979
425 915
425 551
425 706
425 792
425 752
425 499
425 590
425 473
425 869
426 790
426 543
426 762
426 981
426 887
426 817
426 489
426 624
426 471
426 828
426 579
427 715
427 992
427 742
427 626
427 985
427 936
427 826
427 561
427 853
427 660
427 836
427 473
428 532
428 635
428 788
428 817
428 895
429 567
429 429
429 700
429 932
429 474
429 447
429 718
429 798
429 865
429 570
429 469
429 482
429 540
429 757
430 515
430 527
430 532
430 794
430 826
430 820
430 491
430 522
430 648
431 517
431 887
431 528
431 656
431 575
431 579
432 898
432 653
432 541
432 637
432 819
432 862
432 720
432 613
432 755
432 686
432 594
432 574
432 602
432 802
432 947
432 880
432 439
432 917
432 812
432 765
432 692
432 882
432 922
432 887
432 761
432 712
432 618
432 927
432 993
433 720
433 862
433 984
433 801
433 902
433 983
434 965
434 498
434 763
434 616
434 599
434 779
434 623
434 444
435 885
435 486
435 650
435 839
435 879
435 743
435 518
435 938
435 956
435 777
435 828
436 479
436 539
436 658
436 552
436 436
436 672
436 500
436 669
436 945
436 527
436 708
436 687
436 553
436 830
436 799
436 925
436 499
436 604
436 845
436 964
436 560
437 755
437 602
437 622
437 819
437 574
437 437
437 898
437 845
437 702
437 756
437 886
437 502
437 771
437 514
437 936
437 652
437 459
437 862
437 677
437 462
437 623
437 964
437 943
438 777
438 790
438 681
438 671
438 666
438 456
438 736
438 489
438 639
438 592
438 841
439 816
439 452
439 758
439 635
439 456
439 528
439 792
439 772
440 709
440 790
440 698
440 697
440 999
440 994
440 990
440 854
440 484
441 898
441 686
441 755
441 719
441 624
441 488
441 955
441 787
442 622
442 480
442 923
442 658
442 935
442 552
442 906
442 672
442 629
442 976
442 547
442 673
442 770
442 826
442 589
442 500
442 760
442 854
442 911
443 686
443 989
443 691
443 833
443 708
443 830
443 482
443 589
443 602
443 567
443 730
443 577
443 586
444 546
444 572
444 615
445 739
445 985
445 942
445 727
445 690
445 629
446 473
446 949
446 680
446 706
446 688
446 799
446 963
446 881
446 885
446 687
446 664
447 816
447 785
447 851
447 515
447 822
447 540
447 628
447 558
447 925
447 708
448 933
448 785
448 486
448 951
448 765
448 758
448 926
448 837
448 853
448 806
449 470
449 571
449 506
449 802
449 788
450 617
450 695
450 657
450 774
450 865
451 900
451 665
451 639
451 451
451 509
451 823
451 458
451 890
451 737
451 550
451 535
451 816
451 502
451 480
451 489
451 624
451 762
451 835
451 811
451 859
451 879
452 552
452 832
452 883
452 629
452 758
452 455
452 760
452 781
452 591
452 452
452 485
452 646
452 803
452 732
452 884
452 716
452 700
452 726
452 512
452 751
452 456
452 466
452 463
452 977
453 539
453 649
453 551
453 911
453 955
453 893
453 888
454 754
454 777
454 922
454 474
454 809
454 993
454 853
454 714
454 587
455 762
455 954
455 672
455 578
455 542
455 984
455 861
456 794
456 489
456 927
456 561
456 953
456 627
456 481
456 789
456 825
456 716
456 771
456 488
456 594
456 742
456 682
456 728
457 650
457 675
457 788
457 557
457 638
457 659
457 473
457 485
458 489
458 567
458 779
458 711
458 607
458 835
458 486
458 954
458 523
458 995
458 841
459 989
459 500
459 650
459 899
459 656
459 979
459 616
459 579
460 556
460 813
460 582
460 827
460 658
460 886
460 977
461 674
461 490
461 896
461 714
461 574
461 988
461 481
461 888
462 725
462 929
462 693
462 571
462 711
462 623
462 534
462 836
463 959
463 480
463 743
463 753
463 624
463 986
463 539
463 736
463 651
463 864
463 683
463 938
463 483
463 499
463 966
463 692
463 964
463 847
463 568
463 489
463 666
463 722
463 770
463 956
463 473
464 515
464 849
464 494
464 852
464 795
465 525
465 700
465 517
465 926
465 913
465 465
465 882
465 808
465 863
465 468
465 547
465 856
465 902
465 571
465 660
465 905
465 888
466 691
466 704
466 571
466 987
466 484
466 526
466 797
466 611
466 693
466 739
466 771
466 470
466 876
466 835
466 528
466 630
466 890
467 897
467 548
467 825
467 486
467 562
467 945
467 556
467 866
467 681
467 965
467 881
467 785
467 745
467 483
467 824
467 875
467 575
468 559
468 526
468 911
468 598
468 564
468 790
468 967
468 862
468 703
468 473
468 865
468 879
468 823
468 822
469 671
469 820
469 649
469 936
469 656
469 686
469 964
470 742
470 992
470 925
470 734
470 520
470 472
470 726
470 887
470 965
470 999
470 750
470 954
470 805
470 985
470 746
470 607
470 996
470 907
470 807
470 850
470 557
470 886
470 792
470 585
470 701
470 667
470 997
470 649
470 528
471 820
471 497
471 903
471 806
471 718
472 913
472 474
472 520
472 667
472 742
472 491
473 723
473 655
473 936
473 983
473 848
473 538
473 747
473 564
473 911
473 644
473 504
473 992
473 989
473 574
473 584
473 487
473 662
473 788
473 938
473 663
474 506
474 700
474 525
474 611
474 952
474 619
474 795
474 903
474 651
474 770
474 937
474 643
475 613
475 661
475 561
475 725
475 510
475 727
475 692
475 707
475 575
475 787
475 855
475 598
475 797
475 618
475 535
475 886
475 697
475 801
475 776
476 667
476 969
476 791
476 859
476 566
476 708
477 809
477 580
477 946
477 947
477 835
477 738
477 951
477 705
477 654
477 532
477 881
477 563
477 974
477 558
477 673
478 709
478 965
478 877
478 765
478 949
478 924
478 885
478 742
478 935
478 570
478 834
478 621
478 708
479 778
479 619
479 532
479 948
479 479
479 659
479 747
479 481
479 864
479 965
479 665
479 572
479 888
480 665
480 753
480 812
480 736
480 681
480 885
480 677
480 900
480 484
480 807
480 770
480 908
480 553
480 748
480 811
480 663
480 844
480 827
480 711
480 816
480 700
480 742
480 658
480 568
481 938
481 898
481 897
481 780
481 647
481 825
481 671
481 704
481 752
481 818
481 741
481 952
481 763
481 562
481 491
481 927
481 605
481 628
481 654
481 569
481 494
481 643
481 995
481 610
481 629
481 608
481 904
481 537
481 695
481 598
482 803
482 619
482 625
482 632
482 938
482 492
482 636
482 514
482 964
482 837
483 548
483 505
483 854
483 697
483 909
483 837
483 848
483 514
483 522
483 688
483 484
483 951
483 589
483 792
484 998
484 774
484 829
484 655
484 872
484 985
484 538
484 707
485 808
485 542
485 657
485 692
485 714
485 612
485 686
485 909
485 639
485 578
486 674
486 647
486 548
486 831
486 989
486 806
486 768
486 853
487 697
487 809
487 853
487 738
487 487
487 861
487 916
487 616
487 797
487 871
488 930
488 806
488 975
488 502
489 803
489 677
489 589
489 795
489 959
489 681
489 986
489 509
489 812
489 601
489 639
489 489
489 855
489 731
489 966
489 585
489 844
489 557
489 994
489 832
489 778
489 642
489 493
489 977
489 686
489 714
489 787
490 637
490 753
490 806
490 950
490 588
490 805
490 736
490 895
490 826
491 709
491 978
491 770
491 892
491 752
491 532
491 850
491 891
491 587
492 872
492 837
492 678
492 663
492 958
492 893
493 959
493 538
493 663
493 827
493 730
493 649
494 694
494 739
494 772
494 576
494 583
494 799
494 673
494 708
495 602
495 637
495 696
495 889
495 501
495 837
495 896
495 931
495 991
495 680
495 974
496 762
496 774
496 544
496 676
496 690
496 599
496 617
496 557
496 709
496 729
496 773
496 642
496 892
496 517
496 699
496 730
497 509
497 605
497 908
497 849
497 564
497 787
497 783
497 628
498 794
498 672
498 991
498 629
498 760
498 796
498 648
498 615
498 579
499 533
499 976
499 671
499 579
499 710
500 954
500 552
500 591
500 629
500 781
500 916
500 843
500 639
500 982
500 711
500 895
500 827
501 765
501 667
501 692
501 812
501 952
501 657
502 762
502 655
502 577
502 979
502 738
502 770
502 726
502 517
502 941
502 782
502 958
502 759
503 842
503 696
503 788
503 684
503 990
504 850
504 962
504 903
504 648
504 964
504 584
504 942
504 521
504 811
504 988
504 894
504 580
504 778
504 899
505 721
505 897
505 825
505 902
505 675
505 600
505 792
506 515
506 527
506 915
506 948
506 998
506 845
506 671
506 593
506 697
506 734
506 540
506 516
506 838
507 775
507 877
507 584
507 614
507 705
507 526
507 534
507 557
508 902
508 649
508 516
508 970
508 784
508 678
508 773
508 955
508 865
508 583
509 900
509 536
509 677
509 761
509 992
509 903
509 705
509 673
510 898
510 775
510 655
510 918
510 969
510 999
510 976
510 717
510 726
510 992
510 801
510 863
510 836
510 787
511 691
511 549
511 863
512 944
512 533
512 515
512 794
512 632
512 545
512 625
512 778
512 619
512 555
512 994
512 788
512 917
512 991
512 949
512 525
512 514
512 844
512 643
512 980
512 938
512 520
512 827
512 957
513 795
513 589
513 743
513 528
513 916
513 660
513 892
513 828
513 702
514 909
514 583
514 648
514 877
514 954
514 818
514 723
514 868
514 588
514 931
515 632
515 533
515 803
515 545
515 762
515 865
515 998
515 517
515 768
515 685
516 686
516 875
516 738
516 522
516 651
516 908
516 745
516 612
516 631
516 691
516 965
516 934
516 630
516 593
516 783
516 790
516 634
516 584
516 718
516 702
516 620
517 998
517 898
517 605
517 851
517 926
517 517
517 923
517 816
517 694
517 867
517 699
517 691
517 950
517 905
517 946
517 524
517 599
517 894
517 939
517 567
517 854
518 686
518 524
518 893
518 714
518 888
519 935
519 675
519 997
519 869
519 960
519 580
519 571
519 612
519 890
520 877
520 925
520 981
520 750
520 842
520 786
520 765
520 726
520 641
520 960
520 811
520 848
520 837
520 674
520 522
520 558
520 603
520 734
520 850
520 886
520 727
520 793
521 674
521 660
521 641
521 966
521 804
521 590
521 707
521 969
521 695
521 964
521 931
522 762
522 641
522 977
523 716
523 700
523 647
523 635
523 897
523 548
523 562
523 947
523 853
523 660
524 856
524 809
524 631
524 866
524 643
524 737
524 930
524 882
524 722
524 874
525 541
525 851
525 932
525 684
525 542
525 945
525 528
525 559
525 700
525 883
525 916
526 818
526 623
526 861
526 773
526 769
526 944
526 540
526 801
527 715
527 545
527 835
527 969
527 727
527 968
527 878
527 739
527 806
527 621
527 579
528 794
528 677
528 864
528 646
528 836
528 670
528 678
528 970
528 592
528 681
528 782
528 535
528 743
528 586
528 982
528 853
528 904
528 921
528 772
528 764
528 990
529 885
529 599
529 592
529 805
529 830
529 576
529 581
529 593
529 873
529 783
529 571
530 686
530 980
530 881
530 969
530 695
530 701
530 587
530 849
530 792
530 802
530 747
531 992
531 750
531 908
531 732
531 745
531 620
531 836
531 983
532 915
532 953
532 650
532 613
532 656
532 794
532 562
532 739
533 776
533 545
533 593
533 560
533 619
533 854
533 801
533 974
534 993
534 801
534 849
534 889
534 766
534 851
534 978
534 612
534 614
534 888
535 605
535 579
535 927
535 760
535 837
535 680
536 539
536 915
536 782
536 700
536 589
536 743
536 877
536 832
536 902
536 542
536 955
537 898
537 639
537 895
537 728
537 729
537 969
537 724
537 949
537 893
537 896
538 658
538 935
538 833
538 929
538 675
538 577
538 571
538 796
538 911
538 615
538 879
538 555
538 733
538 873
538 722
538 937
538 828
539 898
539 777
539 790
539 543
539 539
539 681
539 757
539 925
539 561
539 926
539 978
539 877
539 575
539 589
539 601
539 743
539 809
539 792
540 816
540 910
540 929
540 724
540 853
540 861
540 875
540 877
540 982
540 801
540 551
541 686
541 751
541 893
541 624
541 718
541 933
541 846
541 862
541 543
541 650
541 675
542 711
542 650
542 957
542 790
542 703
542 849
542 612
542 836
542 983
542 708
543 900
543 753
543 618
543 766
543 861
543 684
543 677
543 589
543 762
543 639
543 913
543 554
543 761
543 802
543 678
544 774
544 901
544 847
544 905
544 719
544 676
544 711
544 925
544 548
544 942
545 658
545 681
545 583
545 548
545 783
546 650
546 783
546 929
546 685
546 620
546 576
546 640
546 608
547 901
547 652
547 561
547 728
547 929
547 964
547 837
547 727
547 608
548 589
548 671
548 889
548 635
548 854
548 548
548 729
548 952
548 825
548 763
548 552
548 804
548 662
548 793
548 802
548 924
548 964
548 758
548 792
548 554
548 734
548 653
548 562
549 691
549 908
549 687
549 648
549 795
549 806
549 715
549 640
549 974
549 695
549 570
549 860
550 927
550 569
550 980
550 901
550 800
550 686
550 783
550 723
550 617
550 935
550 859
550 865
551 690
551 830
551 995
551 717
551 859
551 813
551 607
551 950
551 939
551 733
551 639
551 643
551 671
551 972
551 781
551 725
551 970
551 822
551 598
552 794
552 881
552 658
552 636
552 970
552 741
552 627
552 978
552 760
552 697
552 826
552 908
552 879
552 582
553 948
553 819
553 927
553 674
553 676
553 936
553 751
553 690
553 561
553 826
553 792
553 657
553 990
554 743
554 659
554 760
554 969
554 865
554 639
554 933
554 995
554 772
554 612
555 610
555 918
555 853
555 958
555 579
555 869
555 799
555 673
555 994
556 885
556 581
556 985
556 940
557 790
557 880
557 964
557 989
557 799
557 821
557 566
557 727
557 930
557 859
557 949
558 790
558 711
558 733
558 700
558 768
558 977
558 730
558 792
559 624
559 661
559 867
559 913
559 976
559 785
559 947
559 614
559 646
559 743
559 635
559 846
559 687
559 810
559 567
559 817
560 647
560 911
560 642
560 872
560 941
560 983
560 865
560 566
561 862
561 569
561 882
561 659
561 610
561 723
561 875
561 739
561 928
561 785
561 697
561 671
561 943
561 789
561 720
561 654
561 772
562 954
562 984
562 897
562 825
562 769
562 729
562 783
562 751
562 868
562 916
562 623
562 764
562 767
563 803
563 944
563 774
563 674
563 676
563 853
563 584
563 689
563 867
563 929
563 847
563 826
563 852
563 568
564 938
564 602
564 674
564 911
564 947
564 852
564 865
564 587
565 690
565 605
565 845
565 695
565 680
566 829
566 802
566 968
566 714
566 841
566 816
566 725
566 838
567 743
567 988
567 779
567 913
567 655
567 782
567 870
567 937
567 696
567 972
567 856
567 992
567 697
567 879
568 900
568 752
568 626
568 783
568 579
568 767
569 674
569 599
569 666
569 829
569 619
569 781
569 597
569 746
570 857
570 792
570 873
570 870
570 743
570 584
570 970
571 778
571 693
571 571
571 797
571 705
571 936
571 649
571 985
571 847
571 866
571 994
571 951
571 676
571 989
571 842
571 993
571 677
571 664
571 662
571 798
571 630
572 815
572 905
572 960
573 954
573 696
573 730
573 835
573 649
573 801
573 983
573 616
573 747
574 933
574 686
574 819
574 720
574 594
574 637
574 879
575 833
575 929
575 693
575 787
575 692
575 771
575 702
575 975
575 634
575 846
575 579
576 929
576 581
576 702
576 930
576 644
576 962
576 639
576 869
576 665
576 943
576 827
577 589
577 997
577 847
577 982
577 929
577 821
577 588
577 743
577 816
577 580
577 979
577 772
578 842
578 689
578 629
578 780
578 929
578 995
579 948
579 620
579 836
579 793
579 893
579 958
579 990
579 794
579 977
580 777
580 785
580 685
580 791
580 697
580 944
580 917
581 600
581 772
581 967
581 930
581 708
582 776
582 659
582 809
582 612
582 614
582 893
582 896
582 906
582 889
582 714
582 991
583 778
583 641
583 787
583 689
583 893
583 596
584 969
584 903
584 837
585 686
585 913
585 897
585 818
585 730
586 972
586 999
586 724
586 957
586 725
587 896
587 991
587 869
588 885
588 716
588 729
588 723
588 930
588 801
588 638
589 619
589 677
589 624
589 681
589 639
589 812
589 736
589 729
589 654
589 649
589 973
589 764
589 923
589 879
589 699
589 742
589 722
590 853
590 695
590 963
590 767
590 896
591 672
591 896
591 873
591 760
591 693
591 983
591 787
592 676
592 824
592 792
592 802
592 940
592 890
592 733
592 981
593 720
593 929
593 997
593 792
593 772
594 892
594 678
594 778
594 740
594 774
594 690
594 897
595 785
595 833
595 908
595 843
595 977
595 708
595 880
595 913
596 743
596 849
596 727
596 793
596 975
596 999
597 934
597 638
597 658
597 933
597 991
597 708
598 913
598 760
598 845
598 770
598 713
598 995
598 938
599 927
599 910
599 835
599 865
599 608
600 648
600 880
600 701
600 941
600 691
600 614
601 677
601 959
601 665
601 981
601 669
601 675
601 850
601 674
601 734
601 951
602 898
602 691
602 755
602 933
602 989
602 751
602 981
602 787
602 793
602 631
602 886
602 641
602 638
602 916
602 731
602 804
602 862
602 854
602 604
602 727
602 940
602 911
603 776
603 857
603 764
603 848
604 781
604 783
604 839
604 693
605 674
605 881
605 711
605 922
605 944
605 721
605 626
605 766
605 853
606 809
606 853
606 926
606 931
606 942
607 779
607 616
607 713
608 825
608 655
608 808
608 985
608 876
608 896
608 907
608 640
608 831
608 765
608 700
608 875
608 756
609 846
609 877
609 872
610 819
610 927
610 730
610 807
611 780
611 801
611 693
611 735
611 938
611 896
611 787
611 888
612 801
612 660
612 745
612 962
612 620
612 836
612 643
612 818
612 677
613 819
613 927
613 658
613 825
613 868
613 903
614 836
614 852
614 983
614 771
614 816
614 921
614 945
614 924
614 700
614 767
614 958
615 774
615 770
615 772
615 817
615 865
615 637
615 755
615 883
615 756
615 634
615 807
616 677
616 674
616 846
616 891
616 662
616 856
616 849
616 908
616 921
616 673
617 998
617 676
617 716
617 774
617 901
617 829
617 980
617 912
617 882
617 922
617 945
617 951
617 776
617 791
617 993
617 979
617 775
617 985
617 719
617 693
617 634
617 908
617 863
617 787
617 896
618 677
618 681
618 743
618 923
618 992
618 859
618 885
618 760
618 801
618 964
618 836
619 998
619 777
619 690
619 971
619 886
620 625
620 637
620 849
620 745
620 871
620 886
620 788
620 660
620 843
620 997
620 669
620 909
620 691
620 749
620 971
620 767
620 917
620 996
620 704
620 781
620 940
621 754
621 742
621 964
621 772
621 806
621 650
621 911
621 663
622 908
622 942
623 809
623 789
623 956
623 890
623 787
623 931
624 959
624 777
624 665
624 940
624 837
624 982
624 846
624 731
624 687
624 885
624 762
624 786
624 726
624 765
624 695
625 754
625 915
625 747
625 818
625 722
625 913
625 856
625 658
625 689
625 675
625 879
625 896
626 677
626 736
626 676
626 722
626 993
626 935
626 694
626 673
626 848
626 630
626 896
626 931
626 977
627 910
627 993
627 814
627 695
627 905
628 986
628 927
628 936
628 813
628 673
629 659
629 832
629 760
629 649
629 908
629 798
629 777
629 792
629 974
630 897
630 695
630 772
630 791
630 792
630 845
630 716
630 649
631 904
631 781
631 899
631 969
631 849
631 745
631 886
631 807
632 794
632 878
632 807
632 973
632 944
632 998
632 690
632 645
632 830
632 860
633 768
633 979
633 936
633 970
634 913
634 856
634 820
634 653
634 864
634 909
634 828
634 827
635 833
635 908
635 979
635 828
636 737
636 655
636 798
636 911
636 828
636 959
637 898
637 709
637 637
637 799
637 660
637 815
637 710
637 958
637 786
637 650
637 693
638 846
638 728
638 993
638 899
638 792
638 949
638 687
638 767
638 977
638 673
639 677
639 762
639 755
639 893
639 897
639 763
639 775
639 952
639 969
639 782
639 828
639 888
640 778
640 794
640 954
640 772
640 657
640 720
640 666
641 653
641 909
641 879
641 660
641 877
641 868
641 852
641 690
641 695
641 663
642 820
642 826
642 713
642 714
642 799
642 680
643 906
643 796
643 758
643 787
643 823
643 893
644 732
644 792
644 772
644 806
644 725
644 786
644 705
644 683
644 716
644 911
644 657
644 955
644 828
645 954
645 663
645 742
646 989
646 726
646 765
646 729
646 809
646 770
647 913
647 766
647 892
647 872
647 727
647 893
648 924
648 679
648 648
648 942
648 966
648 695
648 888
648 916
648 717
648 784
648 928
648 818
648 837
648 995
648 869
649 676
649 700
649 985
649 855
649 934
649 976
649 806
649 828
649 714
649 963
650 664
650 929
650 982
650 892
650 703
650 884
650 808
650 650
650 783
650 862
650 820
650 874
650 879
650 850
650 822
650 971
650 819
650 660
650 809
651 726
651 935
651 699
651 693
651 908
651 806
652 867
652 739
652 856
652 970
653 948
653 709
653 898
653 755
653 861
653 846
653 900
654 674
654 954
654 897
655 803
655 956
655 839
655 858
655 982
655 760
655 834
655 667
655 970
655 865
655 799
656 676
656 964
656 860
657 747
657 771
657 718
657 695
657 702
657 752
657 687
657 793
657 667
657 828
657 869
657 708
658 961
658 672
658 669
658 810
658 677
658 736
658 819
658 806
658 858
658 911
659 945
659 904
659 956
659 837
660 863
660 962
660 756
660 782
660 855
660 916
660 917
660 720
660 746
661 711
661 913
661 897
661 856
661 671
661 952
661 880
661 896
662 766
662 849
662 878
662 666
662 964
662 977
663 797
663 879
663 707
663 943
663 793
663 881
663 732
664 988
664 899
664 803
664 668
664 969
664 858
664 908
664 849
664 893
664 896
665 665
665 890
665 795
665 677
665 959
665 961
666 829
666 899
666 850
666 696
666 767
666 776
666 690
666 734
666 738
666 962
666 727
666 917
667 742
667 810
667 833
667 899
667 858
667 821
667 982
667 956
667 808
667 918
667 952
667 915
667 780
667 988
667 928
667 807
667 980
667 987
667 940
667 729
667 774
667 929
667 703
667 969
667 849
668 889
668 880
668 977
669 906
669 832
669 760
669 769
670 788
670 942
670 771
670 772
671 750
671 671
671 889
671 854
671 965
671 810
671 680
671 857
671 723
671 825
671 824
672 959
672 906
672 699
672 752
672 934
672 935
672 760
673 819
673 809
673 673
673 894
673 963
673 799
673 680
673 822
673 688
673 708
673 772
673 842
673 716
673 726
673 857
673 674
673 933
673 914
673 741
673 764
673 730
674 927
674 829
674 716
674 857
674 922
674 882
674 722
674 992
674 678
674 725
674 908
674 943
674 844
674 991
675 677
675 685
675 731
675 809
675 853
675 908
676 774
676 733
676 901
676 891
676 925
676 971
677 753
677 743
677 798
677 751
677 772
677 991
677 822
677 686
677 945
677 885
677 762
677 993
677 727
678 736
678 695
678 802
678 679
678 972
678 836
678 787
679 862
679 783
679 722
680 899
680 799
680 693
680 848
681 766
681 938
681 730
681 842
681 743
682 960
682 993
682 899
682 918
682 797
682 969
682 864
683 862
683 790
683 775
683 872
683 837
683 905
683 977
683 807
684 887
684 833
684 824
684 899
684 837
684 826
684 949
684 827
685 864
685 853
685 702
685 827
686 824
686 707
686 855
686 721
686 846
686 828
687 959
687 695
688 948
688 845
688 837
688 896
689 790
689 694
689 742
689 725
690 774
690 857
690 922
690 912
690 740
690 851
690 928
690 769
690 920
690 845
690 906
690 799
691 803
691 933
691 709
691 720
691 899
691 951
691 975
691 822
692 965
692 845
692 787
692 958
693 824
693 801
693 987
693 789
693 732
693 856
693 972
693 985
693 869
694 785
694 700
694 856
694 969
694 801
695 811
695 804
695 966
695 964
695 727
695 880
695 858
695 866
695 733
695 851
695 988
695 978
695 720
695 989
695 760
695 802
695 828
695 841
696 736
696 786
696 981
696 721
696 781
696 967
696 854
696 712
696 808
696 975
697 697
697 883
697 907
697 815
698 965
698 966
698 984
698 746
699 976
699 770
699 760
699 908
699 949
699 841
700 881
700 785
700 740
700 932
700 851
700 923
700 720
700 936
700 780
700 742
700 828
700 775
700 728
700 929
701 812
701 959
701 930
701 806
701 813
702 972
702 767
703 938
703 742
703 783
703 969
703 860
703 794
703 828
703 843
703 863
704 760
704 818
704 762
704 947
705 774
705 742
705 905
706 708
707 775
707 722
707 929
707 787
707 863
708 833
708 809
708 911
708 874
708 712
708 977
708 718
708 826
709 778
709 803
709 859
709 775
709 770
709 787
710 984
710 792
710 842
710 977
711 829
711 881
711 716
711 913
712 995
712 911
712 955
712 966
712 865
712 893
713 856
713 801
713 761
713 802
714 920
714 714
714 977
714 866
714 763
714 926
714 984
714 826
715 803
715 790
715 772
715 893
716 882
716 740
716 961
716 809
716 937
717 975
718 927
718 747
719 720
719 730
719 832
719 990
719 991
720 898
720 846
720 742
720 754
720 913
720 886
720 792
720 931
721 885
721 758
721 931
721 977
722 910
722 723
722 888
722 826
722 833
722 866
722 755
722 870
722 725
722 730
722 936
722 788
722 849
722 828
723 820
723 730
723 843
724 969
724 808
724 839
724 893
725 992
725 739
725 752
725 764
726 965
726 960
726 942
726 931
726 910
726 936
727 952
727 942
727 868
727 806
727 890
727 910
727 757
728 993
728 792
728 970
729 897
729 828
729 819
729 931
729 889
729 839
729 767
730 910
730 752
730 798
730 758
730 819
730 806
730 788
730 943
731 819
731 833
731 974
731 966
731 791
731 882
731 889
732 794
732 803
732 915
732 856
732 879
732 827
733 774
733 901
733 913
733 843
733 975
733 893
733 767
734 829
734 954
734 887
734 765
734 965
734 734
734 996
734 916
734 947
734 968
734 876
735 927
735 825
735 908
735 827
735 990
735 888
736 895
737 972
737 791
737 950
737 895
737 738
737 893
738 809
738 787
738 760
738 964
738 759
739 989
739 790
739 902
739 826
739 871
739 851
740 885
740 888
742 954
742 925
742 965
742 842
742 992
742 775
742 921
742 932
742 984
742 780
742 931
743 959
743 812
743 790
743 900
743 960
743 998
743 898
743 936
743 798
744 803
744 938
744 965
744 994
744 882
744 945
744 825
744 789
745 908
745 931
745 919
745 780
745 748
746 788
746 955
746 828
746 764
746 928
747 925
747 763
747 995
747 911
747 941
747 988
747 920
747 973
748 898
748 853
748 997
748 772
748 795
748 893
749 854
749 969
749 772
749 970
749 930
750 954
750 946
750 811
751 837
752 774
752 888
752 779
752 899
752 860
753 825
753 762
753 929
753 835
753 973
754 794
754 912
754 986
754 989
754 942
755 898
755 819
755 908
755 991
756 972
756 826
756 802
756 958
757 889
757 947
757 782
758 885
758 910
759 795
759 786
759 764
759 783
759 893
760 832
760 788
760 972
760 784
761 788
761 817
762 790
762 885
762 777
762 959
762 933
762 882
762 977
762 909
762 969
762 995
762 913
762 895
762 910
762 951
762 911
762 888
763 862
763 972
763 959
763 949
763 993
763 995
763 807
764 837
764 792
764 940
764 789
765 863
765 827
766 885
766 956
766 783
766 858
766 792
766 887
766 775
766 929
766 969
767 839
767 958
767 840
767 941
767 928
767 921
767 824
767 980
767 792
768 898
768 925
768 887
768 991
768 955
768 958
769 779
769 954
769 818
769 918
770 913
770 839
770 918
770 789
770 969
770 947
771 888
771 873
771 845
771 817
771 983
771 865
771 977
772 792
772 919
772 996
772 967
772 777
773 826
773 970
773 975
773 865
774 819
774 882
774 980
774 974
774 795
774 871
775 898
775 925
775 904
775 888
775 877
775 954
775 993
775 783
775 817
776 778
776 872
776 803
776 972
777 900
777 812
778 948
778 782
779 790
779 779
779 913
779 834
780 897
780 892
781 945
781 810
781 935
781 806
781 865
782 897
782 922
782 788
783 858
783 808
783 885
783 941
783 912
783 952
783 929
783 869
784 901
784 828
784 875
784 940
784 958
784 896
785 819
785 856
785 914
785 816
785 954
785 967
785 930
786 954
786 850
786 858
787 790
787 868
787 917
787 921
787 949
787 839
787 900
787 897
787 893
788 846
788 908
788 849
788 800
788 855
788 978
788 794
788 957
788 970
789 856
790 885
790 877
790 979
790 795
790 799
791 877
791 802
791 970
791 896
792 970
792 792
792 977
792 844
792 950
792 833
792 942
792 799
792 974
793 813
793 921
793 795
793 856
793 876
793 958
794 794
794 957
794 895
794 899
794 891
795 915
795 900
795 822
795 938
795 885
795 955
797 988
797 801
798 940
798 836
798 865
799 900
799 909
799 807
800 976
800 904
800 906
800 897
800 801
800 849
800 975
801 891
801 826
801 945
801 900
801 909
801 829
801 947
801 832
801 968
801 997
802 999
802 971
802 830
802 836
802 970
803 938
803 974
803 960
803 930
803 912
803 884
803 985
803 996
804 832
804 837
805 810
805 892
806 933
806 992
806 914
806 862
806 942
806 888
806 873
806 817
806 826
806 971
806 813
806 995
807 823
807 963
807 894
807 957
807 830
807 811
808 970
809 812
809 969
809 951
809 847
809 809
809 881
809 834
809 813
809 919
809 947
809 908
810 913
810 969
810 837
810 977
811 911
811 975
811 837
812 862
812 885
812 897
813 930
813 859
813 838
813 895
813 972
814 936
814 964
815 897
815 845
815 964
815 837
816 851
817 993
817 950
817 828
817 926
818 857
818 897
818 889
818 903
818 853
819 898
819 819
819 973
819 939
819 935
819 964
819 958
820 922
820 932
820 825
820 875
821 984
821 929
821 969
821 840
822 946
822 999
822 897
822 936
823 897
824 971
824 953
824 997
824 840
824 896
824 991
825 988
825 913
825 922
826 861
826 883
826 974
827 856
827 930
827 911
827 831
827 866
827 931
827 888
827 920
827 834
828 905
828 879
828 911
828 934
828 993
828 977
829 923
829 930
831 965
831 841
832 935
832 984
832 950
832 845
832 872
833 988
833 992
834 855
834 881
836 919
836 941
836 925
837 942
837 964
837 937
837 926
837 963
837 998
837 876
838 945
838 876
838 921
838 995
839 912
840 992
840 958
841 940
841 977
841 860
841 974
841 888
842 923
843 915
843 871
843 896
844 988
844 893
845 885
845 902
845 910
845 858
845 880
845 893
846 984
846 980
846 965
846 971
846 913
846 910
847 913
847 850
847 914
847 853
848 911
848 885
849 960
849 908
849 942
849 909
850 877
851 934
852 970
852 893
853 862
853 923
853 951
853 997
853 872
853 979
853 877
853 859
853 983
855 898
855 889
855 858
856 923
856 913
856 997
856 906
856 968
857 927
857 877
857 859
858 992
858 929
858 918
858 997
858 953
858 903
858 985
859 878
859 975
859 934
859 995
859 865
860 911
860 990
861 989
861 870
861 940
861 991
862 898
862 933
862 976
862 895
862 950
863 885
863 940
864 992
864 893
865 878
865 911
865 935
865 964
865 958
866 876
866 893
866 977
868 959
869 896
870 904
870 983
871 918
873 996
873 935
873 959
875 993
876 876
876 879
877 919
877 966
877 967
877 990
878 998
878 977
879 995
879 950
879 913
880 954
880 964
881 946
882 960
883 922
883 994
884 915
884 929
884 969
884 975
885 986
885 925
886 908
886 983
886 977
887 965
887 895
887 975
888 992
888 931
888 977
888 973
888 914
888 888
888 924
888 926
888 974
888 937
889 965
889 969
889 909
889 970
890 911
890 977
891 977
892 901
892 966
893 940
893 921
893 994
893 941
893 931
894 912
895 898
895 935
895 928
895 914
896 949
896 914
896 944
897 952
897 981
897 924
897 997
897 903
898 961
899 916
899 929
899 931
900 919
900 914
901 912
902 954
902 916
903 909
903 937
903 964
903 946
903 982
903 975
903 954
903 952
904 940
904 994
904 954
904 918
905 995
905 911
906 906
906 988
907 998
907 977
907 990
908 938
908 908
908 951
908 930
908 964
908 977
909 964
909 921
910 942
911 988
911 975
911 994
911 948
911 936
911 990
911 946
911 955
912 998
913 976
913 926
913 988
913 972
915 915
916 934
916 977
917 946
918 979
918 963
918 969
918 936
918 970
920 932
920 999
920 991
922 976
922 927
923 998
923 936
923 935
923 995
924 954
925 939
926 989
926 988
927 980
927 935
927 993
929 956
929 969
929 982
929 960
929 936
929 964
930 968
930 932
931 974
932 972
932 942
932 988
933 990
935 970
937 960
938 948
941 965
941 942
941 958
942 966
942 978
942 964
943 969
944 993
947 997
947 987
948 998
948 985
948 958
952 993
953 993
953 964
954 992
954 954
954 981
954 985
955 982
956 979
957 991
958 994
958 970
960 986
960 979
961 984
961 970
964 992
970 977
972 987
975 995
977 991
986 993
987 991
991 991
995 995
995 999
