0 690
0 327
0 935
0 134
0 784
0 630
0 523
0 498
0 404
0 149
0 791
0 772
0 570
1 786
1 79
1 930
1 879
1 973
1 1
1 931
1 33
1 633
1 215
1 396
1 185
1 827
1 714
1 343
1 888
2 293
2 401
2 820
2 722
2 730
2 48
2 725
2 850
2 520
2 384
2 107
2 647
2 3
2 910
2 561
2 993
2 104
3 653
3 751
3 992
3 330
3 722
3 427
3 845
3 15
3 105
3 244
3 30
3 638
3 293
3 153
3 102
3 345
3 164
3 401
3 456
3 315
3 597
3 728
3 67
3 585
3 626
3 971
3 75
3 104
3 558
3 63
3 302
3 610
3 723
3 831
3 940
3 575
3 995
3 70
3 942
3 445
3 999
3 563
3 4
3 239
3 359
3 409
3 412
3 820
3 824
3 739
3 747
4 733
4 617
4 901
4 891
4 774
4 544
4 196
4 188
4 191
4 605
4 304
4 4
4 666
4 349
4 351
4 195
4 151
4 32
4 912
4 403
4 738
4 657
4 207
4 258
4 885
4 306
4 503
4 927
4 674
4 550
4 73
4 249
4 786
4 722
4 650
4 577
4 23
5 479
5 541
5 426
5 366
5 669
5 629
5 576
5 536
5 950
5 781
5 658
5 415
5 299
5 173
5 689
5 696
5 322
5 223
5 929
5 519
5 90
6 500
6 810
6 672
6 80
6 415
6 338
6 696
6 883
6 50
6 629
6 906
6 935
6 698
6 334
6 479
6 44
6 279
6 997
6 658
6 945
6 51
6 442
7 898
7 388
7 653
7 336
7 819
7 387
7 305
7 318
7 214
7 967
7 118
7 263
7 409
7 285
7 39
7 166
7 432
7 437
7 314
7 443
7 562
7 403
7 271
8 332
8 543
8 539
8 681
8 290
8 252
8 436
8 925
8 453
8 278
8 790
8 536
8 665
8 677
8 426
8 480
8 489
8 885
8 561
8 403
8 886
8 836
8 588
9 267
9 27
9 470
9 83
9 135
9 519
9 454
9 846
9 806
9 489
9 418
9 809
9 979
9 224
9 365
9 379
9 148
9 547
9 368
9 949
10 291
10 309
10 994
10 492
10 320
10 941
10 355
10 455
10 787
10 917
10 663
10 684
10 958
10 475
10 893
10 767
10 990
11 829
11 626
11 641
11 903
11 648
11 549
11 12
11 584
11 198
11 909
11 942
11 687
11 450
11 662
11 656
11 695
11 547
11 880
11 528
11 209
11 892
11 435
11 873
11 478
11 870
11 148
11 811
11 312
11 340
11 865
11 566
12 690
12 964
12 227
12 504
12 966
12 139
12 495
12 652
12 277
12 727
12 630
12 813
12 588
12 389
12 831
12 446
13 790
13 812
13 535
13 202
13 45
13 873
13 685
13 219
13 249
13 489
13 675
13 809
13 580
13 979
13 853
13 784
13 404
13 298
13 957
14 732
14 690
14 617
14 768
14 520
14 146
14 137
14 775
14 375
14 914
14 474
14 663
14 366
14 383
14 147
14 954
14 965
14 204
14 121
14 445
14 792
15 910
15 385
15 401
15 627
15 105
15 433
15 123
15 293
15 456
15 722
15 181
16 653
16 223
16 979
16 256
16 534
16 522
16 336
16 702
16 107
16 620
16 859
16 303
17 62
17 652
17 785
17 429
17 700
17 932
17 66
17 474
17 155
17 447
17 35
17 179
17 737
17 255
17 517
17 972
17 189
17 165
17 316
17 779
17 232
17 392
17 661
17 108
17 735
17 191
17 593
17 190
17 47
17 582
17 994
17 795
17 514
17 25
17 856
17 366
17 153
17 126
17 57
18 515
18 267
18 776
18 482
18 527
18 95
18 619
18 257
18 395
18 20
18 18
18 269
18 430
18 31
18 230
18 915
18 625
18 715
18 118
18 944
18 803
18 732
18 545
18 136
18 934
18 109
18 123
18 360
18 882
18 854
18 358
18 161
18 163
18 435
18 171
18 866
18 479
18 795
18 215
18 578
18 126
18 582
19 131
19 897
19 523
19 548
19 825
19 467
19 127
19 806
19 267
19 562
19 481
19 121
19 623
19 940
19 435
19 575
20 512
20 267
20 124
20 257
20 754
20 744
20 630
20 489
20 591
20 803
20 118
20 915
20 938
20 482
20 998
20 838
20 663
21 512
21 885
21 676
21 690
21 775
21 221
21 726
21 73
21 412
21 582
21 26
21 27
21 366
21 131
21 394
21 146
21 147
21 202
21 204
21 734
21 742
21 950
21 876
22 532
22 202
22 214
22 404
22 670
22 764
22 354
22 592
22 967
22 556
22 301
22 298
22 149
22 23
22 311
22 29
22 637
22 947
22 262
22 861
22 642
22 792
22 43
22 940
22 178
22 911
23 277
23 528
23 404
23 792
23 798
23 381
23 234
23 802
23 321
23 530
23 149
23 967
23 771
23 251
23 131
23 288
23 940
23 592
23 41
23 595
24 463
24 774
24 563
24 25
24 877
24 655
24 783
24 306
24 377
24 821
24 650
24 703
24 899
24 65
24 81
24 114
24 884
24 969
24 918
24 24
24 682
24 501
24 916
24 88
24 83
24 664
24 839
24 947
24 180
24 813
24 90
24 375
24 623
24 287
24 524
24 673
24 329
24 519
24 291
24 667
24 416
24 929
24 181
24 154
24 168
24 235
24 719
25 532
25 260
25 976
25 867
25 165
25 391
25 458
25 851
25 517
25 96
25 661
25 316
25 255
25 155
25 179
25 470
25 355
25 471
25 679
25 72
25 187
25 429
25 559
25 567
25 700
25 856
26 819
26 775
26 786
26 750
26 137
26 887
26 248
26 978
26 877
26 142
26 999
26 103
26 981
26 216
26 683
26 751
26 288
26 983
26 235
26 61
26 366
26 131
26 954
26 965
26 202
26 204
26 734
26 992
26 742
26 820
26 848
26 643
27 179
27 261
27 520
27 786
27 904
27 750
27 131
27 842
27 204
27 821
27 669
27 236
27 29
27 61
27 137
27 470
27 992
27 742
27 964
27 970
27 303
28 223
28 685
28 279
28 256
28 386
28 516
28 908
28 660
28 788
28 331
28 169
28 522
28 352
28 408
28 534
28 796
28 397
28 433
28 309
28 603
28 36
28 297
28 915
28 833
28 903
29 261
29 520
29 877
29 472
29 29
29 645
29 103
29 786
29 547
29 233
29 815
29 856
29 421
29 842
29 904
29 202
29 204
29 470
29 734
29 992
29 783
29 788
29 792
29 236
29 879
29 281
30 754
30 199
30 385
30 401
30 153
30 507
30 243
30 48
30 722
30 723
30 724
30 864
30 649
30 620
30 787
30 518
30 974
31 257
31 31
31 292
31 732
31 545
31 479
31 938
31 421
31 878
31 715
31 744
31 482
31 776
31 395
31 128
31 228
31 533
31 95
31 368
31 563
31 787
31 753
31 301
31 324
31 413
31 843
31 985
31 803
31 619
31 183
32 743
32 774
32 927
32 544
32 674
32 346
32 329
32 605
32 563
32 921
32 38
32 967
32 215
32 690
32 617
32 820
32 516
32 210
33 285
33 795
33 463
33 601
33 618
33 753
33 175
33 927
33 677
33 812
33 959
33 451
33 885
33 634
33 521
33 970
33 57
33 499
34 742
34 760
34 801
34 908
34 903
34 406
34 150
34 942
34 489
34 175
34 594
34 445
34 919
34 529
35 517
35 392
35 525
35 275
35 913
35 155
35 458
35 816
35 120
35 138
35 649
35 150
35 742
35 523
35 429
35 559
35 179
35 567
35 447
35 856
35 837
36 77
36 602
36 774
36 901
36 922
36 927
36 666
36 676
36 568
36 107
36 421
36 926
36 553
36 73
36 135
36 951
36 863
37 898
37 140
37 409
37 709
37 166
37 318
37 129
37 444
37 296
37 182
37 443
37 602
37 736
37 396
37 845
37 301
37 538
37 460
38 790
38 665
38 543
38 290
38 291
38 172
38 438
38 777
38 601
38 959
38 232
38 283
38 459
38 718
38 62
38 220
38 88
38 598
39 285
39 314
39 387
39 574
39 39
39 409
39 77
39 318
39 313
39 441
39 622
39 846
39 594
39 195
39 518
39 407
39 225
39 516
39 855
39 721
39 443
39 637
39 922
39 88
39 379
39 353
39 747
40 228
40 744
40 133
40 647
40 548
40 45
40 187
40 117
40 959
40 949
40 434
40 174
40 818
40 833
40 215
40 483
40 979
40 702
40 59
40 89
41 323
41 610
41 853
41 513
41 271
41 588
41 939
41 701
41 670
41 325
41 193
41 91
41 995
41 240
42 218
42 150
42 995
42 222
42 412
42 680
42 968
42 210
42 689
42 982
42 865
42 564
42 59
42 708
42 974
42 122
43 211
43 674
43 249
43 131
43 671
43 143
43 528
43 407
43 802
43 439
43 354
43 798
43 381
43 764
43 52
43 919
43 149
43 550
43 450
43 343
43 599
43 927
43 885
43 651
43 174
43 772
43 940
43 836
44 155
44 61
44 832
44 903
44 141
44 148
44 406
44 92
44 445
44 150
44 54
44 679
44 937
44 504
44 749
44 829
44 191
44 321
44 384
44 128
44 126
44 837
44 149
44 990
45 922
45 199
45 952
45 121
45 609
45 58
45 174
45 208
45 481
45 483
45 586
45 462
45 406
46 285
46 391
46 392
46 155
46 517
46 316
46 416
46 713
46 179
46 700
46 856
46 548
46 413
46 936
46 404
46 888
47 269
47 794
47 589
47 401
47 153
47 834
47 677
47 561
47 739
47 466
47 657
47 431
48 790
48 742
48 101
48 902
48 293
48 102
48 315
48 993
48 75
48 67
48 427
48 63
48 824
48 164
48 910
48 345
48 376
48 104
48 728
48 347
48 722
48 627
48 486
48 907
48 911
48 699
48 826
48 269
48 126
48 938
48 449
48 360
48 869
49 825
49 899
49 650
49 274
49 918
49 667
49 416
49 929
49 969
49 724
49 501
49 830
50 923
50 658
50 173
50 358
50 452
50 50
50 264
50 436
50 629
50 760
50 254
50 442
50 498
50 128
50 649
50 578
50 377
50 908
50 192
50 367
50 985
50 940
50 673
51 803
51 136
51 658
51 415
51 552
51 906
51 591
51 299
51 629
51 781
51 360
51 395
51 152
51 916
51 843
51 696
51 442
51 322
51 452
51 338
51 895
51 561
51 224
51 516
51 668
52 267
52 438
52 61
52 897
52 81
52 641
52 792
52 772
52 940
52 325
52 381
52 930
53 127
53 56
53 899
53 650
53 655
53 537
53 410
53 416
53 858
53 501
53 335
53 757
53 287
53 461
54 249
54 447
54 770
54 929
54 397
54 903
54 648
54 406
54 584
54 277
54 837
54 819
54 221
54 702
54 332
54 266
54 695
54 964
54 389
54 958
55 127
55 429
55 984
55 780
55 174
55 116
55 410
55 313
55 833
55 483
55 121
55 752
55 910
55 853
55 126
55 827
56 690
56 174
56 215
56 467
56 741
56 208
56 505
56 697
56 731
56 729
56 187
56 117
56 481
56 231
56 355
56 176
56 763
56 60
56 647
56 769
56 805
56 919
56 770
56 498
56 152
56 860
56 534
56 501
56 889
56 993
56 259
56 903
57 818
57 722
57 501
57 530
57 896
57 931
57 185
57 222
57 603
57 144
57 608
57 866
57 123
57 841
57 460
57 920
57 860
57 587
57 485
57 99
57 582
57 511
57 948
57 940
57 634
57 980
57 137
57 592
57 502
57 938
57 714
57 59
57 210
58 66
58 616
58 154
58 801
58 987
58 496
58 522
58 713
58 586
58 190
59 463
59 121
59 722
59 660
59 807
59 565
59 310
59 183
59 476
59 281
59 974
59 303
59 464
59 633
59 412
59 874
59 72
59 282
59 90
59 706
59 642
59 59
59 963
59 207
59 326
59 957
59 708
59 673
59 870
59 210
59 125
59 164
59 744
59 950
59 513
59 684
59 455
59 991
59 550
59 528
59 741
59 956
59 595
60 269
60 671
60 548
60 562
60 769
60 952
60 467
60 131
60 599
60 274
60 215
60 481
60 169
60 727
60 582
61 166
61 137
61 992
61 742
61 645
61 734
61 842
61 999
61 904
61 225
61 145
61 106
61 887
61 261
61 877
61 981
61 394
61 147
61 768
61 726
61 786
61 63
61 479
61 958
61 278
61 397
61 781
61 714
61 573
61 131
61 202
61 204
61 470
62 819
62 156
62 291
62 162
62 795
62 539
62 543
62 220
62 536
62 624
62 681
62 252
62 639
62 489
62 812
62 295
62 736
62 301
62 198
62 152
62 729
62 654
62 306
62 332
62 589
62 463
62 885
62 762
62 273
63 95
63 116
63 910
63 293
63 427
63 315
63 845
63 722
63 985
64 643
64 787
64 663
64 921
64 793
64 943
64 378
64 928
64 958
64 575
64 126
64 444
64 110
64 844
64 94
64 87
64 568
64 334
64 237
64 941
64 380
64 247
64 389
64 492
64 320
64 475
64 431
64 67
64 897
64 350
64 930
64 704
64 784
64 455
64 775
64 629
64 559
64 931
64 648
64 893
64 807
65 927
65 638
65 783
65 664
65 410
65 667
65 929
65 926
65 931
65 222
65 528
65 81
65 83
65 491
65 253
65 370
66 162
66 711
66 517
66 429
66 179
66 567
66 184
66 923
66 522
66 213
66 558
66 483
66 820
66 555
67 674
67 173
67 385
67 910
67 401
67 164
67 561
67 456
67 730
67 104
67 434
67 342
67 893
68 777
68 291
68 736
68 489
68 624
68 589
68 499
68 198
68 463
68 885
68 467
68 964
68 161
69 777
69 589
69 812
69 665
69 753
69 639
69 790
69 986
69 539
69 618
69 959
69 795
69 69
69 677
69 624
69 291
69 743
69 451
69 278
69 253
69 182
69 658
69 159
69 355
69 678
69 696
69 161
69 118
69 489
69 762
69 260
69 925
69 742
69 698
69 721
69 889
69 683
70 455
70 235
70 793
70 444
70 958
70 126
70 389
70 748
70 167
70 611
70 613
70 805
70 893
70 767
71 313
71 693
71 813
71 838
71 490
71 588
71 419
71 308
71 594
71 631
71 494
71 827
71 621
71 475
71 759
71 991
72 927
72 940
72 836
72 970
72 281
72 412
72 807
72 566
72 112
72 555
72 82
72 978
72 840
72 750
72 170
72 736
72 122
73 420
73 774
73 676
73 980
73 912
73 496
73 882
73 716
73 922
73 550
73 346
73 569
73 170
73 73
73 188
73 666
73 249
73 553
73 891
73 674
73 563
73 86
73 599
73 927
73 709
73 729
73 773
73 642
73 892
73 332
73 700
73 530
73 552
73 268
73 561
73 985
73 307
73 499
74 734
74 132
74 516
74 908
74 660
74 169
74 745
74 266
74 647
74 806
74 520
74 666
74 620
74 772
75 305
75 429
75 902
75 401
75 164
75 561
75 301
75 722
75 730
75 993
75 969
75 88
75 849
76 384
76 540
76 801
76 279
76 462
76 649
76 261
76 601
76 611
76 324
76 840
76 767
77 653
77 263
77 409
77 285
77 432
77 437
77 182
77 441
77 739
77 926
77 211
77 925
77 810
77 729
77 962
78 84
78 923
78 215
78 911
78 828
78 560
78 765
78 546
78 700
78 236
78 879
78 368
78 949
78 281
78 708
79 613
79 391
79 404
79 149
79 791
79 772
79 378
79 397
80 267
80 980
80 906
80 415
80 696
80 698
80 552
80 612
80 890
80 765
80 633
80 338
80 984
80 358
80 760
80 359
80 157
81 650
81 783
81 276
81 416
81 181
81 969
81 664
81 892
81 537
81 703
81 398
81 510
81 491
81 377
81 918
81 858
81 514
81 787
81 613
81 593
81 470
81 748
81 282
81 253
81 713
81 759
82 420
82 432
82 463
82 792
82 701
82 807
82 555
82 708
82 595
82 229
83 383
83 899
83 650
83 766
83 655
83 270
83 403
83 416
83 398
83 273
83 956
83 491
83 88
83 186
83 390
83 996
83 373
83 935
83 959
83 858
83 259
83 835
83 521
83 119
84 803
84 128
84 901
84 912
84 674
84 690
84 329
84 346
84 191
84 774
84 317
84 604
84 865
84 349
84 617
84 249
84 483
84 217
84 419
84 226
85 532
85 933
85 927
85 315
85 551
85 193
85 975
85 733
85 226
85 876
86 426
86 676
86 690
86 563
86 569
86 544
86 249
86 349
86 304
86 195
86 881
86 617
86 245
86 331
86 262
86 806
86 750
86 123
86 350
86 605
86 151
86 116
86 730
86 695
86 964
87 146
87 289
87 159
87 389
87 949
87 317
87 958
87 320
87 126
87 334
87 453
87 364
87 663
87 858
87 846
87 811
87 603
87 115
87 415
87 245
87 767
88 437
88 539
88 548
88 664
88 181
88 276
88 724
88 766
88 270
88 839
88 650
88 114
88 858
88 863
88 188
88 679
88 660
89 263
89 624
89 569
89 158
89 746
89 673
89 794
89 122
90 673
90 161
90 708
90 595
90 346
90 965
91 794
91 204
91 513
91 271
91 419
91 551
91 975
91 876
91 226
91 838
91 158
91 588
91 668
91 496
91 331
91 466
91 151
91 911
91 893
92 938
92 230
92 666
92 481
92 858
92 521
92 400
92 277
92 406
92 549
92 695
92 312
92 837
93 426
93 394
93 781
93 415
93 935
93 699
93 322
93 868
93 402
93 760
94 437
94 211
94 455
94 540
94 160
94 747
94 684
94 320
94 579
94 893
95 512
95 267
95 532
95 794
95 288
95 803
95 294
95 482
95 998
95 533
95 938
95 778
95 632
95 527
95 776
95 754
95 127
95 915
95 286
95 944
95 230
95 506
95 934
95 625
95 479
95 421
95 265
95 279
95 962
95 789
95 989
95 328
95 459
95 360
95 693
95 260
95 719
95 807
95 99
95 124
95 162
95 617
95 734
95 671
95 440
95 648
95 919
95 983
95 879
96 545
96 260
96 517
96 391
96 155
96 559
96 567
96 972
96 856
96 221
96 897
96 835
96 612
96 570
96 817
96 615
96 673
97 898
97 285
97 420
97 933
97 432
97 182
97 313
97 602
97 986
97 131
97 338
97 611
97 813
97 746
98 528
98 404
98 772
98 940
98 325
98 630
98 678
98 311
98 234
98 798
98 488
98 865
98 785
98 522
98 551
98 371
98 828
98 949
98 587
99 605
99 280
99 141
99 148
99 896
99 841
99 714
99 860
99 991
99 735
99 108
99 493
99 123
99 596
99 869
99 827
99 640
99 343
99 990
99 364
99 220
99 692
99 532
99 453
99 619
99 565
99 269
99 342
99 485
99 888
100 898
100 278
100 153
100 549
100 911
100 657
100 828
100 192
100 468
100 598
100 473
100 865
100 125
100 368
100 236
100 139
100 163
100 590
100 334
100 106
100 877
100 715
100 172
100 280
100 640
100 239
100 746
100 183
101 674
101 155
101 548
101 818
101 825
101 467
101 121
101 889
101 230
101 199
101 368
101 809
101 516
101 241
102 846
102 249
102 935
102 293
102 427
102 561
102 824
102 315
102 845
102 722
102 725
102 347
102 263
102 809
102 792
102 425
102 334
103 563
103 261
103 775
103 786
103 726
103 750
103 676
103 134
103 544
103 447
103 383
103 142
103 147
103 200
103 202
103 992
103 742
103 248
103 415
103 164
103 660
103 216
103 620
103 362
103 823
103 841
104 500
104 671
104 401
104 153
104 561
104 820
104 993
104 610
104 627
104 597
104 910
104 556
104 415
104 891
104 908
104 572
104 761
104 701
104 459
105 124
105 249
105 775
105 401
105 153
105 730
105 760
105 448
105 849
105 793
105 475
105 245
106 120
106 775
106 520
106 137
106 225
106 992
106 131
106 536
106 682
106 475
106 366
106 383
106 925
106 954
106 200
106 221
106 742
106 452
106 523
106 936
106 277
106 171
107 500
107 526
107 386
107 908
107 660
107 534
107 143
107 357
107 612
107 266
107 331
107 408
107 849
107 216
107 631
107 399
107 542
107 229
107 930
107 267
107 228
107 350
107 470
107 614
107 339
107 599
107 886
107 407
108 794
108 734
108 322
108 358
108 722
108 936
108 168
108 848
108 827
108 977
109 182
109 289
109 693
109 985
109 801
109 114
109 585
109 726
109 406
110 276
110 620
110 930
110 320
110 759
110 994
110 566
110 891
110 200
110 245
111 443
111 666
111 674
111 188
111 711
111 349
111 617
111 166
111 496
111 249
111 562
111 833
112 228
112 263
112 347
112 268
112 218
112 581
112 368
112 157
112 673
112 807
112 680
112 894
112 412
112 446
112 128
112 169
112 946
112 252
112 828
112 273
112 902
113 489
113 338
113 414
113 859
113 468
113 412
113 799
113 807
113 680
113 566
114 467
114 650
114 655
114 783
114 416
114 929
114 969
114 858
114 667
114 403
114 892
114 808
114 398
114 835
114 526
114 768
114 360
114 763
114 847
114 967
114 510
114 459
114 940
114 747
115 268
115 414
115 809
115 577
115 864
115 502
115 872
115 477
115 503
115 413
115 541
115 949
115 777
115 819
115 379
115 714
116 618
116 523
116 671
116 174
116 825
116 729
116 481
116 752
116 635
116 187
116 952
116 214
116 741
116 117
116 116
116 682
116 619
116 676
116 756
116 473
116 977
117 545
117 605
117 260
117 391
117 897
117 393
117 562
117 818
117 825
117 208
117 752
118 267
118 269
118 527
118 794
118 512
118 532
118 421
118 430
118 257
118 744
118 395
118 292
118 533
118 303
118 151
118 524
118 452
118 207
118 561
118 685
118 124
118 128
118 938
118 379
119 539
119 930
119 771
119 911
119 473
119 879
119 192
119 572
119 614
119 368
119 860
119 726
119 673
119 326
119 949
120 391
120 155
120 932
120 559
120 474
120 587
120 531
120 575
121 794
121 451
121 769
121 780
121 697
121 215
121 481
121 483
121 486
121 121
121 393
121 208
121 897
121 440
121 548
121 187
121 741
121 505
121 238
121 825
121 952
121 729
121 641
121 990
121 480
121 687
121 210
121 157
121 399
121 717
121 435
121 309
121 293
121 143
122 395
122 185
122 673
122 968
122 326
122 183
122 177
122 494
122 708
122 691
122 510
122 828
122 189
122 312
123 862
123 337
123 896
123 608
123 888
124 515
124 532
124 288
124 533
124 794
124 803
124 506
124 778
124 265
124 620
124 851
124 597
124 916
124 709
124 382
124 612
124 600
124 955
124 708
125 249
125 746
125 712
125 163
125 657
125 405
125 241
125 542
125 597
125 581
125 447
125 767
125 499
126 533
126 263
126 992
126 571
126 995
126 921
126 958
126 575
126 579
126 759
126 378
126 767
126 380
126 748
126 663
126 458
126 354
126 640
126 808
126 140
126 758
127 512
127 515
127 778
127 794
127 744
127 948
127 482
127 257
127 474
127 481
127 136
127 309
127 710
127 759
127 888
127 708
128 512
128 778
128 267
128 794
128 294
128 619
128 803
128 482
128 934
128 288
128 527
128 776
128 632
128 265
128 292
128 233
128 798
128 587
128 731
128 553
128 152
128 938
128 732
128 479
128 998
128 230
128 754
128 927
128 224
129 155
129 413
129 209
129 508
129 522
129 152
129 585
129 433
129 983
129 516
129 620
129 695
130 686
130 382
130 432
130 898
130 862
130 242
130 628
130 581
130 207
130 411
130 409
130 285
130 166
130 819
130 313
130 458
130 226
131 898
131 775
131 520
131 366
131 887
131 726
131 383
131 147
131 221
131 426
131 367
131 716
131 954
131 204
131 470
131 734
131 992
131 742
131 758
131 809
131 434
131 386
132 332
132 199
132 302
132 357
132 620
132 522
132 143
132 133
132 639
132 640
132 875
132 524
132 651
132 152
132 788
132 849
132 837
133 393
133 214
133 741
133 231
133 562
133 654
133 569
133 818
133 833
133 467
133 486
133 315
133 649
133 193
133 236
133 949
134 980
134 913
134 897
134 940
134 784
134 630
134 439
134 791
134 888
134 873
134 845
134 316
134 313
134 678
134 836
134 325
134 529
134 860
134 708
135 367
135 373
135 580
135 448
135 685
135 487
135 218
135 947
135 872
135 868
135 577
135 309
135 853
135 997
135 454
135 233
135 747
135 655
135 716
135 490
135 326
135 587
135 809
135 979
135 477
135 224
136 512
136 515
136 533
136 421
136 532
136 715
136 226
136 579
136 688
136 391
136 520
136 322
136 769
136 837
136 702
136 621
136 928
136 608
136 361
137 743
137 520
137 786
137 366
137 147
137 507
137 514
137 202
137 750
137 877
137 992
137 146
137 225
137 842
137 204
137 470
137 925
137 768
137 200
137 524
137 882
137 235
137 563
137 991
137 905
137 263
137 797
137 790
137 491
137 696
137 954
137 742
137 456
138 700
138 954
138 758
138 319
138 359
138 787
138 896
138 144
138 931
138 185
138 461
138 977
138 608
139 441
139 700
139 929
139 379
139 266
139 457
139 407
139 221
139 822
139 911
139 657
139 828
139 473
139 865
139 241
140 263
140 409
140 613
140 382
140 356
140 691
140 720
140 661
140 778
140 357
140 727
140 411
140 432
140 819
140 156
140 667
141 898
141 451
141 510
141 641
141 212
141 909
141 966
141 557
141 450
141 584
141 141
141 200
141 285
141 256
141 277
141 937
141 695
141 964
141 837
141 340
141 485
142 257
142 520
142 366
142 383
142 742
142 992
142 925
142 845
142 644
142 444
142 855
142 470
142 338
142 501
142 814
142 928
143 693
143 660
143 788
143 800
143 352
143 886
143 745
143 386
143 782
143 863
143 505
143 691
143 369
143 620
143 943
144 889
144 820
144 272
144 246
144 334
144 896
144 920
144 287
144 556
144 743
144 569
144 914
144 185
144 827
144 608
145 768
145 877
145 200
145 520
145 472
145 726
145 887
145 965
145 145
145 221
145 999
145 750
145 366
145 761
145 285
145 306
145 361
145 471
145 237
145 233
145 925
145 204
145 470
145 734
145 945
145 208
145 824
145 903
145 431
146 589
146 775
146 520
146 887
146 383
146 904
146 750
146 470
146 996
146 907
146 807
146 449
146 147
146 954
146 200
146 696
146 635
146 770
146 970
146 958
147 677
147 520
147 366
147 842
147 978
147 887
147 765
147 726
147 261
147 877
147 225
147 478
147 383
147 768
147 775
147 954
147 181
147 428
147 283
147 885
147 790
147 880
147 486
147 367
147 212
147 308
147 470
147 742
147 843
148 452
148 845
148 903
148 648
148 227
148 679
148 584
148 656
148 557
148 504
148 877
148 383
148 581
148 277
148 815
148 964
148 837
148 727
148 236
149 602
149 733
149 505
149 277
149 837
149 528
149 404
149 407
149 439
149 772
149 764
149 967
149 802
149 792
149 630
149 996
149 743
149 340
149 518
149 938
149 956
149 271
149 940
150 480
150 521
150 272
150 277
150 340
150 549
150 313
150 225
150 705
150 695
150 445
150 964
150 837
150 727
150 848
151 196
151 716
151 676
151 945
151 528
151 249
151 422
151 404
151 592
151 995
152 256
152 516
152 908
152 522
152 508
152 756
152 497
152 524
152 397
152 266
152 435
152 737
152 848
152 720
152 296
152 742
152 482
152 352
152 612
152 357
152 745
152 620
152 277
152 579
152 587
153 242
153 489
153 617
153 385
153 347
153 638
153 910
153 302
153 626
153 456
153 820
153 725
153 164
153 585
153 244
153 610
153 427
153 315
153 953
153 824
153 845
153 561
153 376
153 739
153 558
153 850
153 781
153 994
153 709
153 761
153 634
153 712
153 211
153 854
153 891
153 497
153 996
153 833
153 730
153 243
153 848
153 235
153 185
153 303
154 649
154 789
154 469
154 797
154 611
154 526
154 623
154 289
154 433
154 154
154 484
154 955
154 407
154 394
154 321
154 540
154 801
154 422
154 217
154 159
154 772
154 513
155 525
155 913
155 856
155 391
155 275
155 785
155 926
155 694
155 740
155 816
155 396
155 184
155 155
155 429
155 517
155 867
155 923
155 465
155 413
155 586
155 751
155 289
155 311
155 629
155 746
155 696
155 567
155 700
155 199
155 988
155 726
155 931
156 295
156 509
156 172
156 290
156 278
156 618
156 539
156 332
156 960
156 528
156 287
156 493
156 589
156 489
156 762
156 293
156 319
156 738
156 571
156 362
157 738
157 849
157 870
157 446
157 927
157 175
157 822
157 708
158 925
158 358
158 683
158 529
158 471
158 363
158 583
158 437
158 551
158 995
158 876
158 473
158 663
159 984
159 516
159 524
159 397
159 788
159 542
159 796
159 399
159 684
159 220
159 849
159 400
159 836
160 649
160 462
160 814
160 526
160 573
160 604
160 667
160 826
160 466
160 985
160 557
160 865
161 912
161 783
161 608
161 673
161 161
161 633
161 642
161 461
161 609
161 522
161 700
161 807
161 183
161 229
162 933
162 543
162 290
162 291
162 762
162 344
162 220
162 900
162 743
162 753
162 536
162 601
162 252
162 429
162 671
162 666
162 456
162 736
162 489
162 195
162 836
162 911
163 421
163 291
163 674
163 617
163 293
163 491
163 466
163 660
163 408
163 528
163 772
163 911
163 538
163 192
163 473
163 614
163 205
164 699
164 760
164 483
164 401
164 585
164 875
164 971
164 845
164 910
164 541
164 822
164 419
164 382
164 293
164 824
164 347
164 858
164 864
164 526
165 388
165 790
165 391
165 779
165 525
165 652
165 785
165 932
165 907
165 559
165 816
165 700
165 524
165 928
166 794
166 653
166 285
166 933
166 296
166 755
166 686
166 594
166 336
166 166
166 318
166 574
166 602
166 182
166 443
166 541
166 917
166 812
166 765
166 235
166 692
166 882
166 213
166 922
166 432
166 437
166 846
166 624
166 502
166 289
166 788
166 354
167 329
167 891
167 650
167 783
167 918
167 403
167 667
167 587
167 728
167 181
168 553
168 202
168 358
168 833
168 561
168 274
168 982
168 811
168 529
168 930
168 419
168 806
168 876
168 513
168 805
168 709
168 396
168 232
168 316
168 813
168 950
168 702
168 194
169 992
169 416
169 386
169 524
169 908
169 397
169 531
169 871
169 651
169 352
169 855
169 341
169 678
169 319
169 403
169 518
169 460
169 962
169 216
169 620
169 287
169 958
170 762
170 774
170 544
170 674
170 676
170 304
170 715
170 492
170 351
170 889
171 406
171 813
171 834
171 975
171 423
171 182
171 226
171 490
171 621
171 817
171 974
172 265
172 790
172 291
172 677
172 591
172 949
172 960
172 451
172 196
172 889
172 788
172 236
173 781
173 832
173 330
173 721
173 788
173 696
173 224
173 564
173 368
174 489
174 984
174 769
174 647
174 440
174 331
174 668
174 956
174 539
174 481
174 730
174 190
174 485
175 709
175 602
175 264
175 910
175 401
175 345
175 725
175 544
175 744
175 718
175 824
175 315
175 456
175 728
175 993
175 235
175 827
175 807
176 624
176 774
176 179
176 897
176 393
176 548
176 740
176 804
176 825
176 215
176 609
176 481
176 621
176 865
177 720
177 179
177 526
177 773
177 673
177 303
177 299
177 308
177 446
177 963
177 207
178 898
178 528
178 404
178 940
178 178
178 710
178 321
178 970
178 469
178 405
178 846
178 603
178 836
178 325
178 370
178 764
178 806
178 974
179 553
179 517
179 913
179 429
179 232
179 694
179 567
179 652
179 179
179 559
179 816
179 396
179 851
179 926
179 867
179 737
179 260
179 255
179 275
179 525
179 465
179 700
179 189
179 856
179 184
179 333
179 932
179 474
179 791
179 636
179 950
179 895
179 385
179 415
179 855
179 514
179 492
179 214
179 219
179 248
179 883
179 908
179 216
179 806
179 207
180 327
180 809
180 319
180 864
180 359
180 606
180 448
180 413
180 218
180 305
180 664
180 346
180 662
180 577
180 580
180 853
180 224
180 502
180 280
180 381
180 865
180 575
181 862
181 650
181 783
181 416
181 929
181 377
181 766
181 667
181 270
181 884
181 606
181 532
181 325
181 881
181 563
181 946
181 289
181 942
181 911
181 827
181 977
182 387
182 263
182 411
182 296
182 305
182 388
182 313
182 432
182 420
182 356
182 336
182 637
182 691
182 574
182 318
182 440
182 545
182 321
182 888
182 727
182 912
182 824
182 602
182 690
182 918
182 581
182 688
183 932
183 366
183 810
183 299
183 903
183 773
183 460
183 822
183 633
183 807
183 567
183 984
183 650
183 968
183 229
184 517
184 779
184 913
184 189
184 988
184 447
184 740
184 618
184 503
184 444
184 777
184 199
184 856
184 470
184 573
184 908
185 637
185 589
185 517
185 456
185 684
185 896
185 991
185 977
185 827
185 931
185 719
185 343
185 596
185 185
185 869
185 973
185 668
185 841
185 511
185 990
185 390
185 603
185 735
185 920
185 493
185 518
185 936
185 309
185 891
185 941
185 473
185 926
185 212
185 507
185 331
185 790
185 446
185 772
185 582
185 485
186 432
186 790
186 818
186 713
186 528
186 792
186 772
186 623
186 325
187 196
187 474
187 671
187 548
187 304
187 215
187 481
187 635
187 902
187 650
187 357
187 886
187 683
187 364
187 245
188 674
188 690
188 733
188 857
188 232
188 843
188 711
188 520
188 403
188 469
188 524
188 528
188 931
189 774
189 922
189 517
189 391
189 396
189 913
189 559
189 512
189 856
189 742
189 695
189 590
189 236
190 420
190 786
190 217
190 256
190 529
190 193
190 827
190 714
190 461
190 969
190 487
190 362
190 841
190 977
190 991
191 901
191 544
191 674
191 550
191 690
191 922
191 563
191 327
191 617
191 666
191 349
191 711
191 303
191 722
191 521
191 996
191 497
191 742
191 847
192 988
192 248
192 279
192 353
192 657
192 538
192 817
192 192
192 457
192 911
192 615
192 865
192 995
192 741
192 358
192 218
192 581
192 688
192 536
192 848
192 747
192 235
192 888
193 677
193 322
193 929
193 534
193 529
193 702
193 717
193 488
193 308
193 193
193 360
193 371
193 757
193 995
193 830
193 424
193 696
193 963
193 343
193 550
193 713
193 226
193 644
193 759
193 888
194 286
194 653
194 349
194 669
194 297
194 930
194 757
194 563
194 356
194 309
195 901
195 922
195 927
195 544
195 359
195 196
195 350
195 617
195 249
195 856
195 498
195 962
195 551
195 995
195 654
195 444
196 285
196 912
196 674
196 617
196 249
196 340
197 681
197 322
197 500
197 581
197 896
197 205
197 778
197 374
197 888
198 267
198 443
198 641
198 521
198 406
198 549
198 679
198 687
198 695
198 964
198 727
198 538
198 896
198 807
199 762
199 517
199 391
199 779
199 785
199 913
199 429
199 559
199 976
199 737
199 700
199 336
199 594
199 956
199 856
199 895
199 365
199 975
200 856
200 366
200 925
200 954
200 726
200 877
200 478
200 225
200 965
200 390
200 621
200 705
200 932
200 589
200 703
200 202
200 204
200 470
200 734
200 742
200 507
200 695
200 865
201 438
201 415
201 442
201 322
201 760
201 895
201 362
201 554
201 338
201 358
201 367
202 411
202 520
202 366
202 999
202 768
202 261
202 842
202 786
202 887
202 726
202 478
202 204
202 472
202 645
202 742
202 904
202 394
202 734
202 221
202 470
202 383
202 978
202 992
202 750
202 775
202 854
202 637
202 951
202 849
202 286
202 550
202 532
202 628
202 792
202 284
202 405
202 824
202 723
202 739
202 943
203 809
203 648
203 277
203 406
203 942
203 695
203 312
203 964
203 996
203 727
204 290
204 913
204 261
204 775
204 383
204 904
204 954
204 221
204 877
204 225
204 734
204 750
204 842
204 470
204 981
204 992
204 204
204 965
204 472
204 228
204 255
204 717
204 561
204 259
204 554
204 582
204 987
204 344
204 804
204 574
204 260
204 742
204 957
204 446
205 934
205 541
205 871
205 640
205 714
205 694
205 448
205 977
205 991
205 608
206 900
206 539
206 677
206 812
206 589
206 681
206 344
206 426
206 422
206 279
206 420
206 480
206 489
206 762
206 559
206 783
206 806
207 470
207 481
207 279
207 312
207 896
207 673
207 680
207 822
207 957
207 446
207 706
207 207
207 540
207 823
207 314
207 721
207 608
207 552
207 941
208 465
208 562
208 647
208 731
208 483
208 833
208 440
208 508
208 634
208 993
208 800
208 215
208 481
208 947
208 914
209 323
209 516
209 908
209 660
209 524
209 243
209 779
209 849
209 216
209 620
210 420
210 976
210 312
210 799
210 673
210 494
210 210
210 968
210 566
210 359
210 478
210 437
210 499
211 898
211 388
211 285
211 432
211 989
211 387
211 574
211 225
212 372
212 770
212 335
212 903
212 648
212 400
212 277
212 964
212 837
212 831
212 529
213 313
213 436
213 627
213 526
213 789
213 417
213 801
213 289
213 217
213 406
214 779
214 780
214 523
214 548
214 467
214 761
214 753
214 483
214 763
214 675
214 896
215 897
215 647
215 548
215 825
215 704
215 562
215 769
215 238
215 440
215 729
215 854
215 231
215 818
215 635
215 215
215 582
215 221
215 784
215 717
215 565
215 349
215 492
215 359
215 915
215 486
215 910
215 995
216 291
216 650
216 956
216 501
216 801
216 826
216 516
216 908
216 782
216 660
216 788
216 902
216 770
216 308
216 400
216 352
216 620
216 657
217 279
217 801
217 289
217 693
217 571
217 573
217 335
217 466
217 985
217 936
217 433
217 614
217 811
217 338
217 503
217 406
217 439
217 598
218 520
218 742
218 259
218 809
218 218
218 979
218 413
218 738
218 956
218 890
218 491
218 477
218 224
218 379
218 406
218 596
219 693
219 528
219 404
219 792
219 940
219 570
219 325
219 966
219 366
219 457
219 241
219 663
220 278
220 290
220 677
220 681
220 451
220 885
220 795
220 382
220 923
220 992
220 859
220 480
220 489
220 221
220 961
220 952
220 893
220 303
221 915
221 913
221 768
221 261
221 786
221 394
221 954
221 470
221 750
221 221
221 310
221 667
221 237
221 805
221 346
221 780
221 243
221 612
221 538
222 393
222 763
222 664
222 896
222 827
222 735
222 608
222 460
222 815
222 530
222 924
222 511
223 653
223 559
223 552
223 436
223 322
223 452
223 878
223 367
223 418
223 404
223 538
224 313
224 885
224 544
224 698
224 809
224 487
224 259
224 459
224 616
224 606
224 979
224 835
224 951
224 477
224 864
224 414
224 675
224 348
224 519
224 379
224 554
224 413
224 738
224 359
224 872
224 503
224 233
224 946
224 580
224 341
224 593
224 506
224 783
224 282
224 790
224 634
224 383
224 584
224 718
224 355
224 903
224 679
225 387
225 261
225 520
225 366
225 742
225 473
226 315
226 826
226 271
226 806
226 975
226 859
226 371
226 419
226 683
226 363
226 471
226 607
226 360
226 757
226 733
226 312
226 434
226 405
226 359
226 721
226 995
226 852
227 969
227 606
227 379
227 964
227 347
227 736
227 895
227 630
227 977
228 257
228 267
228 803
228 632
228 286
228 533
228 348
228 677
228 993
229 432
229 638
229 673
229 680
229 829
229 392
229 663
230 265
230 778
230 267
230 532
230 794
230 294
230 292
230 421
230 239
230 409
230 760
230 351
230 754
230 700
230 507
230 868
231 265
231 442
231 897
231 671
231 548
231 562
231 481
231 483
231 969
231 745
232 927
232 553
232 517
232 391
232 392
232 913
232 559
232 567
232 700
232 856
232 760
232 801
233 602
233 291
233 393
233 585
233 418
233 853
233 738
233 616
233 379
233 767
233 896
234 267
234 249
234 383
234 306
234 646
234 404
234 792
234 802
234 772
234 940
234 680
235 887
235 322
235 644
235 405
235 287
235 307
235 828
235 848
235 598
235 615
235 250
235 771
235 746
235 955
235 368
235 240
235 590
235 654
235 468
235 905
235 817
235 262
235 241
235 657
235 258
235 852
235 473
235 626
235 714
235 841
235 816
235 305
235 725
235 285
235 838
235 913
236 275
236 910
236 644
236 911
236 657
236 598
236 473
236 746
236 865
236 828
236 262
236 457
236 307
236 712
236 983
236 994
236 354
237 666
237 936
237 266
237 787
237 670
237 536
237 574
237 767
238 777
238 523
238 671
238 825
238 637
238 682
238 320
238 889
238 635
238 571
238 524
238 583
238 673
239 776
239 451
239 760
239 404
239 792
239 325
239 970
239 831
239 803
240 678
240 258
240 905
240 828
240 473
240 614
240 615
240 393
240 925
240 630
240 579
240 977
240 566
241 338
241 469
241 630
241 911
241 614
241 435
241 649
241 305
242 388
242 285
242 432
242 437
242 441
242 313
242 602
242 619
242 580
242 480
242 637
242 889
242 570
243 387
243 302
243 649
243 540
243 801
243 279
243 451
243 262
244 409
244 313
244 322
244 385
244 902
244 910
244 401
244 558
244 730
244 347
244 993
244 638
244 821
244 908
244 876
245 249
245 687
245 389
245 787
245 320
245 364
245 492
245 949
245 643
245 748
245 292
245 520
245 952
245 683
245 893
245 767
245 977
246 620
246 277
246 942
246 695
246 964
246 340
246 866
246 787
246 888
247 809
247 656
247 325
247 950
247 975
247 859
247 663
247 317
247 575
247 320
247 334
247 364
247 893
248 878
248 489
248 304
248 520
248 470
248 726
248 770
248 671
249 901
249 922
249 666
249 674
249 690
249 563
249 329
249 350
249 881
249 829
249 882
249 599
249 349
249 711
249 733
249 912
249 346
249 337
249 676
249 980
249 553
249 857
249 617
249 596
249 944
249 575
249 369
249 415
249 467
249 486
249 816
249 824
249 306
249 997
249 634
249 964
250 639
250 569
250 349
250 551
250 538
250 435
250 468
250 865
250 747
250 879
251 665
251 539
251 291
251 332
251 589
251 480
251 743
251 847
251 850
251 491
252 900
252 777
252 790
252 536
252 290
252 677
252 426
252 960
252 451
252 463
252 743
252 489
252 618
252 762
253 294
253 589
253 845
253 650
253 410
253 667
253 858
253 703
253 808
253 783
253 655
253 664
253 276
253 323
253 508
253 855
253 934
253 976
253 801
253 453
253 580
253 575
254 520
254 436
254 832
254 322
254 452
254 338
254 984
254 760
254 635
255 517
255 913
255 429
255 980
255 619
255 971
256 904
256 369
256 399
256 908
256 962
256 849
256 448
256 411
256 870
256 516
256 651
256 357
257 632
257 533
257 506
257 803
257 545
257 269
257 464
257 298
257 267
257 948
257 998
257 911
258 594
258 722
258 783
258 362
258 828
258 654
258 657
258 771
258 990
258 536
258 364
258 403
258 909
258 307
258 848
258 974
259 898
259 597
259 503
259 413
259 373
259 947
259 424
259 979
259 776
259 640
259 809
259 319
259 835
259 853
259 379
259 893
259 896
259 890
260 661
260 260
260 396
260 988
260 275
260 465
260 390
260 434
260 878
260 913
260 972
260 486
260 620
260 590
261 509
261 768
261 904
261 978
261 775
261 992
261 765
261 770
261 534
261 733
261 709
261 612
261 520
261 786
261 877
261 954
261 470
261 696
261 629
261 825
261 300
261 277
262 599
262 760
262 826
262 360
262 615
262 712
262 642
262 988
262 911
262 538
262 572
262 598
262 473
262 865
262 746
262 747
263 430
263 898
263 387
263 388
263 285
263 637
263 420
263 318
263 296
263 755
263 653
263 541
263 594
263 751
263 547
263 308
263 402
263 711
263 411
263 432
263 819
263 313
263 709
263 846
263 602
263 862
263 704
263 359
263 400
264 292
264 961
264 699
264 672
264 264
264 358
264 665
264 746
264 415
264 935
264 322
264 338
264 984
264 760
264 853
264 342
264 547
264 747
264 907
265 512
265 938
265 395
265 715
265 288
265 267
265 532
265 794
265 619
265 479
265 700
265 418
265 985
265 822
266 441
266 762
266 801
266 516
266 908
266 886
266 651
266 531
266 849
266 352
266 612
266 930
266 893
267 512
267 794
267 754
267 998
267 934
267 269
267 479
267 545
267 430
267 506
267 776
267 948
267 715
267 533
267 878
267 292
267 372
267 288
267 632
267 944
267 778
267 829
267 633
267 955
267 380
267 961
267 302
267 550
267 926
267 286
267 762
267 801
268 760
268 519
268 947
268 872
268 946
268 847
268 309
268 685
268 477
268 675
268 348
268 616
268 864
268 518
268 680
268 994
268 877
268 269
268 883
268 577
268 979
268 853
268 806
268 579
269 512
269 619
269 292
269 409
269 286
269 506
269 544
269 366
269 984
269 416
269 695
269 439
270 899
270 650
270 982
270 491
270 916
270 350
270 386
270 532
270 783
270 398
270 510
270 968
271 512
271 357
271 805
271 838
271 813
271 702
271 363
271 806
271 950
271 473
271 909
271 616
271 772
271 859
271 995
271 888
272 388
272 616
272 516
272 849
272 656
272 924
272 804
272 450
272 618
272 531
272 510
272 406
272 837
272 600
273 856
273 609
273 766
273 918
273 650
273 546
273 816
273 393
273 274
273 667
273 929
273 969
273 612
274 548
274 725
274 821
274 416
274 884
274 721
274 616
274 315
274 537
274 667
274 858
274 386
274 511
275 391
275 785
275 333
275 392
275 465
275 779
275 856
275 468
275 743
275 363
275 913
275 867
275 837
275 615
276 285
276 437
276 441
276 489
276 655
276 929
276 398
276 956
276 907
276 697
276 987
276 969
276 510
276 466
276 861
276 516
276 940
276 615
277 768
277 904
277 393
277 903
277 648
277 400
277 557
277 687
277 966
277 662
277 695
277 600
277 924
277 340
277 937
277 406
277 837
277 641
277 277
277 292
277 438
277 890
277 733
277 981
277 529
277 453
277 549
278 681
278 790
278 753
278 959
278 795
278 426
278 737
278 511
278 878
278 291
278 589
278 480
278 885
278 507
278 381
278 974
279 285
279 713
279 693
279 289
279 279
279 375
279 604
279 422
279 814
279 466
279 649
279 417
279 469
279 611
279 623
279 433
279 504
279 666
279 723
279 595
279 703
279 295
279 540
279 801
279 985
280 857
280 775
280 626
280 384
280 449
280 634
280 300
280 484
280 797
280 738
280 668
280 936
280 571
280 713
280 462
280 466
280 469
280 353
281 602
281 690
281 391
281 567
281 739
281 384
281 521
281 595
281 688
281 633
281 799
281 482
281 761
281 743
281 412
281 673
281 708
282 945
282 442
282 874
282 310
282 372
282 768
282 813
282 555
282 446
282 708
282 974
283 551
283 287
283 328
283 303
283 669
283 455
283 799
283 680
284 825
284 650
284 655
284 783
284 884
284 716
284 919
284 858
284 491
284 510
284 738
284 504
284 298
284 931
285 898
285 989
285 285
285 314
285 933
285 602
285 862
285 691
285 541
285 574
285 313
285 388
285 653
285 305
285 382
285 622
285 318
285 336
285 301
285 321
285 669
285 618
285 565
285 707
285 818
285 296
285 686
285 819
285 637
285 567
285 965
285 367
285 847
285 508
285 528
285 813
286 372
286 395
286 754
286 292
286 794
286 944
286 878
286 341
286 330
286 811
286 632
286 506
286 686
286 510
287 525
287 338
287 385
287 466
287 634
287 940
287 806
287 644
287 405
287 538
287 307
287 614
287 852
287 828
287 564
287 886
287 386
287 753
287 574
287 572
287 865
288 512
288 776
288 778
288 532
288 794
288 715
288 421
288 758
288 981
288 904
288 909
288 568
288 803
288 521
288 828
289 956
289 801
289 936
289 342
289 469
289 705
289 611
289 814
289 289
289 361
289 392
289 909
289 773
289 571
289 466
289 985
289 684
290 536
290 290
290 543
290 665
290 923
290 646
290 375
290 483
290 677
290 451
290 463
290 489
290 477
290 644
290 793
290 595
291 344
291 665
291 291
291 618
291 543
291 509
291 639
291 743
291 451
291 795
291 624
291 536
291 777
291 539
291 480
291 960
291 589
291 986
291 463
291 295
291 400
291 741
291 567
291 359
291 659
291 766
291 938
291 730
291 438
291 736
291 885
291 762
291 455
291 647
291 528
291 970
291 317
291 968
292 512
292 515
292 532
292 411
292 857
292 802
293 734
293 699
293 845
293 597
293 610
293 427
293 993
293 558
293 347
293 638
293 722
293 875
293 723
293 401
293 660
293 908
293 792
293 887
293 662
293 605
293 400
293 822
294 776
294 527
294 532
294 794
294 572
294 718
294 506
294 993
294 410
294 848
294 673
295 720
295 790
295 677
295 543
295 437
295 301
295 916
295 463
295 480
295 885
295 904
295 992
295 824
295 893
296 637
296 819
296 898
296 356
296 862
296 720
296 613
296 915
296 884
296 914
296 792
296 837
296 686
296 314
296 846
296 382
296 517
296 974
297 674
297 766
297 651
297 620
297 717
297 798
297 369
297 813
297 939
297 701
297 995
297 490
297 566
298 762
298 520
298 766
298 792
298 802
298 630
298 508
298 772
298 940
298 950
299 496
299 415
299 330
299 299
299 984
299 436
299 699
299 338
299 659
299 483
299 588
299 955
299 949
299 442
299 322
299 929
299 962
299 707
300 489
300 624
300 783
300 853
300 801
300 422
300 320
300 931
300 571
300 449
300 466
300 985
300 983
301 550
301 447
301 696
301 377
301 648
301 504
301 404
301 792
301 428
301 764
301 380
302 681
302 385
302 850
302 722
302 728
302 695
302 561
302 315
302 993
302 739
303 748
303 673
303 680
303 708
303 595
303 706
303 688
303 412
303 529
303 446
303 963
303 974
304 927
304 674
304 881
304 550
304 768
304 690
304 350
304 351
304 349
304 562
304 836
304 746
305 411
305 541
305 420
305 382
305 989
305 475
305 640
305 437
305 720
305 344
305 897
306 391
306 650
306 416
306 929
306 703
306 626
306 874
306 858
306 491
306 964
306 404
307 998
307 517
307 810
307 367
307 789
307 508
307 911
307 538
307 879
307 718
307 636
307 746
307 712
307 362
307 886
307 626
307 522
307 793
307 975
307 999
307 747
307 719
308 520
308 830
308 805
308 588
308 425
308 551
308 689
308 349
308 508
308 494
308 911
309 539
309 520
309 377
309 414
309 809
309 864
309 379
310 677
310 650
310 908
310 641
310 865
310 799
310 673
310 807
310 708
311 404
311 919
311 792
311 802
311 554
311 856
311 320
312 797
312 693
312 903
312 695
312 937
312 324
312 400
312 862
312 607
312 817
312 964
313 411
313 432
313 437
313 622
313 443
313 755
313 356
313 574
313 637
313 602
313 382
313 313
313 691
313 387
313 420
313 898
313 933
313 989
313 751
313 336
313 495
313 787
313 793
313 631
313 886
313 641
313 638
313 916
313 992
313 906
313 903
313 551
314 898
314 819
314 541
314 720
314 653
314 984
314 980
314 609
314 965
314 470
314 500
314 908
314 964
315 470
315 910
315 401
315 824
315 902
315 723
315 456
315 953
315 426
315 680
315 668
315 845
315 722
315 597
315 347
315 903
315 679
315 320
315 799
316 517
316 391
316 913
316 932
316 567
316 750
316 845
316 469
316 802
317 787
317 921
317 759
317 793
317 941
317 879
317 331
317 575
317 893
317 485
318 898
318 388
318 437
318 602
318 618
319 934
319 689
319 809
319 477
319 454
319 503
319 424
319 348
319 997
319 642
319 861
319 802
319 580
319 853
319 502
319 379
319 343
320 743
320 792
320 701
320 643
320 793
320 949
320 958
320 575
320 389
320 663
320 928
320 941
320 568
320 400
320 545
320 628
320 978
320 801
320 330
320 357
320 707
320 579
320 893
320 807
321 730
321 528
321 404
321 665
321 452
321 638
321 381
321 991
321 708
322 515
322 906
322 699
322 498
322 442
322 415
322 374
322 781
322 436
322 338
322 935
322 358
322 961
322 669
322 895
322 591
322 721
322 500
322 984
322 832
322 689
322 322
322 552
322 672
322 760
322 658
322 458
322 907
322 845
322 751
322 375
322 953
322 646
322 759
322 667
322 452
322 367
322 404
322 473
323 906
323 781
323 658
323 415
323 672
323 935
323 689
323 436
323 454
323 416
323 452
323 367
323 414
323 580
324 775
324 797
324 648
324 406
324 937
324 695
324 426
324 381
324 476
324 727
325 791
325 919
325 970
325 940
325 678
325 798
325 967
325 792
325 749
325 570
325 670
325 996
325 784
325 740
325 709
325 531
325 600
325 603
325 902
325 952
325 955
326 617
326 799
326 555
326 822
326 565
326 338
326 798
326 749
327 332
327 774
327 535
327 674
327 550
327 690
327 569
327 829
327 881
327 711
327 922
327 980
327 944
327 517
327 565
327 536
327 329
327 857
327 733
327 349
327 474
327 895
327 521
327 576
328 948
328 988
328 540
328 466
328 497
328 680
328 822
328 566
328 708
329 674
329 901
329 443
329 344
329 716
329 350
329 822
330 415
330 452
330 442
330 357
330 500
330 760
330 416
331 750
331 386
331 524
331 908
331 397
331 353
331 886
332 613
332 677
332 426
332 451
332 743
332 665
332 697
332 335
332 991
332 480
332 402
333 778
333 691
333 391
333 525
333 913
333 429
333 559
333 567
333 988
333 689
333 440
333 612
333 771
333 955
334 954
334 792
334 787
334 575
334 707
334 428
334 358
334 700
334 374
334 680
335 722
335 477
335 526
335 936
335 434
335 484
335 335
335 801
335 634
335 498
335 382
335 888
335 817
336 898
336 387
336 933
336 432
336 846
336 637
336 509
336 963
337 637
337 774
337 676
337 829
337 666
337 711
337 797
337 617
337 417
338 978
338 935
338 436
338 452
338 415
338 883
338 689
338 810
338 672
338 659
338 358
338 741
338 654
338 504
338 367
338 760
338 991
339 803
339 686
339 674
339 416
339 620
339 787
339 917
339 579
339 474
339 866
339 893
340 695
340 964
340 656
340 400
340 497
340 439
340 893
340 727
340 859
340 608
341 602
341 972
341 801
341 861
341 516
341 620
342 624
342 384
342 801
342 571
342 634
342 765
342 490
343 856
343 771
343 714
343 977
343 570
343 794
343 908
343 990
343 991
343 608
343 888
343 566
344 790
344 795
344 677
344 557
344 994
344 743
344 489
344 885
344 762
344 775
344 385
344 416
344 809
344 828
345 599
345 910
345 820
345 845
345 722
345 728
345 730
345 678
346 619
346 432
346 674
346 676
346 690
346 716
346 617
346 730
346 403
346 540
346 370
346 879
346 963
347 401
347 820
347 875
347 796
347 609
347 463
347 659
347 993
347 892
348 674
348 552
348 414
348 809
348 554
348 358
348 654
348 477
348 405
349 451
349 774
349 674
349 676
349 563
349 829
349 922
349 711
349 881
349 980
349 550
349 894
349 939
349 515
349 368
349 612
349 589
349 647
350 948
350 443
350 674
350 690
350 599
350 891
350 901
350 367
350 626
350 941
350 975
350 395
350 617
350 586
350 852
351 535
351 674
351 569
351 901
351 954
351 814
351 368
351 605
351 559
351 646
351 608
352 391
352 913
352 516
352 651
352 962
352 531
352 756
352 800
352 386
352 788
352 542
352 352
352 681
352 431
352 535
352 470
352 354
352 743
352 620
352 942
352 931
352 680
353 391
353 552
353 477
353 386
353 542
353 849
353 863
353 796
353 397
353 651
353 962
353 516
353 921
353 701
353 612
353 620
353 595
354 832
354 404
354 792
354 970
354 842
354 412
355 769
355 523
355 671
355 562
355 440
355 833
355 357
356 411
356 541
356 933
356 432
356 846
356 720
356 602
356 382
356 795
356 554
356 919
356 614
357 613
357 829
357 534
357 849
357 660
357 620
357 399
357 386
357 756
357 962
357 357
357 577
357 435
357 693
357 668
358 552
358 810
358 699
358 832
358 591
358 698
358 984
358 436
358 442
358 500
358 758
358 498
358 639
358 727
358 965
358 465
358 835
358 849
359 409
359 691
359 467
359 414
359 809
359 554
359 979
359 549
359 735
359 869
360 675
360 522
360 836
360 592
360 930
360 551
360 995
360 666
360 546
360 468
360 896
360 673
361 739
361 404
361 896
361 827
361 582
361 714
361 977
361 608
361 888
362 474
362 436
362 828
362 615
362 418
362 368
363 652
363 809
363 837
363 407
363 930
363 806
363 975
363 905
363 828
364 678
364 852
364 643
364 835
365 959
365 700
365 413
365 414
365 577
365 853
365 847
365 615
365 545
365 528
366 515
366 637
366 775
366 520
366 904
366 786
366 750
366 925
366 887
366 765
366 734
366 645
366 842
366 366
366 981
366 726
366 478
366 877
366 730
366 398
366 737
366 890
366 577
366 789
366 988
366 949
366 622
366 383
366 965
366 470
366 742
366 640
366 511
367 658
367 415
367 442
367 699
367 452
367 374
367 669
367 721
367 500
367 883
367 758
367 832
367 744
367 913
367 922
367 999
367 994
367 990
367 562
367 929
367 623
367 648
368 465
368 592
368 598
368 473
368 865
368 852
368 955
368 746
368 457
368 560
368 468
368 538
368 718
368 435
368 654
368 657
368 977
368 415
368 391
368 881
368 885
368 687
368 400
369 515
369 415
369 540
369 801
369 571
369 466
369 985
369 764
370 506
370 846
370 932
370 802
370 970
370 530
370 404
370 837
371 550
371 806
371 551
371 701
371 581
371 490
371 805
371 723
371 899
371 514
371 888
372 515
372 532
372 794
372 545
372 625
372 927
372 641
372 938
372 672
372 461
373 809
373 577
373 477
373 738
373 898
373 486
373 379
374 415
374 442
374 984
374 760
374 947
374 466
374 730
374 964
374 590
375 543
375 559
375 728
375 414
375 384
375 801
375 693
375 571
375 623
376 401
376 427
376 561
376 845
376 722
376 730
376 993
376 638
376 397
376 528
377 766
377 416
377 929
377 969
377 724
377 821
377 808
377 884
377 403
377 597
377 579
377 534
377 865
378 643
378 663
378 949
378 568
378 789
378 481
378 710
378 893
378 991
379 480
379 398
379 418
379 853
379 477
379 685
379 413
379 414
379 606
379 577
379 454
379 847
379 675
379 616
379 519
379 868
379 809
379 502
379 580
379 554
379 835
379 448
379 738
379 600
379 485
379 740
379 440
379 981
379 920
379 904
379 516
379 481
379 396
379 471
379 719
380 472
380 902
380 537
380 684
380 943
380 958
380 475
380 405
380 893
380 565
381 829
381 404
381 792
381 678
381 836
381 593
381 802
381 528
381 709
381 900
381 510
381 897
381 435
382 898
382 388
382 653
382 432
382 437
382 443
382 846
382 602
382 691
382 420
382 751
382 933
382 382
382 720
382 637
382 877
382 689
382 715
382 557
382 979
382 739
382 440
382 954
382 942
382 475
383 900
383 775
383 520
383 877
383 768
383 726
383 954
383 507
383 470
383 632
383 730
383 863
383 796
383 913
383 528
383 746
383 990
384 694
384 510
384 417
384 466
384 433
384 526
384 634
384 484
384 722
384 970
384 746
384 428
384 649
384 936
384 985
384 714
385 711
385 971
385 730
385 875
385 463
385 870
385 401
385 722
385 745
385 556
385 572
385 920
386 638
386 745
386 397
386 871
386 497
386 886
386 800
386 531
386 677
386 944
386 875
386 958
386 516
386 908
386 788
386 620
387 387
387 411
387 686
387 432
387 443
387 407
387 905
387 911
388 653
388 819
388 755
388 720
388 392
388 730
388 411
388 420
388 686
388 432
388 443
388 602
388 862
388 736
388 887
388 825
388 899
388 497
389 879
389 767
389 431
389 492
389 643
389 943
389 453
389 579
389 663
389 844
389 707
389 787
389 905
389 750
389 904
389 646
389 793
389 893
390 602
390 988
390 788
390 819
390 507
390 717
390 827
390 977
390 608
390 888
391 532
391 517
391 851
391 779
391 737
391 567
391 391
391 525
391 447
391 923
391 474
391 976
391 465
391 856
391 559
391 926
391 972
391 867
391 661
391 694
391 814
391 494
391 484
391 582
391 745
391 790
391 895
391 988
392 447
392 517
392 451
392 741
392 652
392 856
392 571
392 549
393 897
393 763
393 825
393 467
393 697
393 671
393 704
393 752
393 818
393 741
393 804
393 795
393 487
393 548
393 481
393 610
394 567
394 520
394 734
394 942
394 931
394 954
394 470
394 992
394 742
394 906
394 436
394 466
395 512
395 515
395 776
395 794
395 803
395 427
395 915
395 948
395 671
395 847
395 710
396 589
396 517
396 779
396 567
396 987
396 968
396 652
396 913
396 694
396 700
396 636
396 475
397 482
397 729
397 516
397 908
397 745
397 631
397 531
397 788
397 651
397 825
397 945
397 507
397 577
397 399
397 843
397 849
397 612
397 784
398 899
398 667
398 929
398 969
398 614
398 846
398 891
399 774
399 524
399 908
399 745
399 399
399 817
399 537
399 788
399 886
399 663
400 481
400 899
400 903
400 450
400 942
400 584
400 966
400 406
400 687
400 656
400 727
400 804
400 815
400 474
400 466
400 684
400 594
400 557
400 837
401 567
401 626
401 875
401 953
401 627
401 638
401 728
401 824
401 427
401 597
401 610
401 725
401 723
401 739
401 971
401 846
401 981
401 596
401 541
401 982
401 778
401 924
401 859
401 408
401 467
401 516
401 568
401 935
401 694
401 561
401 730
401 993
401 416
401 827
402 825
402 843
402 975
402 865
402 896
402 841
402 931
402 973
402 991
402 869
402 402
402 572
402 944
402 945
402 714
402 977
402 608
403 650
403 884
403 703
403 770
403 839
403 808
403 783
403 416
403 929
403 969
403 554
403 405
404 528
404 630
404 678
404 996
404 556
404 836
404 670
404 967
404 404
404 592
404 593
404 764
404 792
404 530
404 798
404 405
404 920
404 649
404 871
404 519
404 974
404 914
404 802
404 772
404 970
405 674
405 911
405 657
405 953
405 831
405 817
405 590
406 463
406 897
406 745
406 631
406 600
406 804
406 679
406 648
406 549
406 557
406 450
406 880
406 504
406 445
406 584
406 641
406 942
406 662
406 727
406 837
406 521
406 924
406 909
406 507
406 593
406 802
406 469
406 896
406 846
406 649
406 916
406 695
406 964
406 439
406 579
407 507
407 456
407 450
407 646
407 749
407 593
407 798
407 407
407 563
407 495
407 678
407 772
407 940
407 970
407 592
408 637
408 960
408 589
408 951
408 660
408 723
408 788
408 620
408 445
409 998
409 411
409 432
409 989
409 622
409 935
409 649
409 497
409 437
409 602
410 559
410 650
410 770
410 982
410 501
410 884
410 735
410 868
410 615
410 906
410 667
411 720
411 653
411 541
411 709
411 637
411 437
411 789
411 696
411 681
411 648
411 733
411 933
411 686
411 432
411 602
411 558
411 456
411 899
411 534
412 856
412 874
412 721
412 724
412 847
412 617
412 799
412 673
412 680
412 822
412 566
413 904
413 675
413 948
413 809
413 554
413 853
413 872
414 969
414 835
414 685
414 847
414 868
414 554
414 414
414 830
414 853
414 620
415 829
415 768
415 520
415 658
415 758
415 629
415 500
415 669
415 591
415 452
415 455
415 699
415 984
415 672
415 436
415 832
415 945
415 516
415 840
415 962
415 965
415 794
415 855
415 613
415 926
415 733
415 931
415 558
415 562
415 696
415 760
416 650
416 770
416 783
416 667
416 982
416 766
416 808
416 892
416 546
416 821
416 724
416 969
416 655
416 839
416 929
416 899
416 703
416 664
416 510
416 918
416 858
416 850
416 914
416 563
416 757
416 722
416 635
416 960
416 633
417 686
417 713
417 604
417 510
417 801
417 693
417 571
417 462
418 744
418 691
418 658
418 487
418 477
418 946
418 864
418 554
418 424
418 454
418 616
418 968
418 718
418 958
418 601
418 809
418 580
418 853
418 606
418 462
418 620
418 490
418 575
419 801
419 529
419 930
419 838
419 806
419 578
419 465
419 526
419 709
419 551
419 939
419 702
420 541
420 594
420 691
420 898
420 443
420 709
420 658
420 686
420 432
420 819
420 437
420 862
420 588
420 896
421 512
421 776
421 778
421 803
421 430
421 677
421 567
421 872
421 538
422 649
422 801
422 987
422 985
422 713
422 937
422 465
422 566
423 725
423 727
423 513
423 930
423 806
423 955
423 642
423 701
423 876
423 714
424 945
424 667
424 969
424 738
424 802
424 516
424 859
424 809
424 448
424 580
424 612
424 582
424 461
425 785
425 906
425 534
425 792
425 802
425 930
425 806
425 551
425 859
426 777
426 790
426 539
426 480
426 429
426 903
427 723
427 597
427 628
427 983
427 795
427 636
427 561
427 953
427 730
427 993
427 667
427 929
427 802
428 933
428 548
428 876
428 917
428 663
428 475
429 989
429 932
429 785
429 851
429 458
429 652
429 923
429 559
429 703
429 922
429 711
429 607
429 835
429 465
429 988
429 562
429 611
430 515
430 532
430 803
430 808
430 876
430 954
430 486
430 670
430 958
431 637
431 658
431 849
431 684
431 787
431 431
431 855
431 664
431 949
431 579
431 893
432 898
432 437
432 637
432 602
432 653
432 691
432 751
432 709
432 720
432 574
432 755
432 622
432 819
432 613
432 933
432 862
432 471
432 718
432 889
432 450
432 623
432 896
432 584
432 707
432 871
432 757
432 625
432 762
432 559
432 792
433 480
433 801
433 936
433 780
433 748
433 826
433 985
433 791
434 854
434 993
434 649
434 861
434 526
434 909
434 571
434 985
434 620
434 583
435 743
435 856
435 965
435 782
435 644
435 538
435 908
435 810
435 721
435 828
435 572
435 473
435 865
435 879
436 915
436 895
436 832
436 658
436 669
436 552
436 629
436 672
436 591
436 699
436 498
436 779
436 844
436 854
436 661
436 499
436 452
436 788
437 686
437 622
437 441
437 594
437 755
437 819
437 637
437 709
437 691
437 443
437 933
437 460
437 851
437 514
437 542
437 598
437 588
437 846
437 720
437 602
437 862
437 613
437 789
437 565
438 536
438 539
438 438
438 777
438 470
438 463
438 480
438 489
438 762
438 657
439 548
439 752
439 528
439 792
439 817
440 732
440 769
440 952
440 526
440 833
440 853
440 879
440 575
441 898
441 653
441 686
441 541
441 820
441 846
441 602
441 550
441 466
441 727
441 764
441 822
442 720
442 567
442 658
442 552
442 760
442 945
442 669
442 781
442 883
442 891
442 551
442 505
442 446
442 910
442 530
442 772
442 592
442 869
443 989
443 691
443 574
443 593
443 742
443 846
443 637
443 700
443 448
443 595
444 892
444 921
444 793
444 495
444 546
444 827
445 481
445 942
445 903
445 632
445 964
445 837
446 624
446 673
446 807
446 464
446 612
446 751
446 791
446 974
447 913
447 559
447 700
447 837
447 674
447 856
447 867
447 801
447 841
448 480
448 913
448 470
448 459
448 957
448 577
448 853
448 864
448 942
448 896
449 954
449 540
449 693
449 571
449 849
449 610
449 791
449 985
449 611
449 588
449 807
450 519
450 903
450 695
450 964
451 512
451 900
451 665
451 677
451 753
451 601
451 539
451 480
451 743
451 624
451 575
451 470
451 629
451 589
451 489
451 885
451 659
451 524
452 906
452 455
452 698
452 883
452 498
452 758
452 961
452 984
452 760
452 552
452 935
452 452
452 672
452 659
452 970
452 948
452 489
452 888
452 912
452 568
452 859
452 796
452 804
452 662
452 828
453 716
453 954
453 528
453 861
453 535
453 893
453 767
454 479
454 751
454 856
454 809
454 554
454 477
454 693
454 970
454 764
454 673
455 659
455 935
455 895
455 961
455 721
455 500
456 601
456 716
456 954
456 561
456 722
456 626
456 610
456 910
456 723
456 585
456 725
456 481
456 952
456 915
456 476
456 993
456 663
457 819
457 911
457 657
457 828
457 625
457 865
457 615
457 879
457 920
458 677
458 601
458 559
458 567
458 694
458 473
458 759
458 465
458 856
458 657
458 799
459 709
459 809
459 554
459 951
459 876
459 853
459 937
459 813
460 695
460 473
460 896
460 827
460 714
460 890
460 819
460 487
460 719
460 991
460 608
461 774
461 505
461 880
461 827
461 714
461 603
461 587
461 869
461 831
461 933
461 949
461 977
461 990
461 888
462 728
462 693
462 571
462 589
462 970
462 657
463 819
463 790
463 795
463 677
463 959
463 589
463 986
463 463
463 509
463 812
463 601
463 639
463 489
463 855
463 731
463 966
463 585
463 844
463 624
463 979
463 853
463 792
463 680
464 730
464 634
464 708
464 754
464 758
465 559
465 816
465 700
465 926
465 465
465 891
465 539
465 676
465 697
465 910
465 834
465 473
466 625
466 783
466 853
466 693
466 936
466 713
466 814
466 634
466 469
466 571
466 573
466 611
466 484
466 705
466 826
466 861
466 530
466 942
466 631
466 947
467 897
467 647
467 825
467 562
467 889
467 697
467 769
467 731
467 770
467 690
467 783
467 880
467 684
467 579
468 549
468 930
468 911
468 538
468 712
468 599
468 983
468 865
468 614
468 879
468 840
468 708
469 801
469 571
469 526
469 760
470 842
470 954
470 925
470 507
470 992
470 742
470 478
470 981
470 887
470 904
470 786
470 765
470 734
470 550
470 819
470 923
470 519
470 538
470 830
470 844
470 997
470 629
470 585
470 580
470 678
471 486
471 670
471 737
471 787
472 716
472 514
472 842
472 965
472 636
472 970
472 484
472 837
473 676
473 850
473 577
473 905
473 911
473 657
473 828
473 771
473 852
473 718
473 590
473 572
473 644
473 747
473 955
473 937
473 740
473 639
473 534
473 479
473 865
474 479
474 856
474 913
474 923
474 694
474 652
474 779
474 830
474 507
474 592
475 766
475 843
475 643
475 575
475 707
475 949
475 941
475 917
475 994
475 793
475 823
475 692
475 935
475 901
475 729
475 836
475 893
475 608
476 561
476 739
476 767
476 668
476 799
477 512
477 738
477 835
477 951
477 864
477 873
477 487
477 947
477 868
477 979
477 710
477 877
477 993
477 721
477 697
478 676
478 954
478 750
478 840
478 849
478 976
478 758
478 903
478 504
479 776
479 778
479 527
479 482
479 934
479 948
479 794
479 878
479 506
479 621
479 986
479 989
479 731
479 898
479 900
479 650
480 777
480 539
480 665
480 959
480 536
480 601
480 681
480 762
480 624
480 589
480 677
480 812
480 916
480 896
480 569
480 679
480 846
480 802
480 663
480 489
480 618
480 726
480 552
480 693
480 977
480 822
481 897
481 671
481 833
481 763
481 825
481 635
481 952
481 609
481 854
481 523
481 505
481 769
481 731
481 647
481 696
481 520
481 925
481 646
481 973
481 628
481 990
481 483
481 486
481 723
482 732
482 593
482 697
483 548
483 635
483 704
483 752
483 523
483 785
483 943
483 789
483 720
483 889
483 502
484 948
484 618
484 674
484 558
484 540
484 693
484 826
484 573
485 954
485 631
485 896
485 920
485 608
485 888
485 485
485 866
485 807
485 623
485 890
486 711
486 897
486 647
486 548
486 562
486 780
486 704
486 569
486 712
487 675
487 809
487 951
487 853
487 997
487 730
487 616
487 802
488 513
488 806
488 701
488 995
488 590
488 720
489 898
489 539
489 601
489 677
489 777
489 543
489 753
489 959
489 639
489 624
489 960
489 681
489 885
489 589
489 900
489 736
489 743
489 812
489 604
489 934
489 768
489 738
489 607
489 504
489 512
489 974
490 695
490 837
490 702
490 975
490 859
490 760
490 705
490 869
490 914
490 827
491 650
491 783
491 969
491 682
491 491
491 766
491 916
491 858
491 819
491 882
491 793
491 958
491 579
491 892
492 763
492 787
492 684
492 949
492 958
492 707
493 512
493 601
493 671
493 896
493 977
493 991
493 894
494 673
494 807
494 566
494 581
495 548
495 800
495 621
495 896
495 931
495 977
495 991
495 888
496 535
496 927
496 666
496 690
496 569
496 617
496 912
496 733
496 829
496 716
496 882
496 520
496 859
496 982
496 626
496 614
496 902
496 801
497 734
497 524
497 908
497 660
497 849
497 620
497 539
497 557
498 690
498 699
498 705
498 713
498 760
498 526
498 863
498 813
499 515
499 942
499 673
499 566
499 595
499 806
500 842
500 906
500 658
500 698
500 552
500 984
500 669
500 832
500 661
500 625
500 626
500 937
500 888
501 545
501 993
501 650
501 655
501 929
501 982
501 950
501 943
502 677
502 856
502 671
502 853
502 872
502 616
502 685
502 864
502 873
502 868
502 847
502 597
502 942
502 593
502 748
502 727
502 806
502 890
503 988
503 675
503 809
503 577
503 738
504 648
504 521
504 695
504 837
504 937
504 811
504 527
504 650
504 994
505 897
505 647
505 548
505 987
505 763
505 809
505 997
506 512
506 794
506 754
506 533
506 510
506 709
506 614
506 740
506 770
507 980
507 768
507 904
507 734
507 651
507 510
508 548
508 697
508 649
508 516
508 908
508 612
509 900
509 790
509 677
509 589
509 601
509 905
509 719
509 639
509 650
509 614
510 912
510 650
510 929
510 858
510 899
510 821
510 956
510 982
510 773
510 604
510 557
510 983
510 991
511 516
511 896
511 977
511 587
511 583
512 944
512 533
512 515
512 794
512 632
512 545
512 625
512 778
512 619
512 776
512 715
512 754
512 934
512 737
512 663
512 978
512 599
512 966
512 999
512 915
512 850
512 911
512 991
512 566
513 589
513 995
513 580
513 991
513 930
513 551
514 768
514 786
514 850
514 966
514 791
514 520
514 734
514 742
514 659
515 744
515 778
515 533
515 776
515 938
515 539
515 843
515 632
515 948
515 998
515 897
515 561
515 600
516 612
516 745
516 796
516 651
516 908
516 788
516 871
516 620
516 782
516 685
516 795
516 806
516 715
516 640
516 974
516 660
516 849
517 754
517 976
517 926
517 661
517 988
517 972
517 923
517 694
517 847
517 846
517 634
517 720
517 770
517 647
517 559
517 858
517 611
517 570
517 657
518 738
518 843
518 975
518 535
518 899
518 841
518 714
518 977
519 918
519 951
519 907
519 580
520 765
520 992
520 742
520 978
520 965
520 842
520 877
520 645
520 595
520 909
520 907
520 925
520 954
520 734
520 787
521 676
521 842
521 781
521 903
521 648
521 641
521 695
521 837
521 771
522 785
522 783
522 908
522 941
522 544
522 788
522 800
522 620
523 731
523 741
523 749
523 677
523 671
523 562
523 697
523 889
523 621
523 643
524 534
524 620
524 871
524 782
524 756
524 911
524 975
524 908
524 660
524 788
524 542
524 849
525 740
525 988
525 976
525 789
525 574
525 652
525 785
525 700
525 782
526 826
526 693
526 649
526 634
526 623
526 643
526 648
527 776
527 934
527 732
527 944
527 754
527 527
527 975
527 603
527 532
527 794
527 535
527 645
527 939
527 914
528 996
528 530
528 749
528 556
528 792
528 528
528 772
528 798
528 784
528 630
528 710
528 678
528 593
528 646
528 764
528 994
528 948
528 658
528 860
528 802
528 970
529 913
529 845
529 805
529 757
529 939
529 529
529 588
529 773
529 826
529 551
529 576
529 975
529 995
529 973
530 632
530 736
530 953
530 660
530 849
530 678
530 592
530 708
530 936
530 792
530 772
531 854
531 908
531 612
531 760
531 542
531 620
531 791
532 794
532 732
532 715
532 899
532 552
532 545
532 803
532 915
532 948
532 998
533 915
533 891
533 794
533 625
534 913
534 651
534 796
534 612
534 871
534 631
534 970
534 632
534 620
535 677
535 553
535 563
535 550
535 690
535 711
535 857
535 617
535 542
536 959
536 812
536 629
536 832
536 589
536 762
536 768
536 697
536 710
537 754
537 899
537 839
537 703
537 731
537 541
537 667
537 969
537 964
537 708
538 728
538 644
538 911
538 852
538 828
538 615
538 746
538 905
538 771
538 817
538 649
538 826
538 642
538 748
539 754
539 543
539 681
539 753
539 736
539 589
539 900
539 823
539 616
539 646
539 856
539 677
539 959
539 743
539 624
540 728
540 626
540 899
540 929
540 623
540 571
540 761
540 987
540 664
540 667
540 909
540 573
541 898
541 819
541 989
541 653
541 873
541 742
541 846
541 862
541 756
542 730
542 908
542 871
542 796
542 843
542 886
542 683
542 688
542 926
542 659
542 745
542 620
542 815
542 791
543 790
543 795
543 624
543 642
543 961
543 677
543 681
543 743
543 762
543 696
544 922
544 674
544 676
544 716
544 599
544 617
544 577
545 794
545 893
545 619
545 998
546 766
546 667
546 916
546 770
546 990
546 747
546 837
546 565
547 742
547 903
547 662
547 964
547 837
547 880
547 787
547 949
548 897
548 731
548 548
548 647
548 697
548 562
548 833
548 780
548 889
548 769
548 825
548 752
548 818
548 635
548 704
548 729
548 854
548 763
548 952
548 969
548 909
548 855
548 970
548 668
548 757
548 908
549 901
549 858
549 713
549 648
549 909
549 937
549 978
549 870
549 811
549 557
549 837
549 600
549 880
549 955
550 677
550 774
550 927
550 901
550 881
550 882
550 690
550 733
550 550
550 796
550 589
550 672
550 569
550 617
550 640
550 968
551 649
551 930
551 806
551 683
551 607
551 581
551 701
551 859
551 939
551 578
551 588
551 717
551 551
551 635
551 980
551 692
551 678
551 610
551 631
551 995
551 876
552 632
552 669
552 698
552 672
552 984
552 935
552 962
552 705
552 696
552 760
552 872
552 896
552 807
553 686
553 774
553 674
553 569
553 901
553 987
553 690
553 617
553 809
553 787
554 589
554 868
554 946
554 933
554 849
554 676
554 577
555 806
555 688
555 957
555 822
555 680
555 870
555 710
555 953
555 783
555 566
556 667
556 792
556 791
556 772
557 778
557 903
557 964
557 815
557 648
557 695
557 623
557 839
557 764
557 680
557 837
557 727
557 683
557 767
558 608
558 820
558 850
558 597
558 956
558 620
559 777
559 913
559 785
559 816
559 926
559 844
559 699
559 700
559 972
559 856
559 835
560 795
560 833
560 561
560 801
560 911
560 657
560 817
560 583
560 572
560 865
561 902
561 728
561 993
561 610
561 638
561 824
561 971
561 723
561 875
561 626
561 702
561 874
561 799
561 598
561 994
561 730
562 897
562 647
562 731
562 818
562 825
562 763
562 562
562 869
562 923
562 729
562 985
563 774
563 674
563 563
563 709
563 754
563 829
563 711
563 980
563 617
563 897
563 952
563 809
563 685
563 970
563 930
564 742
564 722
564 772
564 644
564 852
564 710
564 848
564 598
564 865
565 571
565 701
565 799
565 680
565 708
565 833
565 566
565 974
566 674
566 641
566 615
566 673
566 807
566 799
566 708
566 642
566 706
566 567
567 913
567 932
567 700
567 851
567 923
567 785
567 816
567 856
567 572
567 831
567 877
567 992
567 854
568 989
568 659
568 833
568 643
568 684
568 943
568 958
568 579
568 583
568 893
568 767
569 774
569 674
569 877
569 856
570 927
570 802
570 772
570 749
570 798
570 570
570 970
570 821
571 776
571 713
571 628
571 797
571 814
571 801
571 573
571 761
571 985
571 634
571 693
571 861
571 611
571 826
571 571
571 619
571 720
571 782
571 970
571 784
571 678
571 773
571 586
571 886
572 911
572 828
572 879
572 955
572 597
572 854
572 766
572 837
572 865
572 991
573 936
573 826
573 623
573 604
573 856
573 966
573 808
573 974
574 898
574 653
574 686
574 720
574 602
574 722
574 802
575 643
575 793
575 759
575 840
575 787
576 773
576 813
576 683
576 576
576 702
576 701
576 834
576 855
576 598
576 797
576 618
577 959
577 809
577 947
577 873
577 577
577 979
577 951
577 930
577 843
577 790
577 917
577 853
577 695
578 988
578 734
578 930
578 701
578 598
579 624
579 630
579 787
579 943
579 663
579 844
579 823
579 917
579 707
579 840
579 755
579 714
579 745
579 813
580 675
580 616
580 873
580 685
580 951
580 739
580 771
580 847
580 853
580 872
581 969
581 806
582 690
582 975
582 888
582 640
582 622
582 591
583 721
583 970
583 928
583 767
583 844
583 759
583 958
583 643
583 894
583 705
583 609
583 840
584 617
584 739
584 675
584 903
584 648
584 942
584 695
584 802
585 699
585 845
585 799
585 708
586 899
586 801
586 936
586 826
586 814
586 975
586 954
587 678
587 764
587 896
587 990
587 888
588 743
588 813
588 717
588 686
588 714
588 977
589 677
589 736
589 681
589 885
589 900
589 589
589 601
589 959
589 960
589 618
589 812
589 790
589 986
589 596
589 898
589 936
589 798
589 639
589 700
589 608
590 885
590 897
590 929
590 911
590 657
590 955
590 590
590 865
590 614
590 746
590 888
591 777
591 935
591 734
591 653
591 650
591 764
591 714
592 695
592 919
592 792
592 772
592 836
592 970
592 678
592 940
592 758
593 597
593 784
593 802
593 772
593 836
593 970
594 819
594 613
594 863
594 829
594 602
594 618
594 690
594 985
594 662
595 901
595 872
595 673
595 894
595 780
596 635
596 789
596 817
596 896
596 920
596 827
596 977
596 601
596 991
597 725
597 739
597 820
597 960
597 703
598 696
598 644
598 817
598 712
598 636
598 848
598 612
598 686
598 909
598 639
598 865
598 840
598 991
599 674
599 676
599 829
599 893
600 795
600 903
600 648
600 942
600 695
600 883
600 851
600 772
601 602
601 677
601 959
601 977
601 686
601 743
601 624
601 762
601 667
601 615
602 898
602 686
602 846
602 709
602 637
602 602
602 819
602 622
602 882
602 689
602 870
602 780
602 969
603 862
603 792
603 911
603 931
603 841
603 990
603 991
604 801
604 693
604 985
604 654
605 774
605 676
605 857
605 922
605 936
605 617
605 993
605 929
605 835
605 640
605 714
606 675
606 809
606 616
606 657
606 859
607 818
607 773
607 806
607 947
607 995
608 880
608 896
608 991
608 668
608 973
608 869
608 888
608 907
608 914
608 640
608 915
608 793
608 753
609 897
609 825
609 704
609 874
609 612
610 762
610 780
610 896
611 649
611 693
611 826
611 994
611 805
612 863
612 782
612 962
612 660
612 871
612 855
612 620
613 898
613 846
613 910
613 713
614 775
614 658
614 828
614 865
614 817
614 848
614 636
614 747
614 718
614 911
614 857
614 628
614 674
614 933
614 914
614 741
614 764
615 648
615 772
615 657
615 771
615 852
615 905
615 636
615 639
615 634
615 879
616 774
616 853
616 872
616 616
616 617
616 930
616 664
616 859
617 774
617 901
617 922
617 927
617 690
617 857
617 676
617 881
617 666
617 882
617 891
617 829
617 811
617 959
617 952
617 956
617 713
617 919
617 821
617 694
617 953
617 730
617 995
617 890
618 790
618 677
618 871
618 906
618 696
618 788
618 888
618 673
619 778
619 944
619 878
619 739
619 713
619 974
619 632
619 915
619 666
619 836
619 680
620 913
620 675
620 800
620 962
620 631
620 796
620 782
620 863
620 788
620 855
620 660
620 942
620 720
620 712
620 924
621 788
621 695
621 806
621 813
621 830
622 898
622 686
622 819
622 760
622 908
623 801
623 693
623 824
623 941
624 790
624 677
624 812
624 795
624 885
624 736
624 777
624 639
624 664
624 626
624 969
625 778
625 878
625 948
625 863
625 805
625 734
625 958
626 845
626 993
626 722
626 718
626 995
627 722
627 850
627 877
627 660
627 921
628 762
628 877
628 649
628 859
628 951
628 908
628 695
628 644
629 672
629 935
629 760
629 942
629 970
629 873
629 977
629 729
629 780
629 670
630 660
630 784
630 772
630 940
630 915
630 973
631 781
631 638
631 849
631 815
631 695
631 746
631 958
632 948
632 878
632 967
632 785
632 656
632 690
632 932
633 862
633 680
633 708
633 974
634 713
634 965
634 911
635 915
635 671
635 898
635 850
636 726
636 669
636 886
636 828
636 874
636 963
637 819
637 755
637 709
637 943
637 706
637 772
638 902
638 722
638 730
638 993
638 723
638 719
638 792
638 684
639 677
639 753
639 767
639 776
639 955
639 863
639 805
639 977
640 776
640 733
640 877
640 845
640 896
640 906
640 991
640 888
640 799
641 898
641 857
641 700
641 936
641 662
641 924
641 937
641 756
641 999
641 971
641 903
641 648
641 695
641 964
642 897
642 809
642 784
642 673
642 807
643 760
643 707
643 941
643 759
643 840
643 713
643 975
643 882
643 684
643 893
644 852
644 718
644 902
644 944
644 657
644 817
644 747
644 879
645 775
645 877
645 847
645 788
646 842
646 656
646 798
646 970
646 725
646 911
646 786
646 705
646 784
646 792
646 802
646 678
646 772
646 836
647 895
647 897
647 854
647 909
647 837
647 848
647 671
647 874
648 672
648 942
648 880
648 964
648 656
648 648
648 695
648 966
648 679
648 777
648 748
648 667
648 863
648 780
648 837
648 727
648 955
649 790
649 959
649 705
649 985
649 987
649 932
649 669
649 999
649 942
650 918
650 808
650 724
650 839
650 682
650 703
650 858
650 916
650 766
650 969
650 664
650 783
650 770
650 892
650 821
650 669
650 805
650 975
650 803
650 654
650 692
650 812
650 929
651 697
651 800
651 942
652 972
652 820
652 987
652 700
652 988
652 655
653 755
653 846
653 673
654 774
654 657
654 672
654 842
654 911
654 828
654 865
655 916
655 884
655 899
655 808
655 773
655 822
655 933
655 814
655 918
655 957
656 923
656 847
656 733
656 695
656 964
656 837
657 664
657 983
657 828
657 718
657 905
657 974
657 695
657 699
657 879
657 907
658 658
658 758
658 906
658 883
658 832
658 945
658 953
658 875
658 912
658 707
658 731
659 915
659 832
659 760
659 781
659 792
660 908
660 855
660 782
660 800
660 886
660 863
660 678
660 788
660 807
661 720
661 779
661 785
661 913
661 700
661 988
661 995
662 982
662 755
662 964
662 837
662 802
663 983
663 692
663 928
663 759
663 917
663 767
663 976
663 742
663 793
664 770
664 929
664 763
664 701
665 900
665 681
665 669
665 938
665 795
665 677
665 885
665 725
666 857
666 666
666 882
666 851
666 674
666 676
666 690
666 711
666 925
666 871
666 815
666 787
666 896
667 783
667 982
667 839
667 770
667 918
667 969
667 884
667 724
667 956
667 892
667 916
667 682
667 808
667 790
667 762
667 691
667 706
667 760
667 743
667 929
667 990
668 977
668 991
669 760
669 672
669 935
669 699
670 766
670 979
670 908
670 792
670 836
670 970
671 897
671 854
671 731
671 697
671 671
671 704
671 864
671 833
671 729
672 945
672 699
672 781
672 868
672 963
672 689
673 819
673 742
673 968
673 894
673 957
673 708
673 822
673 974
673 688
673 807
673 856
673 700
673 713
673 800
673 935
673 864
673 680
674 857
674 676
674 733
674 927
674 711
674 829
674 734
674 780
674 690
674 811
674 950
675 873
675 979
675 853
675 997
675 860
676 733
676 980
676 881
676 676
676 835
676 930
676 858
676 947
676 801
677 762
677 736
677 812
677 960
677 753
677 677
677 743
677 986
677 900
677 823
677 890
677 737
677 816
677 681
678 792
678 791
678 862
678 836
678 970
679 770
679 873
679 783
679 942
679 695
679 964
679 837
680 894
680 708
680 968
680 686
680 846
680 974
681 856
681 762
681 722
682 833
682 766
682 783
682 929
683 930
683 806
683 717
683 746
683 943
684 882
684 911
684 787
684 917
684 821
684 893
685 915
685 898
685 853
685 911
686 686
686 755
686 819
686 753
686 703
686 740
686 712
687 903
687 874
687 695
687 964
687 837
687 727
688 807
688 708
688 974
689 935
689 945
689 991
689 828
689 823
690 912
690 774
690 922
690 980
690 882
690 711
690 901
690 690
690 716
691 819
691 989
691 862
691 965
691 730
691 969
691 826
691 964
692 825
692 801
692 787
692 983
692 958
693 801
693 797
693 789
693 767
693 985
693 747
694 913
694 700
694 739
695 889
695 903
695 924
695 811
695 837
695 909
695 880
695 815
695 695
695 895
695 972
695 793
695 964
696 895
696 945
696 698
696 699
696 721
696 704
696 997
696 964
697 769
697 833
697 854
697 954
698 935
698 760
698 861
698 745
699 781
699 924
699 823
699 921
699 860
700 885
700 711
700 700
700 737
700 988
700 851
700 923
700 972
700 740
700 798
700 960
700 811
700 916
701 813
701 995
701 848
702 717
702 840
702 865
703 825
703 766
703 929
703 969
703 849
704 897
704 769
704 825
704 833
704 889
705 762
705 801
705 834
706 794
706 903
706 970
707 958
707 755
707 945
707 889
707 893
708 877
708 765
708 799
708 807
708 957
708 870
708 963
708 874
708 894
708 911
708 845
708 991
709 776
709 898
709 751
709 804
709 861
710 792
710 772
710 836
710 764
710 879
711 829
711 999
711 992
711 860
712 727
712 911
712 746
713 936
713 946
714 725
714 860
714 977
714 831
714 888
714 714
714 931
714 973
714 897
714 952
714 718
715 915
715 998
715 918
716 777
716 774
716 901
716 733
716 838
716 926
717 930
717 975
717 995
717 896
718 972
718 742
718 801
718 964
718 772
718 917
719 976
719 772
719 896
720 898
720 933
720 837
720 926
721 790
721 834
721 895
722 794
722 725
722 739
722 820
722 875
722 902
722 959
722 746
722 946
722 738
722 759
723 883
723 730
723 863
724 833
724 766
724 783
724 929
724 969
724 862
724 879
724 742
724 858
725 774
725 763
725 845
725 877
726 904
726 858
727 964
727 909
727 880
727 924
727 811
727 747
727 954
727 879
728 850
728 730
728 993
728 739
729 936
729 826
730 875
730 824
730 730
730 953
730 993
730 971
730 850
730 820
730 858
730 928
730 852
731 760
731 897
732 794
732 898
732 911
732 879
733 891
733 875
733 785
733 783
733 929
733 964
733 975
734 842
734 954
734 786
734 765
734 925
734 877
734 838
734 744
734 972
734 880
735 953
735 853
735 830
735 896
735 977
736 795
737 905
737 832
738 809
738 873
738 835
738 838
739 760
739 824
739 902
740 794
740 856
740 827
741 897
741 825
741 889
741 837
741 799
742 904
742 750
742 877
742 742
742 992
742 978
742 765
742 768
742 981
742 965
742 966
742 770
742 976
742 961
743 762
743 812
743 766
743 885
743 880
744 778
744 794
744 878
744 961
744 770
745 895
745 796
745 800
745 849
745 814
746 911
746 865
746 879
747 934
747 771
747 911
747 865
747 817
747 955
747 747
747 844
747 854
747 879
747 990
748 793
748 893
748 841
748 977
749 760
749 970
750 826
751 898
751 933
752 833
752 789
752 955
753 900
753 790
753 762
754 794
754 998
754 775
755 898
755 819
755 846
755 828
755 827
755 822
756 856
756 954
756 809
756 788
756 896
757 846
757 892
757 995
757 931
758 906
759 784
759 787
759 893
760 906
760 961
760 883
760 935
760 984
760 945
760 917
761 801
761 985
761 903
762 777
762 986
762 795
762 885
762 762
762 935
762 952
763 897
763 952
763 773
763 977
764 867
764 792
764 970
764 917
764 793
765 925
765 954
765 997
765 911
766 899
766 929
766 839
766 999
766 783
766 969
766 858
766 864
766 991
767 787
767 917
767 921
767 949
767 893
767 828
767 819
768 775
768 919
769 897
769 833
769 974
769 889
770 846
770 999
770 956
770 839
770 770
770 780
771 918
771 886
771 905
772 967
772 802
772 836
772 798
772 784
772 958
773 809
773 884
773 915
773 930
773 806
774 829
774 927
774 857
774 922
774 882
774 881
774 908
774 921
775 978
775 855
775 965
775 838
776 915
776 938
776 948
776 837
777 986
777 790
777 777
777 952
777 864
778 778
778 927
778 794
778 938
778 998
779 853
779 972
779 961
779 969
780 897
780 952
780 971
780 869
781 810
781 781
781 869
782 936
782 796
782 828
782 788
783 899
783 916
783 808
783 929
783 969
784 794
784 836
784 970
784 806
785 947
785 983
785 913
785 972
785 856
786 786
786 870
786 877
786 904
787 862
787 941
787 994
787 823
787 793
787 893
787 958
787 949
787 928
787 913
787 927
787 882
787 917
788 858
788 908
788 962
788 886
788 843
788 953
788 929
788 802
788 888
789 794
789 801
789 936
789 826
790 900
790 790
790 933
790 913
790 935
791 886
791 970
791 995
792 836
792 996
792 792
792 919
792 940
792 798
792 966
792 963
792 885
792 802
793 943
793 949
793 874
793 862
793 993
793 958
794 878
794 803
794 911
794 939
795 795
795 885
796 803
797 897
797 979
797 801
798 846
798 993
798 802
799 822
799 963
800 963
800 849
800 964
800 834
801 857
801 801
801 826
801 936
801 893
802 981
802 940
802 836
803 803
803 915
803 839
803 835
803 885
803 993
804 878
804 976
804 903
804 964
805 934
805 806
805 813
805 977
806 954
806 950
806 859
806 865
806 819
806 973
806 995
807 998
807 930
807 807
807 867
807 913
808 899
808 929
808 969
809 947
809 872
809 809
809 873
809 946
809 997
809 853
809 951
809 868
809 883
810 965
810 810
810 837
810 917
810 958
811 903
811 937
811 812
811 827
811 964
812 812
812 885
812 993
812 937
813 838
813 950
813 995
813 990
813 975
814 919
815 829
815 903
815 848
816 913
816 923
816 901
816 898
816 856
816 988
817 942
817 911
817 955
817 817
817 989
817 865
818 889
818 833
818 952
818 937
818 883
818 893
818 896
819 989
819 846
819 905
819 951
820 910
820 994
820 993
821 974
821 931
822 894
822 974
823 892
823 917
823 890
823 958
823 893
824 845
824 902
824 993
824 927
825 854
825 889
825 833
826 936
826 985
826 909
826 942
827 827
827 866
827 841
827 888
827 896
827 890
827 860
827 935
827 977
828 848
828 983
828 865
828 905
828 828
828 855
828 957
829 927
829 912
829 877
830 965
830 933
831 896
831 936
832 906
832 895
833 867
833 969
834 930
834 950
834 999
835 835
835 979
835 853
835 893
836 940
836 967
836 919
836 921
836 970
837 964
837 942
837 837
837 979
838 930
839 885
839 899
839 918
839 890
841 931
841 985
841 868
841 977
842 981
842 954
842 965
842 992
842 947
842 849
843 913
843 995
844 885
844 958
846 898
846 862
846 857
846 960
846 935
847 947
847 893
848 911
849 935
849 908
849 871
849 962
849 855
849 863
849 899
850 971
850 875
850 993
851 913
851 972
852 911
852 983
852 879
853 979
853 947
853 868
853 997
853 853
853 870
853 938
853 896
853 908
854 897
854 879
855 985
855 908
856 913
856 926
856 972
856 940
857 901
857 958
857 893
858 969
858 941
859 929
859 995
859 888
860 862
860 954
860 888
861 898
861 879
862 862
863 908
863 941
863 886
865 955
865 879
865 905
865 952
865 900
866 946
866 975
866 896
866 914
866 931
866 990
867 913
867 989
869 896
869 977
869 991
869 888
870 974
871 885
871 962
871 970
871 949
872 985
872 905
875 902
875 993
876 900
877 981
877 954
877 908
877 904
877 992
879 880
879 955
879 911
879 983
879 958
880 954
880 964
880 977
881 927
881 893
882 927
883 899
883 895
884 899
884 918
884 929
885 986
885 885
885 894
885 954
886 985
886 908
887 992
887 965
887 954
887 964
888 890
888 977
888 931
888 991
888 888
888 973
888 990
888 928
890 896
890 931
890 991
890 962
891 927
892 969
892 982
893 958
893 941
893 917
893 949
893 921
893 977
894 970
895 895
895 959
895 896
896 973
896 914
896 977
896 991
897 952
897 931
898 898
898 933
898 940
899 969
900 900
900 935
901 928
901 912
902 972
903 903
903 909
903 966
903 942
903 964
904 965
904 963
904 967
904 954
905 972
905 905
905 928
905 999
905 977
907 948
907 913
907 938
907 991
908 961
908 978
908 910
910 993
911 964
911 983
911 955
912 948
913 927
913 988
913 932
913 972
913 976
913 923
913 922
914 991
914 978
914 920
914 977
916 929
916 969
917 943
918 932
918 972
918 936
919 970
920 940
920 953
922 938
922 927
923 960
923 932
923 923
924 992
924 964
925 958
927 927
927 980
927 936
928 954
928 971
929 929
929 982
929 969
929 956
929 983
929 974
930 995
930 975
931 931
931 990
931 958
931 977
933 933
933 993
934 998
935 999
935 961
936 936
937 964
938 944
938 948
938 989
938 988
938 945
939 995
940 970
940 940
940 941
940 988
940 983
941 958
942 966
942 971
943 998
944 948
944 998
944 995
944 977
946 946
946 994
946 997
947 989
947 997
949 994
949 958
950 975
951 997
953 998
954 954
954 981
954 999
954 965
955 955
956 965
958 994
958 958
962 991
963 963
964 964
964 966
965 992
966 997
967 998
968 988
969 969
971 988
973 990
975 995
976 998
977 993
977 990
977 977
985 987
986 990
987 992
990 991
990 995
995 995
