15
5
11
11
18
0
0
10
9
6
13
4
4
6
19
11
17
16
8
7
8
19
15
15
14
16
19
19
17
19
11
8
18
9
4
16
18
10
9
10
7
2
3
15
4
7
16
11
11
14
0
0
15
14
4
7
7
5
12
3
7
19
9
11
13
14
16
11
9
9
13
2
3
18
17
11
12
10
1
15
0
14
3
14
18
2
18
13
14
3
3
2
4
0
13
8
16
10
15
5
1
7
11
19
11
11
19
17
5
12
13
18
3
3
14
6
7
7
8
1
16
7
3
5
8
1
13
8
8
17
10
19
17
7
15
6
8
19
5
1
10
4
19
17
5
19
19
19
4
15
4
18
17
11
12
16
9
3
2
17
12
3
9
1
11
16
10
14
2
17
18
2
9
0
7
11
7
3
15
16
6
14
10
3
16
5
15
7
18
16
5
18
1
2
2
18
18
5
4
16
19
0
19
4
19
5
9
3
7
17
3
10
4
12
7
7
17
12
6
15
9
19
5
0
6
19
2
4
8
3
8
7
16
6
15
1
1
13
7
15
1
1
10
12
11
13
4
13
19
18
1
9
9
14
0
16
17
8
1
6
16
19
1
10
0
8
17
8
6
8
14
2
4
14
14
16
14
4
9
12
12
3
3
3
14
10
8
1
8
12
9
9
8
11
8
9
10
2
15
0
12
15
11
3
18
10
14
1
2
6
3
15
4
10
10
11
16
13
10
6
13
15
0
0
4
15
3
18
3
18
0
17
9
16
13
12
10
18
0
13
4
17
12
5
9
11
18
11
6
18
18
18
17
17
15
7
10
17
0
6
2
5
1
2
13
6
19
0
1
12
15
2
8
6
0
12
11
14
13
6
13
15
10
19
12
11
17
10
10
13
5
16
16
7
19
8
16
17
14
17
4
11
5
14
15
1
4
15
17
10
14
10
3
6
6
0
14
12
6
2
10
8
12
2
6
2
9
11
13
16
8
13
10
12
12
1
0
10
9
15
7
10
0
10
13
4
3
16
6
12
4
9
0
13
6
0
11
1
16
6
5
5
12
9
3
16
12
7
1
12
19
2
19
1
16
13
3
6
19
8
9
7
8
7
12
5
7
6
2
9
2
14
13
5
3
5
18
17
0
3
0
14
6
6
4
7
8
19
17
9
14
5
8
2
19
8
17
16
5
6
19
4
17
7
17
16
12
8
15
2
15
17
8
8
17
18
9
14
1
9
12
10
17
9
18
8
14
4
7
4
18
2
0
18
6
3
15
4
11
16
1
11
7
18
1
3
3
16
13
18
15
12
1
12
10
13
2
6
2
13
6
2
5
13
4
11
12
5
2
9
1
0
15
15
10
3
5
11
1
18
4
9
10
5
12
18
6
2
5
7
11
12
17
10
1
1
6
18
9
8
17
2
10
12
9
8
11
11
12
0
15
17
8
3
12
7
1
10
11
9
5
4
3
13
1
19
15
7
4
12
14
17
16
10
1
14
4
1
0
0
17
16
4
13
14
9
18
14
5
0
15
7
0
3
18
6
18
9
15
4
3
9
14
2
13
6
10
4
3
0
18
10
13
12
16
4
0
7
0
0
16
2
2
14
7
12
3
13
3
10
15
18
1
12
5
8
18
2
1
5
10
0
11
11
14
11
19
4
11
7
11
7
8
18
19
5
9
16
6
11
16
7
19
9
8
17
1
1
13
15
19
10
7
9
8
10
17
2
0
13
0
12
9
7
15
19
14
13
19
7
14
1
15
2
18
19
8
9
8
16
7
0
17
14
15
16
19
13
17
12
9
15
15
13
8
9
17
12
15
3
17
12
15
8
4
2
2
3
14
6
0
4
9
2
12
4
16
1
7
10
11
14
3
13
11
7
12
5
1
18
2
5
0
7
2
6
15
4
2
14
13
5
19
17
13
11
10
6
1
17
11
16
1
6
7
17
16
18
14
2
5
12
10
17
6
1
5
16
6
5
3
17
6
6
3
11
2
19
8
1
4
18
18
0
14
9
17
19
5
7
5
18
14
13
3
0
5
7
10
14
9
18
11
4
19
1
0
5
17
4
11
1
18
16
5
8
14
13
14
15
5
13
18
16
4
19
16
18
13
14
2
5
16
10
8
0
12
4
8
2
15
13
4
13
8
0
6
6
8
13
2
6
7
11
19
1
14
3
13
9
9
0
17
3
4
19
4
15
3
14
15
11
16
5
3
2
16
5
19
6
18
19
14
1
0
12
9
12
16
10
5
5
19
11
13
2
15
6
8
19
