3
5
16
16
7
8
8
11
1
14
4
9
9
14
15
16
12
10
17
0
17
15
3
3
19
10
15
15
12
15
16
17
7
1
9
10
7
11
1
11
0
18
6
3
9
0
10
16
16
19
8
8
3
19
9
0
0
5
2
6
0
15
1
16
4
19
10
16
1
1
4
18
6
7
12
16
2
11
13
3
8
19
6
19
7
18
7
4
19
6
6
18
9
8
4
17
10
11
3
5
13
0
16
15
16
16
15
12
5
2
4
7
6
6
19
14
0
0
17
13
10
0
6
5
17
13
4
17
17
12
11
15
12
0
3
14
17
15
5
13
11
9
15
12
5
15
15
15
9
3
9
7
12
16
2
10
1
6
18
12
2
6
1
13
16
10
11
19
18
12
7
18
1
8
0
16
0
6
3
10
14
19
11
6
10
5
3
0
7
10
5
7
13
18
18
7
7
5
9
10
15
8
15
9
15
5
1
6
0
12
6
11
9
2
0
0
12
2
14
3
1
15
5
8
14
15
18
9
17
6
17
0
10
14
3
13
13
4
0
3
13
13
11
2
16
4
9
4
15
7
13
1
1
19
8
10
12
17
13
14
10
15
13
11
8
17
12
17
14
17
19
18
9
19
19
10
19
9
1
2
2
6
6
6
19
11
17
13
17
2
1
1
17
16
17
1
11
18
3
8
2
3
16
6
7
11
19
13
18
14
6
3
9
11
11
16
10
4
11
14
4
3
8
8
9
3
6
7
6
7
8
12
1
10
4
2
11
7
8
4
9
12
2
5
1
16
7
16
14
7
7
7
12
12
3
0
11
12
8
14
18
5
13
18
4
14
15
8
13
2
3
18
17
14
8
2
16
19
4
14
4
3
11
15
2
16
12
11
11
4
5
10
10
0
15
17
10
12
19
12
9
16
5
19
3
13
9
3
12
11
19
11
6
14
14
8
19
2
14
18
11
17
2
18
14
18
1
16
4
10
17
4
11
2
2
13
8
11
1
3
0
11
8
11
4
9
6
10
14
2
9
1
8
4
14
8
16
13
10
14
5
5
2
1
6
10
2
0
13
2
15
18
15
13
10
4
6
14
15
17
1
0
17
0
2
5
0
14
18
1
18
19
4
5
6
5
7
12
8
6
8
19
14
14
9
0
17
15
12
1
19
5
17
18
15
17
12
10
5
14
15
9
12
0
12
10
2
17
3
18
3
12
17
17
12
7
1
19
13
1
2
11
12
1
7
17
19
9
0
9
7
18
8
7
14
6
3
9
16
10
13
16
0
7
13
6
6
10
4
7
3
2
13
2
11
4
18
14
18
4
14
18
5
4
9
16
2
5
18
1
13
8
3
3
11
6
5
16
13
7
9
1
11
5
2
7
14
18
5
0
16
2
12
11
13
13
14
7
1
17
12
18
11
2
1
17
16
16
2
8
3
12
17
6
2
0
13
11
16
1
5
9
6
4
13
15
3
0
9
2
19
12
10
11
13
19
9
13
8
8
12
10
9
4
19
1
7
19
5
8
3
0
8
6
7
14
7
1
3
9
6
1
19
18
4
14
11
9
6
8
7
11
4
2
10
9
8
0
8
8
10
18
18
19
0
2
6
4
6
11
3
7
13
2
5
17
7
18
13
5
11
8
16
16
19
16
15
9
16
0
16
0
17
7
15
5
1
10
14
16
10
0
15
1
17
12
13
13
4
3
15
11
0
1
17
11
12
18
8
4
8
2
1
0
3
15
19
4
15
0
19
13
3
18
7
15
17
1
17
10
0
8
12
19
3
10
15
4
12
2
1
3
3
4
17
1
12
2
3
6
12
2
3
17
9
18
18
6
19
14
8
9
1
18
2
9
10
13
0
11
16
19
6
4
16
0
2
5
13
7
18
5
8
0
18
14
3
9
18
19
4
5
15
12
4
16
11
14
13
12
16
10
13
14
0
12
10
7
19
18
5
2
11
12
14
13
5
10
14
5
6
12
14
14
6
16
18
15
17
13
9
7
7
8
19
1
12
15
5
0
5
7
19
4
6
8
5
0
11
19
1
7
16
9
15
13
8
5
12
9
16
13
7
10
5
17
19
4
19
3
5
4
7
10
9
15
10
7
4
19
18
5
10
11
17
8
2
9
17
18
3
4
9
4
17
8
14
14
17
4
18
14
0
16
15
13
19
6
4
1
1
8
12
6
9
15
9
3
6
19
3
16
10
5
6
18
10
5
15
14
7
15
19
13
8
2
1
2
10
11
5
5
15
16
4
18
3
14
17
15
