3
18
5
5
0
15
15
12
13
8
6
9
9
8
4
5
2
16
14
17
14
4
3
3
1
16
4
4
2
4
5
14
0
13
9
16
0
12
13
12
17
7
19
3
9
17
16
5
5
1
15
15
3
1
9
17
17
18
11
19
17
4
13
5
6
1
16
5
13
13
6
7
19
0
2
5
11
12
10
3
15
1
19
1
0
7
0
6
1
19
19
7
9
15
6
14
16
12
3
18
10
17
5
4
5
5
4
2
18
11
6
0
19
19
1
8
17
17
14
10
16
17
19
18
14
10
6
14
14
2
12
4
2
17
3
8
14
4
18
10
12
9
4
2
18
4
4
4
9
3
9
0
2
5
11
16
13
19
7
2
11
19
13
10
5
16
12
1
7
2
0
7
13
15
17
5
17
19
3
16
8
1
12
19
16
18
3
17
0
16
18
0
10
7
7
0
0
18
9
16
4
15
4
9
4
18
13
19
17
2
19
12
9
11
17
17
2
11
8
3
13
4
18
15
8
4
7
9
14
19
14
17
16
8
3
10
10
6
17
3
10
10
12
11
5
6
9
6
4
0
10
13
13
1
15
16
2
14
10
8
16
4
10
12
15
14
2
14
8
14
1
7
9
1
1
16
1
9
13
11
11
19
19
19
1
12
14
10
14
11
13
13
14
5
14
13
12
7
3
15
11
3
5
19
0
12
1
10
7
8
19
3
9
12
12
5
16
6
12
8
6
3
15
15
9
3
19
0
19
0
15
2
13
16
6
11
12
0
15
6
9
2
11
18
13
5
0
5
8
0
0
0
2
2
3
17
12
2
15
8
7
18
10
7
6
8
4
15
10
11
3
7
14
8
15
11
5
1
6
8
6
3
12
4
11
5
2
12
12
6
18
16
16
17
4
14
16
2
1
2
9
5
18
1
3
10
9
3
2
12
1
12
19
8
8
15
1
11
8
7
12
14
11
7
8
7
13
5
6
16
14
6
12
11
11
10
15
12
13
3
17
12
15
12
6
9
19
16
8
11
9
13
15
6
8
15
5
10
16
8
18
18
11
13
19
16
11
17
10
11
4
7
4
10
16
6
5
8
4
14
13
17
14
17
11
18
17
8
7
13
7
1
6
18
19
18
0
2
15
19
15
1
8
8
9
17
14
4
2
13
1
18
14
7
4
14
2
16
18
8
4
9
2
17
2
16
11
14
3
7
3
2
14
14
2
0
13
1
10
13
11
12
2
13
0
14
1
9
17
9
0
7
15
0
8
19
3
9
5
16
10
5
17
0
10
19
19
16
6
0
3
11
10
11
12
6
7
8
7
6
8
7
18
6
9
5
11
18
7
13
10
15
3
3
12
19
18
5
10
0
9
13
12
18
11
0
8
7
18
17
5
11
2
12
10
10
8
0
13
14
2
7
12
11
13
14
5
5
11
15
3
2
14
19
11
17
10
12
5
13
18
9
19
6
10
4
3
17
9
11
1
2
16
12
10
1
9
10
15
15
2
16
9
6
1
13
0
1
18
15
3
17
15
19
0
8
0
13
3
9
19
13
1
7
6
8
12
9
19
15
0
12
6
11
16
9
15
17
15
15
16
7
7
1
17
11
19
6
19
12
3
0
10
11
18
14
0
7
10
18
12
15
5
5
1
5
4
9
5
17
5
17
14
0
4
18
13
16
8
5
16
17
4
13
14
2
10
10
6
3
4
12
17
13
14
12
2
7
15
6
15
11
13
17
3
4
1
6
4
17
1
10
3
7
0
4
14
13
14
16
17
15
2
1
3
16
4
6
2
11
13
3
3
6
14
13
2
11
3
19
2
11
3
14
9
7
7
19
1
8
15
9
13
7
11
9
16
10
17
12
5
1
19
6
5
17
11
18
10
0
7
18
15
17
7
8
3
9
7
1
6
18
4
2
6
5
12
8
10
2
5
16
10
8
17
2
16
0
1
7
18
11
12
2
8
10
18
16
8
18
19
2
8
8
19
5
7
4
14
10
9
0
0
15
1
13
2
4
18
17
18
0
1
6
19
15
18
17
12
1
13
0
5
9
4
10
15
18
2
9
5
10
0
16
18
14
1
6
1
3
18
6
0
16
9
4
16
0
6
1
7
18
16
12
14
15
11
9
14
7
3
6
9
6
14
15
8
8
14
6
7
8
17
5
4
10
1
19
6
13
13
15
2
19
9
4
9
3
19
1
3
5
16
18
19
7
16
18
4
8
0
4
1
10
15
11
13
11
16
12
18
18
4
5
6
7
3
8
14
4
